data;


param d:= 100;
param r:=5;
param p:=0.600000;
param M:=1000;
param U:=
         1         1        1.487109e+00
         2         1       -1.018674e+00
         3         1       -2.175584e+00
         4         1       -4.816657e-01
         5         1       -6.095730e-01
         6         1       -9.843163e-01
         7         1       -8.060562e-01
         8         1       -2.847670e-02
         9         1        6.480684e-01
        10         1       -2.654831e-01
        11         1       -4.936107e-01
        12         1       -5.840166e-01
        13         1        8.229909e-01
        14         1        7.254934e-02
        15         1       -1.570847e+00
        16         1        2.186876e-01
        17         1        1.126163e+00
        18         1        8.986835e-01
        19         1        7.163984e-01
        20         1        7.499652e-01
        21         1       -1.470233e+00
        22         1        6.643936e-01
        23         1       -6.101660e-01
        24         1        9.488916e-01
        25         1       -2.377656e-01
        26         1       -6.444002e-01
        27         1       -9.711998e-02
        28         1       -4.957661e-01
        29         1       -4.902169e-01
        30         1        1.065893e+00
        31         1       -1.035935e+00
        32         1       -1.126987e-02
        33         1        2.053557e-01
        34         1       -6.776015e-01
        35         1        9.241487e-01
        36         1       -6.114377e-01
        37         1       -1.767386e+00
        38         1       -3.869150e-01
        39         1       -3.044799e+00
        40         1       -1.470218e-01
        41         1       -8.458458e-01
        42         1       -2.326972e-01
        43         1        2.936828e-01
        44         1       -3.525751e-01
        45         1        1.596851e+00
        46         1       -1.357507e+00
        47         1       -2.527522e-01
        48         1        2.645562e-01
        49         1       -1.284317e-01
        50         1        9.146714e-02
        51         1       -1.709276e+00
        52         1       -9.576851e-01
        53         1        2.079105e+00
        54         1       -2.453124e-01
        55         1       -9.695852e-01
        56         1        5.651613e-01
        57         1       -1.642544e+00
        58         1       -6.080760e-02
        59         1       -1.886877e+00
        60         1        1.230045e+00
        61         1       -1.136100e+00
        62         1       -3.653814e-01
        63         1       -8.243265e-01
        64         1       -8.335141e-01
        65         1        2.138303e-01
        66         1       -8.674042e-01
        67         1        9.520161e-01
        68         1       -6.067672e-01
        69         1        9.242204e-01
        70         1       -1.011098e+00
        71         1        3.066815e-01
        72         1        1.387216e+00
        73         1       -9.463442e-01
        74         1        1.295385e+00
        75         1        3.784872e-01
        76         1        8.325958e-01
        77         1       -8.488452e-01
        78         1        1.383560e+00
        79         1        4.859381e-01
        80         1       -1.316612e+00
        81         1       -2.472760e-01
        82         1        5.024297e-01
        83         1        6.993979e-01
        84         1       -1.154532e+00
        85         1        1.138783e+00
        86         1       -9.580338e-01
        87         1        6.685438e-01
        88         1       -3.655019e-01
        89         1       -1.468523e+00
        90         1        2.758045e+00
        91         1       -9.828881e-01
        92         1        2.200653e-01
        93         1       -1.188581e-01
        94         1       -1.395051e+00
        95         1       -1.565184e+00
        96         1        2.064845e+00
        97         1        7.728983e-01
        98         1       -3.333305e-01
        99         1       -1.254118e+00
       100         1       -5.403013e-01
         1         2       -7.869065e-01
         2         2       -2.438201e+00
         3         2        9.686128e-01
         4         2       -1.065786e+00
         5         2       -1.305500e+00
         6         2       -2.220236e+00
         7         2        1.147687e-01
         8         2       -7.001129e-01
         9         2        2.443737e-01
        10         2       -1.586067e+00
        11         2       -1.009700e+00
        12         2        2.081136e+00
        13         2        2.609014e-01
        14         2       -6.351748e-01
        15         2       -3.206268e-01
        16         2       -2.101145e-02
        17         2        4.157597e-02
        18         2        5.166893e-01
        19         2        6.534108e-01
        20         2        3.479997e-01
        21         2       -5.196309e-01
        22         2       -2.851760e+00
        23         2        4.300678e-01
        24         2       -1.182742e+00
        25         2       -3.588946e-01
        26         2       -6.263594e-02
        27         2       -2.160837e-01
        28         2       -5.190226e-01
        29         2       -2.215936e+00
        30         2        4.839399e-01
        31         2        7.785910e-01
        32         2        4.088665e-01
        33         2        6.741377e-01
        34         2        7.528859e-01
        35         2       -5.067695e-01
        36         2        1.027164e-01
        37         2       -5.243327e-01
        38         2        1.186844e+00
        39         2        1.030130e+00
        40         2       -5.510190e-01
        41         2        1.205303e+00
        42         2       -3.579399e-01
        43         2       -7.917091e-01
        44         2       -3.088059e-01
        45         2       -1.274487e+00
        46         2       -3.882209e-01
        47         2        1.172993e+00
        48         2       -1.670339e-01
        49         2       -3.542497e-01
        50         2       -7.579067e-01
        51         2        4.869410e-01
        52         2       -6.847167e-01
        53         2        2.004048e-01
        54         2       -6.756108e-01
        55         2       -1.315730e+00
        56         2       -2.394842e-01
        57         2       -1.614465e+00
        58         2        1.949595e+00
        59         2       -6.060796e-01
        60         2       -1.635213e+00
        61         2        8.276017e-01
        62         2        3.070260e-01
        63         2        5.972588e-01
        64         2       -1.060310e+00
        65         2       -1.934863e+00
        66         2        8.958709e-01
        67         2        7.393035e-01
        68         2       -4.546506e-01
        69         2        8.759165e-01
        70         2        2.583381e-01
        71         2       -6.270480e-01
        72         2       -5.080262e-01
        73         2        5.413067e-01
        74         2       -2.829058e-01
        75         2       -6.304423e-01
        76         2       -2.877449e-01
        77         2        1.079005e+00
        78         2        8.134453e-01
        79         2        7.602969e-01
        80         2       -1.043273e+00
        81         2       -1.963348e-01
        82         2        5.446890e-01
        83         2       -1.396665e+00
        84         2        2.973187e+00
        85         2       -1.454810e-01
        86         2       -5.308065e-02
        87         2        1.096989e+00
        88         2        1.540855e+00
        89         2       -6.631423e-01
        90         2       -1.118450e+00
        91         2        8.450239e-02
        92         2       -1.914962e+00
        93         2       -1.230399e+00
        94         2       -1.492290e+00
        95         2       -8.566601e-01
        96         2       -4.424929e-02
        97         2        8.993580e-01
        98         2       -2.065974e+00
        99         2        1.586981e+00
       100         2       -2.038924e-01
         1         3        1.127348e+00
         2         3       -1.098490e+00
         3         3        1.018678e+00
         4         3        1.488759e+00
         5         3       -3.740797e-01
         6         3        1.100972e+00
         7         3        1.599424e+00
         8         3        3.291928e-01
         9         3        7.707338e-01
        10         3        1.418777e+00
        11         3        2.384168e-01
        12         3       -2.087490e+00
        13         3        8.621316e-01
        14         3       -6.894894e-01
        15         3        1.154569e+00
        16         3       -4.563550e-01
        17         3        1.555970e+00
        18         3       -1.455191e-01
        19         3        8.384731e-01
        20         3        6.067795e-01
        21         3        1.589773e-02
        22         3        1.002645e+00
        23         3       -1.802238e+00
        24         3        1.274213e-01
        25         3       -9.233209e-02
        26         3        7.742923e-01
        27         3       -1.147705e+00
        28         3       -9.271106e-01
        29         3       -2.388530e-01
        30         3        1.733030e+00
        31         3       -2.591279e-01
        32         3        1.189369e-01
        33         3       -6.888572e-01
        34         3       -1.945499e+00
        35         3        2.493019e-01
        36         3        1.952562e+00
        37         3       -7.862540e-02
        38         3       -1.923712e+00
        39         3       -7.349707e-01
        40         3       -7.686720e-01
        41         3       -6.032138e-01
        42         3        1.132175e-01
        43         3        5.312153e-01
        44         3        4.398010e-01
        45         3       -6.444376e-01
        46         3       -1.264931e+00
        47         3        3.304205e-01
        48         3       -6.668722e-02
        49         3        7.405105e-01
        50         3       -6.914910e-02
        51         3        1.345659e+00
        52         3        2.053602e-01
        53         3       -1.638068e+00
        54         3        2.108440e-01
        55         3       -3.901771e-01
        56         3       -1.668293e+00
        57         3        6.801098e-01
        58         3       -1.194900e+00
        59         3       -3.930230e-01
        60         3        8.361952e-02
        61         3       -1.234904e+00
        62         3        1.484824e-02
        63         3        1.495207e+00
        64         3        6.036967e-01
        65         3       -8.717591e-01
        66         3        5.158009e-02
        67         3       -7.467449e-01
        68         3        1.495174e+00
        69         3        1.350456e+00
        70         3       -3.628709e-01
        71         3       -1.640379e+00
        72         3       -1.880065e+00
        73         3        1.240975e+00
        74         3        1.640300e+00
        75         3        9.033043e-01
        76         3       -9.114428e-01
        77         3        8.349841e-01
        78         3        7.122119e-01
        79         3       -1.465142e+00
        80         3       -6.016097e-01
        81         3        1.255699e+00
        82         3       -1.628550e+00
        83         3       -1.331867e+00
        84         3        6.627752e-01
        85         3       -1.875495e+00
        86         3        1.711419e+00
        87         3       -9.433543e-02
        88         3        1.776738e+00
        89         3        1.316871e-01
        90         3        1.786741e-01
        91         3       -1.402437e+00
        92         3        1.011702e+00
        93         3        3.954329e-01
        94         3        7.173310e-01
        95         3       -4.033045e-02
        96         3        8.659157e-01
        97         3       -1.960585e+00
        98         3        4.515568e-01
        99         3       -2.024444e+00
       100         3       -9.529795e-01
         1         4       -1.625418e+00
         2         4        8.150770e-01
         3         4       -1.294174e+00
         4         4        4.114115e-01
         5         4        1.764229e+00
         6         4       -3.754595e-02
         7         4        5.278261e-01
         8         4        4.959494e-02
         9         4       -6.311263e-01
        10         4       -5.873514e-01
        11         4        1.387518e+00
        12         4        5.123333e-01
        13         4        6.911362e-01
        14         4       -6.213782e-01
        15         4        4.622464e-01
        16         4        1.011714e+00
        17         4       -7.302712e-01
        18         4        2.430684e+00
        19         4       -2.828429e-01
        20         4        3.761617e-01
        21         4       -5.591772e-01
        22         4       -7.858028e-01
        23         4       -7.019176e-01
        24         4       -5.374931e-01
        25         4        5.574463e-01
        26         4       -6.691213e-01
        27         4       -1.856159e+00
        28         4       -1.191215e+00
        29         4       -2.375732e+00
        30         4       -4.401968e-01
        31         4        1.591301e+00
        32         4        1.891683e-02
        33         4        6.047192e-01
        34         4       -4.194625e-01
        35         4        1.282135e-01
        36         4        1.757291e+00
        37         4        6.608372e-01
        38         4        3.871807e-01
        39         4       -1.848063e+00
        40         4       -6.841620e-01
        41         4        8.681688e-01
        42         4       -3.749704e-01
        43         4       -2.699466e-01
        44         4       -5.132426e-01
        45         4        4.808342e-02
        46         4       -2.584034e-01
        47         4       -1.452418e+00
        48         4        4.967389e-01
        49         4        1.242967e+00
        50         4       -6.464879e-01
        51         4        1.420062e+00
        52         4        9.735621e-01
        53         4        5.244094e-02
        54         4        2.445375e-01
        55         4       -3.424362e-01
        56         4       -9.893334e-03
        57         4       -8.884188e-01
        58         4        4.205555e-01
        59         4       -9.877897e-01
        60         4        6.753816e-01
        61         4        4.340076e-02
        62         4       -1.964044e+00
        63         4        8.553708e-01
        64         4        2.620741e-01
        65         4       -7.237080e-01
        66         4       -1.605077e+00
        67         4        1.981390e-01
        68         4       -1.169969e+00
        69         4       -1.407292e+00
        70         4       -2.058494e+00
        71         4       -9.004972e-01
        72         4       -4.107085e-01
        73         4        8.462441e-02
        74         4       -2.151822e-01
        75         4       -3.669843e-01
        76         4       -1.091933e-01
        77         4       -9.688737e-01
        78         4       -1.153393e+00
        79         4       -3.226026e-01
        80         4        3.590959e-01
        81         4       -1.101946e-01
        82         4       -1.828453e-01
        83         4        3.499662e-01
        84         4       -4.388247e-01
        85         4       -7.369190e-01
        86         4        5.745775e-01
        87         4        7.420699e-01
        88         4        1.597768e+00
        89         4       -4.383943e-01
        90         4       -5.436258e-01
        91         4       -2.318232e-01
        92         4        9.895734e-01
        93         4       -2.562899e+00
        94         4        1.014253e+00
        95         4        1.691304e-01
        96         4        1.314949e-01
        97         4       -5.175624e-01
        98         4        1.320494e+00
        99         4        1.386877e+00
       100         4       -1.722706e-03
         1         5        1.270207e+00
         2         5        3.793870e-01
         3         5       -5.937154e-01
         4         5        1.047139e+00
         5         5       -8.845478e-01
         6         5        6.551730e-01
         7         5        9.499441e-01
         8         5       -2.792576e-01
         9         5       -9.656466e-01
        10         5        1.754831e+00
        11         5        3.511103e-01
        12         5       -1.601500e+00
        13         5        3.254043e-01
        14         5        1.742214e+00
        15         5       -9.187869e-02
        16         5        6.072628e-01
        17         5       -2.016384e+00
        18         5       -4.935458e-01
        19         5       -1.116235e+00
        20         5        2.195725e-01
        21         5        2.756892e-01
        22         5        1.589527e+00
        23         5       -1.925397e+00
        24         5       -1.818069e+00
        25         5       -8.040267e-02
        26         5        8.911954e-01
        27         5       -1.946904e+00
        28         5        8.732428e-02
        29         5       -1.249643e+00
        30         5        2.973058e+00
        31         5       -5.114915e-01
        32         5       -3.220750e-01
        33         5        6.265915e-01
        34         5       -5.602175e-01
        35         5       -1.531129e+00
        36         5       -9.648318e-01
        37         5       -1.307471e+00
        38         5        1.831989e+00
        39         5        2.792193e-01
        40         5        3.816976e-01
        41         5        2.403980e-02
        42         5        4.179308e-01
        43         5        1.244776e+00
        44         5        1.178591e+00
        45         5       -4.250741e-01
        46         5       -3.200069e-01
        47         5        3.165868e-01
        48         5        5.718737e-01
        49         5       -5.466880e-02
        50         5        2.464159e+00
        51         5        1.300735e+00
        52         5       -7.486253e-02
        53         5        9.164076e-02
        54         5        3.879145e-01
        55         5        2.207491e-01
        56         5        1.831820e+00
        57         5       -9.056333e-01
        58         5        1.069466e+00
        59         5        1.025293e+00
        60         5       -1.341522e+00
        61         5       -1.114564e+00
        62         5        2.287027e+00
        63         5        2.203009e+00
        64         5        7.107212e-01
        65         5        9.828670e-01
        66         5        4.475195e-01
        67         5        6.718996e-01
        68         5       -6.319860e-01
        69         5        5.111455e-01
        70         5        7.889278e-01
        71         5       -1.246788e-02
        72         5       -1.127192e-01
        73         5       -1.240022e+00
        74         5       -3.100306e-01
        75         5        1.070357e+00
        76         5       -1.246129e-02
        77         5        2.554947e-01
        78         5       -2.740286e-01
        79         5        4.044079e-01
        80         5       -8.846652e-01
        81         5        6.911139e-01
        82         5        1.326909e+00
        83         5        1.563427e-01
        84         5       -1.259287e+00
        85         5        4.718013e-01
        86         5       -1.502202e+00
        87         5        1.478502e+00
        88         5        2.545096e-02
        89         5       -1.195903e+00
        90         5       -3.607593e-01
        91         5        2.836271e-01
        92         5       -7.561723e-01
        93         5        1.023069e-01
        94         5       -1.513149e+00
        95         5       -1.525773e+00
        96         5        2.704694e-01
        97         5       -1.761315e-01
        98         5        8.622577e-02
        99         5        1.210453e+00
       100         5        2.728376e-01
;

param theta:=
    1       -1.087466e+00
    2        8.308018e-01
    3        2.090186e+00
    4       -3.321635e-01
    5       -2.795632e+00
;
param X_true:=
    1       -2.925702e+00
    2       -4.545302e+00
    3        7.389514e+00
    4       -3.139484e-01
    5        6.832398e-01
    6       -2.920794e-01
    7        1.483985e+00
    8        9.016147e-01
    9        4.018481e+00
   10       -2.774259e+00
   11       -1.246198e+00
   12        2.307895e+00
   13       -1.548275e-02
   14       -6.711950e+00
   15        3.958447e+00
   16       -3.242877e+00
   17        7.941783e+00
   18       -2.797957e-01
   19        4.730893e+00
   20        3.048137e-03
   21        6.153603e-01
   22       -5.178755e+00
   23        2.869677e+00
   24        3.513011e+00
   25       -1.929865e-01
   26       -2.056063e-03
   27        3.586551e+00
   28       -1.678359e+00
   29        2.475517e+00
   30       -5.300066e+00
   31        2.133144e+00
   32        1.494663e+00
   33       -3.055668e+00
   34       -9.985952e-01
   35        3.332967e+00
   36        6.945079e+00
   37        4.757715e+00
   38       -7.864303e+00
   39        2.463988e+00
   40       -2.744406e+00
   41        3.047873e-01
   42       -8.515102e-01
   43       -3.257052e+00
   44       -2.078302e+00
   45       -2.969983e+00
   46       -5.097804e-01
   47        1.537404e+00
   48       -2.329604e+00
   49        1.133124e+00
   50       -7.547813e+00
   51        9.679404e-01
   52        7.877340e-01
   53       -5.791941e+00
   54       -1.019519e+00
   55       -1.357651e+00
   56       -9.418410e+00
   57        4.693385e+00
   58       -3.941237e+00
   59       -1.811344e+00
   60        1.004675e+00
   61        2.443358e+00
   62       -5.057850e+00
   63       -1.925035e+00
   64       -7.866164e-01
   65       -6.169505e+00
   66        1.077424e+00
   67       -3.926105e+00
   68        5.562728e+00
   69        1.583835e+00
   70       -9.661001e-01
   71       -3.949188e+00
   72       -5.408762e+00
   73        7.511239e+00
   74        2.723015e+00
   75       -1.917716e+00
   76       -2.978457e+00
   77        3.172357e+00
   78        1.809090e+00
   79       -3.982624e+00
   80        1.661461e+00
   81        8.349363e-01
   82       -7.146634e+00
   83       -5.258097e+00
   84        8.777232e+00
   85       -6.353594e+00
   86        8.583663e+00
   87       -4.392652e+00
   88        4.789458e+00
   89        4.810202e+00
   90       -2.365906e+00
   91       -2.508207e+00
   92        2.069658e+00
   93        4.988542e-01
   94        5.669938e+00
   95        5.115393e+00
   96       -1.272097e+00
   97       -3.526987e+00
   98       -1.089767e+00
   99       -5.393839e+00
  100       -2.335921e+00
;
param X:=
    1        7.927417e-01
    2        3.798588e-01
    3        7.389514e+00
    4       -1.034891e+00
    5        6.832398e-01
    6       -2.920794e-01
    7        1.483985e+00
    8        6.120424e-01
    9       -6.045637e-01
   10       -2.774259e+00
   11        5.446677e-01
   12       -8.849005e-01
   13        4.636936e-02
   14       -7.922179e-01
   15        3.958447e+00
   16       -1.926699e+00
   17        7.941783e+00
   18       -6.809816e-01
   19        1.669202e+00
   20        3.048137e-03
   21        1.687905e+00
   22       -5.178755e+00
   23        7.389579e-01
   24        6.132891e-01
   25        7.347763e-01
   26        7.944353e-02
   27        1.124804e+00
   28        1.015437e+00
   29        2.475517e+00
   30       -8.870835e-04
   31       -2.469021e+00
   32        1.494663e+00
   33       -3.055668e+00
   34       -9.985952e-01
   35       -6.350843e-01
   36        6.945079e+00
   37        4.757715e+00
   38       -1.121869e-01
   39        1.271735e+00
   40       -2.744406e+00
   41       -1.674501e+00
   42       -8.515102e-01
   43       -1.422184e-01
   44       -2.624838e-01
   45       -5.751705e-01
   46       -5.097804e-01
   47        8.694060e-01
   48       -8.198029e-01
   49       -1.877106e-01
   50       -8.597318e-01
   51        1.113027e+00
   52       -5.339656e-01
   53       -5.791941e+00
   54        1.642480e+00
   55        8.073038e-01
   56       -9.418410e+00
   57        2.573917e-01
   58        2.389713e-02
   59       -1.811344e+00
   60       -6.307622e-01
   61        2.443358e+00
   62       -1.465091e+00
   63       -3.255582e-01
   64        2.515148e+00
   65        8.256370e-01
   66        1.077424e+00
   67        2.337463e-01
   68        9.529474e-01
   69        1.583835e+00
   70       -9.661001e-01
   71       -3.949188e+00
   72       -5.408762e+00
   73        7.511239e+00
   74       -5.391477e-01
   75       -1.917716e+00
   76       -2.978457e+00
   77        3.172357e+00
   78        1.809090e+00
   79       -5.388605e-01
   80        4.804852e-02
   81        8.349363e-01
   82       -3.036173e-01
   83        7.694430e-01
   84        2.635880e+00
   85       -6.353594e+00
   86        3.964769e-02
   87       -4.392652e+00
   88        3.349674e-01
   89        4.911119e-01
   90       -2.365906e+00
   91        1.455799e+00
   92        2.069658e+00
   93        4.988542e-01
   94        1.635883e+00
   95        5.115393e+00
   96        2.089720e-01
   97       -2.999057e-01
   98       -1.089767e+00
   99       -5.399866e-01
  100       -2.225148e+00
;
param outliervec:=
    1    1
    2    1
    3    0
    4    1
    5    0
    6    0
    7    0
    8    1
    9    1
   10    0
   11    1
   12    1
   13    1
   14    1
   15    0
   16    1
   17    0
   18    1
   19    1
   20    0
   21    1
   22    0
   23    1
   24    1
   25    1
   26    1
   27    1
   28    1
   29    0
   30    1
   31    1
   32    0
   33    0
   34    0
   35    1
   36    0
   37    0
   38    1
   39    1
   40    0
   41    1
   42    0
   43    1
   44    1
   45    1
   46    0
   47    1
   48    1
   49    1
   50    1
   51    1
   52    1
   53    0
   54    1
   55    1
   56    0
   57    1
   58    1
   59    0
   60    1
   61    0
   62    1
   63    1
   64    1
   65    1
   66    0
   67    1
   68    1
   69    0
   70    0
   71    0
   72    0
   73    0
   74    1
   75    0
   76    0
   77    0
   78    0
   79    1
   80    1
   81    0
   82    1
   83    1
   84    1
   85    0
   86    1
   87    0
   88    1
   89    1
   90    0
   91    1
   92    0
   93    0
   94    1
   95    0
   96    1
   97    1
   98    0
   99    1
  100    1
;