data;


param d:= 100;
param r:=5;
param p:=0.880000;
param M:=1000;
param U:=
         1         1        1.788124e+00
         2         1       -1.305579e+00
         3         1       -3.119299e-01
         4         1        6.067974e-01
         5         1       -6.660503e-01
         6         1        1.309614e+00
         7         1        6.727938e-01
         8         1        9.553244e-02
         9         1       -1.391016e+00
        10         1        5.963029e-01
        11         1        8.432620e-01
        12         1        8.192742e-01
        13         1       -5.410399e-01
        14         1       -1.094915e+00
        15         1        4.654326e-01
        16         1        8.548512e-01
        17         1       -8.690826e-01
        18         1        1.749775e+00
        19         1        1.593929e+00
        20         1       -2.870949e+00
        21         1       -4.410685e-01
        22         1        1.344198e+00
        23         1       -2.576956e-01
        24         1        7.891794e-01
        25         1       -9.854539e-01
        26         1       -7.343598e-01
        27         1       -3.554259e-01
        28         1        1.619113e+00
        29         1        1.772042e+00
        30         1        2.284498e-03
        31         1        2.086010e+00
        32         1       -2.279710e+00
        33         1       -6.324290e-01
        34         1        3.700504e-01
        35         1        9.587936e-02
        36         1       -1.913793e+00
        37         1       -3.217239e-01
        38         1        1.056293e+00
        39         1        1.297633e+00
        40         1       -2.065927e+00
        41         1       -6.442398e-01
        42         1        8.963844e-01
        43         1        6.330486e-01
        44         1        3.242108e-01
        45         1       -2.165609e+00
        46         1       -1.274778e+00
        47         1        3.561254e-01
        48         1        3.286248e-01
        49         1        2.854212e-01
        50         1       -2.275112e+00
        51         1       -2.977223e-01
        52         1       -1.384179e+00
        53         1        1.102428e+00
        54         1        5.885146e-01
        55         1        6.920611e-01
        56         1        1.555200e+00
        57         1       -2.175267e-03
        58         1        1.523025e+00
        59         1        1.801535e-01
        60         1       -4.147952e-01
        61         1       -1.394490e+00
        62         1       -4.015452e-01
        63         1       -1.670435e+00
        64         1        9.751632e-01
        65         1        1.784445e+00
        66         1       -5.860234e-01
        67         1       -2.018377e-01
        68         1        2.232616e+00
        69         1        2.098801e+00
        70         1        1.522005e+00
        71         1        3.618733e-01
        72         1        3.624478e-01
        73         1       -4.602517e-01
        74         1        5.404625e-01
        75         1        4.238483e-01
        76         1       -1.412818e+00
        77         1        1.552468e+00
        78         1       -9.586289e-02
        79         1       -5.561919e-01
        80         1        1.346156e-01
        81         1       -8.088694e-01
        82         1       -4.902660e-01
        83         1       -5.785205e-01
        84         1        1.894806e+00
        85         1       -3.508992e-01
        86         1        2.281050e-01
        87         1        1.400403e-01
        88         1        6.815992e-01
        89         1        7.848788e-01
        90         1        5.265031e-01
        91         1       -1.644302e+00
        92         1       -1.027312e+00
        93         1       -1.964202e+00
        94         1        5.568168e-01
        95         1        3.676257e-01
        96         1        1.995959e+00
        97         1        1.324012e+00
        98         1        2.592513e-01
        99         1        1.439666e+00
       100         1        1.540697e+00
         1         2       -1.203122e+00
         2         2       -4.646869e-01
         3         2        5.827269e-01
         4         2        1.013434e-01
         5         2        1.718135e+00
         6         2        1.309713e+00
         7         2       -5.244968e-01
         8         2       -3.969035e-01
         9         2        2.207871e-01
        10         2        8.766234e-01
        11         2        4.632280e-01
        12         2        5.444966e-01
        13         2       -5.198315e-01
        14         2        6.476751e-02
        15         2        1.483023e-01
        16         2       -4.528709e-01
        17         2        5.561813e-01
        18         2       -3.466908e-01
        19         2       -5.566312e-01
        20         2       -1.535070e+00
        21         2       -1.254289e+00
        22         2       -8.215645e-01
        23         2       -1.283835e+00
        24         2        4.170507e-01
        25         2        5.693324e-01
        26         2       -2.016300e-01
        27         2        6.597810e-01
        28         2       -8.202610e-01
        29         2        1.357629e-01
        30         2        1.478064e+00
        31         2       -1.469423e+00
        32         2        4.721804e-01
        33         2       -1.822085e+00
        34         2       -2.546804e+00
        35         2        1.357072e+00
        36         2       -1.304835e+00
        37         2        2.083266e+00
        38         2        8.306348e-01
        39         2        1.496474e+00
        40         2       -3.466577e-01
        41         2       -1.270830e+00
        42         2        1.511094e+00
        43         2        1.054047e+00
        44         2       -1.060962e+00
        45         2       -1.035955e-01
        46         2       -5.597180e-01
        47         2       -2.296878e+00
        48         2       -1.781383e+00
        49         2        7.833037e-01
        50         2        1.092125e+00
        51         2        1.294722e+00
        52         2       -1.842336e-01
        53         2        8.707735e-02
        54         2        9.291088e-01
        55         2       -5.013246e-01
        56         2       -1.235745e+00
        57         2        7.421282e-01
        58         2       -2.567265e-01
        59         2       -1.578915e+00
        60         2       -5.661598e-01
        61         2        3.949127e-02
        62         2        4.435440e-01
        63         2        1.254258e+00
        64         2       -2.006898e+00
        65         2        2.540789e+00
        66         2       -1.737957e+00
        67         2        1.546888e-01
        68         2        2.112432e-01
        69         2        2.163232e+00
        70         2        8.194759e-01
        71         2       -1.196494e+00
        72         2        1.069725e+00
        73         2       -9.131961e-03
        74         2       -1.307966e+00
        75         2       -9.274543e-01
        76         2       -8.248160e-01
        77         2       -3.882357e-01
        78         2       -1.343880e+00
        79         2       -1.018621e+00
        80         2        7.492156e-01
        81         2       -1.137296e+00
        82         2        7.463353e-02
        83         2        6.040805e-01
        84         2       -5.760305e-01
        85         2        1.161732e+00
        86         2        1.851881e-01
        87         2       -1.533467e-01
        88         2       -1.391925e+00
        89         2        5.951555e-01
        90         2        1.365056e+00
        91         2        5.656452e-01
        92         2       -5.419952e-01
        93         2       -2.481154e+00
        94         2        1.035734e+00
        95         2       -5.308104e-01
        96         2        1.333542e-01
        97         2        1.669332e+00
        98         2        6.755019e-01
        99         2        1.383994e-01
       100         2       -9.679529e-01
         1         3        1.339997e+00
         2         3        6.889840e-01
         3         3        1.342374e-01
         4         3        3.324120e-01
         5         3        1.426848e+00
         6         3       -1.462980e+00
         7         3       -1.421387e-01
         8         3       -3.895934e-01
         9         3       -5.803176e-01
        10         3        6.312077e-01
        11         3        1.328913e+00
        12         3       -4.317875e-01
        13         3        1.035984e-01
        14         3       -2.036285e-01
        15         3       -6.942819e-01
        16         3        4.859507e-01
        17         3        3.162740e-01
        18         3       -1.829943e+00
        19         3       -5.778529e-01
        20         3       -2.490472e+00
        21         3       -8.780550e-01
        22         3        9.925769e-01
        23         3        1.056603e+00
        24         3        5.765886e-01
        25         3        1.071315e+00
        26         3       -1.412452e+00
        27         3        1.480670e+00
        28         3        2.112961e-01
        29         3        1.092327e+00
        30         3       -9.022174e-01
        31         3        4.921820e-01
        32         3        1.867130e-01
        33         3        1.119212e+00
        34         3       -4.208800e-01
        35         3        6.668394e-02
        36         3       -3.854972e-01
        37         3       -4.676989e-01
        38         3       -2.538746e-01
        39         3        4.250016e-01
        40         3       -1.108083e+00
        41         3       -1.293424e+00
        42         3       -8.110764e-01
        43         3       -3.268371e-01
        44         3       -4.315315e-01
        45         3        5.349936e-02
        46         3       -3.464123e-01
        47         3       -4.494567e-01
        48         3        4.763746e-01
        49         3       -2.441327e-01
        50         3        2.978603e-01
        51         3       -5.737221e-02
        52         3       -6.654596e-01
        53         3        2.547847e-01
        54         3        3.101934e-01
        55         3       -3.734072e-01
        56         3        9.605924e-01
        57         3       -1.090076e+00
        58         3       -1.102314e+00
        59         3       -6.170072e-01
        60         3       -9.504190e-01
        61         3       -1.778738e-02
        62         3       -8.035211e-01
        63         3       -7.710530e-01
        64         3        2.055957e-01
        65         3        7.554416e-01
        66         3        2.455794e-01
        67         3       -1.374134e+00
        68         3       -8.351606e-01
        69         3       -9.455587e-01
        70         3       -7.649948e-01
        71         3        2.021857e+00
        72         3        6.808567e-01
        73         3       -1.178775e+00
        74         3        5.789327e-01
        75         3       -1.040404e+00
        76         3       -2.023525e-01
        77         3       -1.032939e+00
        78         3        4.576018e-01
        79         3       -1.775477e+00
        80         3       -1.053749e+00
        81         3       -1.791775e+00
        82         3        6.086143e-01
        83         3        6.883554e-01
        84         3       -7.496663e-01
        85         3       -5.514466e-01
        86         3       -1.392290e-01
        87         3       -8.154225e-02
        88         3       -6.197939e-01
        89         3        7.471182e-01
        90         3        1.259334e+00
        91         3       -1.226731e-01
        92         3       -1.112980e-01
        93         3       -5.358170e-01
        94         3       -1.267255e+00
        95         3       -1.225116e+00
        96         3       -8.080144e-01
        97         3        2.870198e-01
        98         3        1.424935e+00
        99         3       -7.625784e-01
       100         3        6.070744e-01
         1         4       -3.948810e-02
         2         4       -4.205130e-01
         3         4        6.076241e-01
         4         4       -2.463664e-01
         5         4        1.415857e+00
         6         4       -6.789912e-01
         7         4       -3.571275e-01
         8         4        2.576953e-01
         9         4       -8.081691e-01
        10         4        1.554046e+00
        11         4        1.170663e+00
        12         4        1.624957e+00
        13         4        3.757335e-02
        14         4        8.362129e-01
        15         4        1.082244e-01
        16         4        9.963786e-01
        17         4        1.684916e+00
        18         4        9.356393e-01
        19         4        1.345023e+00
        20         4        3.802031e-02
        21         4       -1.157704e+00
        22         4       -3.720150e-01
        23         4        7.019753e-01
        24         4        4.227304e-01
        25         4        5.115680e-01
        26         4       -1.135072e-01
        27         4        7.040484e-01
        28         4       -7.282641e-01
        29         4       -7.818191e-01
        30         4        7.300787e-01
        31         4       -2.325204e-01
        32         4        1.091538e+00
        33         4       -1.381074e+00
        34         4        4.692253e-01
        35         4        1.957031e+00
        36         4        4.811994e-01
        37         4        9.571807e-01
        38         4       -8.239374e-01
        39         4       -2.457157e-01
        40         4       -1.404935e-01
        41         4       -1.427628e+00
        42         4       -8.350217e-01
        43         4        2.898987e-01
        44         4       -7.540353e-01
        45         4        8.660249e-01
        46         4       -7.484075e-01
        47         4        1.737363e+00
        48         4       -1.163924e+00
        49         4        5.560468e-01
        50         4        1.078701e+00
        51         4        1.646062e+00
        52         4        1.858941e-01
        53         4       -4.802937e-01
        54         4        1.743119e-01
        55         4       -1.524220e-01
        56         4        1.703702e+00
        57         4        1.325532e+00
        58         4        1.330108e+00
        59         4        8.439109e-01
        60         4        1.156541e+00
        61         4        3.482963e-01
        62         4       -1.027432e+00
        63         4       -1.417777e-01
        64         4       -2.075956e+00
        65         4        8.027046e-01
        66         4       -1.390879e+00
        67         4        1.019344e+00
        68         4        7.638667e-01
        69         4       -5.374245e-01
        70         4       -1.058014e+00
        71         4        3.981321e-01
        72         4        1.044874e+00
        73         4       -5.452905e-01
        74         4       -1.137513e+00
        75         4       -6.996906e-01
        76         4        1.214751e-01
        77         4        7.915794e-01
        78         4       -1.441027e+00
        79         4        4.976616e-02
        80         4        1.091496e+00
        81         4       -5.321432e-01
        82         4        2.696043e+00
        83         4        1.105877e+00
        84         4        1.701418e+00
        85         4       -2.346819e-01
        86         4       -4.031910e-01
        87         4       -5.234361e-01
        88         4        7.385177e-01
        89         4        1.313203e-01
        90         4        2.090440e+00
        91         4       -6.783443e-01
        92         4        6.695279e-01
        93         4       -2.139108e-01
        94         4       -1.507605e+00
        95         4       -1.457425e+00
        96         4       -4.654091e-01
        97         4       -9.635263e-01
        98         4       -1.362270e+00
        99         4       -9.979647e-01
       100         4        3.031236e-01
         1         5       -3.445124e-01
         2         5        1.564852e+00
         3         5       -1.684403e+00
         4         5        3.192772e-01
         5         5       -3.868948e-01
         6         5       -3.439424e-01
         7         5        1.492972e+00
         8         5        1.746872e-03
         9         5       -6.151066e-02
        10         5        5.310015e-01
        11         5        1.314093e+00
        12         5        4.840279e-01
        13         5        1.533321e+00
        14         5        1.554238e+00
        15         5       -6.061189e-02
        16         5        9.240289e-01
        17         5        1.486261e+00
        18         5        7.288676e-01
        19         5        3.078441e-01
        20         5        4.133898e-01
        21         5        1.125633e+00
        22         5        1.058856e-02
        23         5        2.606662e+00
        24         5       -1.828599e+00
        25         5       -1.595825e+00
        26         5       -1.678648e+00
        27         5        6.729296e-02
        28         5       -4.851261e-01
        29         5       -1.041592e+00
        30         5        4.533277e-02
        31         5       -1.039462e+00
        32         5        1.897438e+00
        33         5       -2.124933e+00
        34         5        3.035971e+00
        35         5       -3.489015e-02
        36         5       -1.275655e+00
        37         5       -7.416393e-01
        38         5       -5.101662e-01
        39         5        4.405941e-01
        40         5       -9.087746e-01
        41         5       -1.662995e+00
        42         5        6.598046e-01
        43         5        2.686359e-01
        44         5       -4.047407e-01
        45         5        8.521403e-01
        46         5        1.554873e+00
        47         5       -6.036137e-01
        48         5        7.598193e-01
        49         5       -1.040274e+00
        50         5        4.506530e-01
        51         5        3.576633e-01
        52         5       -1.166084e+00
        53         5       -1.089588e+00
        54         5       -3.037521e-01
        55         5       -9.122008e-01
        56         5       -1.021568e+00
        57         5       -1.250672e-01
        58         5        1.993680e+00
        59         5       -6.987820e-01
        60         5        1.949599e+00
        61         5       -5.981657e-02
        62         5        2.380276e-01
        63         5        1.362473e+00
        64         5        1.445310e+00
        65         5        9.836663e-01
        66         5       -2.399483e-01
        67         5        7.501799e-01
        68         5        2.719652e-01
        69         5        9.523693e-01
        70         5        9.339777e-01
        71         5       -1.128082e+00
        72         5       -1.100889e+00
        73         5        1.457851e+00
        74         5        7.630076e-01
        75         5       -6.930824e-01
        76         5       -1.309100e-01
        77         5       -7.482415e-01
        78         5        1.017686e+00
        79         5        1.229175e+00
        80         5        2.139999e-02
        81         5       -3.377701e-01
        82         5        7.592858e-02
        83         5       -5.514665e-01
        84         5        4.769297e-01
        85         5       -1.961368e-01
        86         5       -9.212868e-01
        87         5       -1.199348e+00
        88         5        1.377462e+00
        89         5       -8.929901e-01
        90         5       -3.138188e-01
        91         5       -1.759401e+00
        92         5       -6.049638e-02
        93         5        1.069628e+00
        94         5       -9.888459e-01
        95         5       -1.240168e+00
        96         5        4.527867e-01
        97         5       -6.487786e-01
        98         5       -1.467291e+00
        99         5        3.275048e-01
       100         5        1.026430e+00
;

param theta:=
    1        2.146003e-01
    2        5.238809e-03
    3       -7.695697e-01
    4       -9.798805e-01
    5        2.658663e+00
;
param X_true:=
    1       -1.531041e+00
    2        3.759633e+00
    3       -5.240850e+00
    4        9.651956e-01
    5       -3.647985e+00
    6        1.164673e+00
    7        4.570270e+00
    8        7.037498e-02
    9        7.776123e-01
   10       -4.642243e-01
   11        1.507319e+00
   12        2.055630e-01
   13        3.841209e+00
   14        3.234881e+00
   15        3.677637e-01
   16        1.287455e+00
   17        1.873464e+00
   18        2.802953e+00
   19        2.843311e-01
   20        2.354252e+00
   21        4.701591e+00
   22       -8.701429e-02
   23        5.367225e+00
   24       -5.548036e+00
   25       -5.776984e+00
   26       -3.423404e+00
   27       -1.723271e+00
   28       -3.956172e-01
   29       -2.462782e+00
   30        1.076874e-01
   31       -2.474544e+00
   32        3.344629e+00
   33       -5.302770e+00
   34        8.001804e+00
   35       -2.034050e+00
   36       -3.983925e+00
   37       -2.607893e+00
   38       -1.225929e-01
   39        1.371407e+00
   40       -1.870875e+00
   41       -2.171970e+00
   42        3.396880e+00
   43        8.230444e-01
   44        5.890672e-02
   45        9.104982e-01
   46        4.857320e+00
   47       -2.896933e+00
   48        2.855197e+00
   49       -3.057364e+00
   50       -5.706062e-01
   51       -6.749946e-01
   52       -3.068271e+00
   53       -2.385253e+00
   54       -1.085932e+00
   55       -1.842626e+00
   56       -4.797400e+00
   57       -7.890643e-01
   58        5.170980e+00
   59       -2.179538e+00
   60        4.689486e+00
   61       -7.856832e-01
   62        2.174114e+00
   63        4.002754e+00
   64        5.917316e+00
   65        1.643570e+00
   66        4.010975e-01
   67        2.010628e+00
   68        1.097507e+00
   69        4.248050e+00
   70        4.439491e+00
   71       -4.873881e+00
   72       -4.391325e+00
   73        5.218585e+00
   74        2.806808e+00
   75       -2.702962e-01
   76       -6.188645e-01
   77       -1.638930e+00
   78        3.737948e+00
   79        4.460854e+00
   80       -1.688932e-01
   81        8.227742e-01
   82       -3.013123e+00
   83       -3.200514e+00
   84        5.813375e-01
   85        6.365816e-02
   86       -1.897244e+00
   87       -2.583754e+00
   88        3.554502e+00
   89       -2.906244e+00
   90       -3.731726e+00
   91       -4.268455e+00
   92       -9.545461e-01
   93        3.031220e+00
   94       -5.157465e-02
   95       -8.501613e-01
   96        2.710708e+00
   97       -7.087459e-01
   98       -3.603582e+00
   99        2.745146e+00
  100        2.290283e+00
;
param X:=
    1       -1.755359e+00
    2       -1.272940e+00
    3       -5.088573e-01
    4        9.651956e-01
    5        5.907814e-01
    6        1.164673e+00
    7       -1.472197e+00
    8        1.982821e+00
    9        2.686725e+00
   10        6.017405e-01
   11        1.507319e+00
   12        8.200324e-01
   13        5.044283e-01
   14        5.439053e-01
   15        1.015368e+00
   16        5.818485e-01
   17        1.544115e+00
   18        2.802953e+00
   19       -8.810669e-01
   20        3.117361e-01
   21        4.701591e+00
   22       -7.705099e-02
   23       -2.831790e-01
   24       -5.087440e-01
   25        1.035199e+00
   26       -3.423404e+00
   27       -1.723271e+00
   28       -4.995715e-02
   29       -8.980645e-01
   30        1.076874e-01
   31       -1.605553e+00
   32        6.461627e-01
   33        1.759767e+00
   34        6.515555e-01
   35        1.660710e-01
   36       -9.522848e-01
   37       -1.203410e+00
   38       -1.113468e-01
   39       -1.701948e+00
   40        6.145601e-01
   41        6.078587e-01
   42        1.816061e+00
   43       -3.479219e-01
   44        5.890672e-02
   45       -2.238706e+00
   46        1.194194e+00
   47        2.696555e-01
   48        7.426654e-01
   49       -4.851115e-01
   50        1.191350e+00
   51       -6.749946e-01
   52       -2.033333e-01
   53       -7.109952e-01
   54       -8.219770e-01
   55       -1.832532e+00
   56       -1.213644e+00
   57        1.177038e+00
   58       -1.179667e+00
   59       -1.132166e+00
   60       -6.637992e-01
   61       -8.527699e-01
   62        9.510541e-01
   63       -4.310274e-01
   64        4.858004e-02
   65       -2.207981e-01
   66       -2.286232e-01
   67        8.104426e-01
   68        8.147998e-01
   69        1.825633e+00
   70        5.663647e-01
   71        8.666035e-01
   72        1.657321e-01
   73       -1.312930e+00
   74       -2.205718e+00
   75        1.317264e+00
   76       -2.657348e-01
   77       -1.638930e+00
   78        9.203672e-01
   79       -8.931299e-01
   80        1.716030e+00
   81        5.856542e-02
   82       -1.333135e-01
   83       -8.950446e-02
   84       -6.675232e-01
   85       -5.249620e-01
   86       -8.165710e-01
   87        5.492340e-01
   88       -1.046417e-01
   89        8.787368e-01
   90        2.934168e-01
   91       -8.995869e-01
   92       -1.962018e-01
   93        8.856397e-01
   94        8.649761e-02
   95        1.225692e+00
   96        3.700891e-01
   97       -7.703293e-01
   98       -8.523425e-01
   99       -6.983390e-01
  100        2.290283e+00
;
param outliervec:=
    1    1
    2    1
    3    1
    4    0
    5    1
    6    0
    7    1
    8    1
    9    1
   10    1
   11    0
   12    1
   13    1
   14    1
   15    1
   16    1
   17    1
   18    0
   19    1
   20    1
   21    0
   22    1
   23    1
   24    1
   25    1
   26    0
   27    0
   28    1
   29    1
   30    0
   31    1
   32    1
   33    1
   34    1
   35    1
   36    1
   37    1
   38    1
   39    1
   40    1
   41    1
   42    1
   43    1
   44    0
   45    1
   46    1
   47    1
   48    1
   49    1
   50    1
   51    0
   52    1
   53    1
   54    1
   55    1
   56    1
   57    1
   58    1
   59    1
   60    1
   61    1
   62    1
   63    1
   64    1
   65    1
   66    1
   67    1
   68    1
   69    1
   70    1
   71    1
   72    1
   73    1
   74    1
   75    1
   76    1
   77    0
   78    1
   79    1
   80    1
   81    1
   82    1
   83    1
   84    1
   85    1
   86    1
   87    1
   88    1
   89    1
   90    1
   91    1
   92    1
   93    1
   94    1
   95    1
   96    1
   97    1
   98    1
   99    1
  100    0
;