data;


param d:= 100;
param r:=5;
param p:=0.700000;
param M:=1000;
param U:=
         1         1       -6.567948e-01
         2         1       -1.251185e+00
         3         1       -6.490723e-01
         4         1        1.342505e+00
         5         1       -4.138324e-01
         6         1       -5.723188e-01
         7         1       -2.634087e-01
         8         1       -1.068497e+00
         9         1       -6.525729e-02
        10         1        1.066296e+00
        11         1        1.826068e+00
        12         1       -1.471691e+00
        13         1        2.915302e-01
        14         1        1.687402e-01
        15         1        6.568523e-01
        16         1        2.398292e+00
        17         1       -2.015695e-01
        18         1       -1.333092e+00
        19         1        6.036691e-01
        20         1        9.211583e-01
        21         1       -2.334820e-01
        22         1        2.993363e-02
        23         1        8.791878e-01
        24         1        5.402008e-01
        25         1        2.184389e-01
        26         1        2.444380e+00
        27         1       -7.664284e-01
        28         1       -5.494258e-01
        29         1        1.088784e+00
        30         1       -1.404359e+00
        31         1        1.119396e-02
        32         1        1.385763e+00
        33         1        1.718542e-01
        34         1       -9.537474e-01
        35         1        1.626434e+00
        36         1        4.641715e-01
        37         1       -4.595873e-01
        38         1        1.275447e+00
        39         1       -4.593199e-01
        40         1       -1.841326e+00
        41         1        1.068598e+00
        42         1       -2.730322e-01
        43         1       -1.278592e+00
        44         1       -1.082280e+00
        45         1        3.982676e-01
        46         1       -3.870378e-01
        47         1       -6.197176e-01
        48         1       -1.268383e+00
        49         1       -3.459402e-01
        50         1       -6.132250e-01
        51         1        1.112283e+00
        52         1       -2.726991e-02
        53         1       -3.683595e-01
        54         1       -8.147178e-01
        55         1        7.234720e-01
        56         1       -1.610797e+00
        57         1       -7.548584e-01
        58         1       -3.871579e-01
        59         1        1.547014e-01
        60         1       -8.691706e-01
        61         1       -9.892703e-03
        62         1        1.380329e-01
        63         1        1.405569e+00
        64         1        9.606774e-01
        65         1       -2.571311e-01
        66         1        2.362231e-01
        67         1        1.080219e+00
        68         1        1.144593e+00
        69         1        6.299063e-01
        70         1       -3.305593e-01
        71         1        5.466641e-01
        72         1        9.888449e-01
        73         1        1.746792e+00
        74         1        1.918088e-01
        75         1        2.330373e-02
        76         1       -5.266780e-01
        77         1        5.242773e-01
        78         1       -3.945105e-01
        79         1       -2.189167e+00
        80         1       -1.879494e+00
        81         1       -1.551722e-02
        82         1       -3.598845e-01
        83         1       -4.604039e-01
        84         1        1.042070e+00
        85         1        4.953707e-01
        86         1       -1.056806e+00
        87         1       -9.143113e-01
        88         1        3.522857e-02
        89         1       -1.486449e-01
        90         1       -9.149651e-01
        91         1        5.338694e-01
        92         1       -5.505568e-01
        93         1        8.569608e-01
        94         1        1.006922e+00
        95         1       -9.895817e-01
        96         1       -1.278063e+00
        97         1        8.584029e-01
        98         1       -9.597656e-01
        99         1        2.108487e+00
       100         1       -1.254811e+00
         1         2       -1.231625e-02
         2         2        1.431732e+00
         3         2       -2.404000e+00
         4         2        1.551655e+00
         5         2        1.228877e+00
         6         2        8.484688e-02
         7         2       -8.226927e-01
         8         2       -4.843156e-01
         9         2        1.554583e+00
        10         2       -9.300048e-02
        11         2        6.252564e-02
        12         2        4.701830e-01
        13         2       -1.750730e+00
        14         2        1.678197e+00
        15         2       -2.640708e-02
        16         2       -1.150658e+00
        17         2        4.008228e-01
        18         2       -3.499838e-01
        19         2       -6.686407e-01
        20         2        5.464261e-01
        21         2        1.717370e+00
        22         2       -3.249704e-01
        23         2        1.392573e+00
        24         2        2.253189e+00
        25         2        7.763853e-01
        26         2        4.484742e-01
        27         2        8.306527e-01
        28         2        2.073440e-01
        29         2        1.893243e-01
        30         2       -1.124079e-01
        31         2       -9.276041e-01
        32         2        1.269488e+00
        33         2        9.404274e-01
        34         2        4.615727e-01
        35         2       -4.773373e-01
        36         2        4.671636e-01
        37         2       -3.632403e-03
        38         2        3.529487e+00
        39         2       -1.894482e-01
        40         2       -4.768633e-01
        41         2       -4.806321e-01
        42         2        1.835664e+00
        43         2        5.851062e-01
        44         2       -7.567445e-02
        45         2        9.406773e-01
        46         2       -6.939109e-02
        47         2        3.293986e-01
        48         2       -6.218020e-01
        49         2        4.114803e-01
        50         2       -4.468715e-02
        51         2       -3.732440e-01
        52         2        8.688468e-01
        53         2        6.786905e-01
        54         2        8.164698e-01
        55         2       -1.093027e+00
        56         2        1.431419e+00
        57         2        2.910935e-01
        58         2        3.037276e-01
        59         2       -4.084427e-01
        60         2       -1.438720e+00
        61         2        1.723137e-02
        62         2        1.770937e-01
        63         2       -7.523616e-03
        64         2        5.342028e-01
        65         2        4.833970e-01
        66         2       -1.459611e+00
        67         2       -9.007197e-01
        68         2        6.409455e-01
        69         2       -1.113605e+00
        70         2        1.325602e+00
        71         2       -5.983177e-01
        72         2        7.279010e-01
        73         2        5.141105e-01
        74         2       -6.220119e-01
        75         2       -4.546016e-01
        76         2        3.800979e-01
        77         2       -3.585898e-01
        78         2       -1.421850e-01
        79         2        4.604671e-02
        80         2       -2.231060e-01
        81         2        1.410322e+00
        82         2       -2.043091e+00
        83         2        4.514347e-01
        84         2       -8.796403e-01
        85         2        1.731204e-01
        86         2        8.213592e-01
        87         2       -3.010000e-01
        88         2        3.861420e-01
        89         2       -2.373661e-03
        90         2        7.869675e-01
        91         2        1.739600e+00
        92         2       -1.422196e-01
        93         2        9.311828e-02
        94         2        7.806198e-01
        95         2        3.337078e-01
        96         2       -7.891754e-01
        97         2        2.577912e-02
        98         2       -2.666353e-02
        99         2       -4.163226e-01
       100         2        1.051649e+00
         1         3        3.211146e-02
         2         3       -1.704649e-01
         3         3        3.117725e-01
         4         3        9.885445e-01
         5         3        4.998247e-01
         6         3        9.961631e-01
         7         3       -2.691059e-01
         8         3        7.938358e-01
         9         3       -2.986501e-01
        10         3        2.340415e-01
        11         3        1.866983e-01
        12         3       -2.942626e+00
        13         3        2.438829e+00
        14         3       -9.178678e-01
        15         3        9.603611e-01
        16         3       -3.801457e-01
        17         3       -8.966675e-01
        18         3       -5.338704e-02
        19         3        9.299219e-01
        20         3        2.326823e-01
        21         3        1.581520e+00
        22         3       -2.104557e-01
        23         3        2.834553e-02
        24         3        4.623471e-01
        25         3       -6.258738e-01
        26         3       -9.960947e-01
        27         3       -2.015007e-01
        28         3        1.400245e+00
        29         3       -1.806201e-01
        30         3       -5.125086e-01
        31         3       -1.689138e+00
        32         3       -6.444752e-01
        33         3        5.446258e-01
        34         3        2.015337e-01
        35         3       -2.057032e+00
        36         3        1.841970e+00
        37         3        8.836874e-01
        38         3        5.419336e-01
        39         3        1.082498e+00
        40         3       -8.173506e-01
        41         3       -2.455692e-01
        42         3       -6.244024e-01
        43         3        7.006785e-01
        44         3       -2.890478e-02
        45         3        7.878170e-01
        46         3       -1.032202e+00
        47         3       -1.499333e+00
        48         3       -1.378033e+00
        49         3        8.832032e-01
        50         3        8.043468e-01
        51         3       -3.939935e-02
        52         3        1.671555e+00
        53         3        7.028225e-02
        54         3       -7.365421e-01
        55         3       -1.751686e-01
        56         3        4.858870e-01
        57         3       -7.576334e-01
        58         3        9.194802e-01
        59         3        6.633821e-01
        60         3       -1.504117e-01
        61         3        1.474272e+00
        62         3       -1.109986e+00
        63         3        5.573384e-01
        64         3        6.474633e-01
        65         3        3.538679e-01
        66         3        7.106404e-01
        67         3        8.968647e-01
        68         3       -1.011595e+00
        69         3       -5.380016e-01
        70         3       -8.563274e-02
        71         3        1.151594e+00
        72         3        1.322912e+00
        73         3       -3.330493e-02
        74         3        1.205134e+00
        75         3       -1.954612e-01
        76         3        1.850982e+00
        77         3        2.187689e-01
        78         3        8.457038e-02
        79         3        2.723156e+00
        80         3       -1.254242e+00
        81         3       -6.977277e-01
        82         3       -1.014783e+00
        83         3        1.668251e+00
        84         3        7.487620e-01
        85         3        6.103747e-01
        86         3       -2.476010e-01
        87         3       -8.592887e-01
        88         3       -8.023992e-01
        89         3       -4.365529e-02
        90         3       -9.927473e-02
        91         3        2.109106e-01
        92         3        2.209169e+00
        93         3        1.125220e+00
        94         3        8.740303e-01
        95         3        1.065179e+00
        96         3       -3.132394e-01
        97         3        7.847122e-01
        98         3       -7.064041e-01
        99         3        7.998141e-01
       100         3       -9.149769e-01
         1         4       -7.971096e-01
         2         4        9.833362e-02
         3         4       -2.498551e-01
         4         4       -7.633765e-01
         5         4        6.981239e-01
         6         4       -6.137321e-02
         7         4       -1.581498e+00
         8         4       -7.781664e-02
         9         4       -3.289850e-01
        10         4       -1.377829e+00
        11         4        7.233497e-02
        12         4        2.204348e-02
        13         4       -5.477051e-01
        14         4       -2.660050e-01
        15         4        3.353871e-01
        16         4       -1.822060e-01
        17         4        1.328606e+00
        18         4        6.312861e-01
        19         4       -1.801459e+00
        20         4        7.591632e-01
        21         4        3.802746e-01
        22         4        1.236616e+00
        23         4        2.641324e-01
        24         4        1.283066e+00
        25         4       -1.604972e+00
        26         4        7.356865e-01
        27         4        1.163117e+00
        28         4        2.229637e-01
        29         4        1.109048e+00
        30         4       -3.880827e-01
        31         4        9.165084e-01
        32         4        1.596838e+00
        33         4       -1.508978e-01
        34         4        1.818982e-01
        35         4       -1.962031e+00
        36         4        1.271312e+00
        37         4        2.416379e+00
        38         4       -1.816768e+00
        39         4        7.024123e-01
        40         4        5.660229e-01
        41         4        6.400197e-01
        42         4       -1.427586e+00
        43         4        1.398208e+00
        44         4       -1.685886e+00
        45         4        4.919143e-01
        46         4        1.578224e+00
        47         4       -9.967256e-01
        48         4       -1.005872e+00
        49         4       -3.276326e-01
        50         4        1.576458e+00
        51         4       -3.336861e-01
        52         4        3.315930e+00
        53         4        2.604006e-01
        54         4        1.147825e+00
        55         4       -9.955707e-01
        56         4        2.577529e-01
        57         4       -3.363964e-01
        58         4        5.539618e-01
        59         4        2.118776e+00
        60         4       -3.193491e-01
        61         4       -1.620063e+00
        62         4       -1.707469e+00
        63         4       -3.820564e-01
        64         4        1.805963e+00
        65         4        1.231708e-01
        66         4        8.188714e-01
        67         4        2.029135e+00
        68         4        4.353398e-01
        69         4        1.884944e-01
        70         4       -2.544473e+00
        71         4       -4.862001e-01
        72         4        1.663915e-01
        73         4       -1.147773e+00
        74         4       -4.940741e-02
        75         4        1.304028e+00
        76         4       -2.952170e-01
        77         4       -1.509747e+00
        78         4        2.114479e-01
        79         4       -2.260108e+00
        80         4        3.464767e-01
        81         4        7.030018e-01
        82         4        9.859337e-01
        83         4        1.486370e-01
        84         4        1.445156e+00
        85         4       -4.884203e-01
        86         4       -4.965021e-01
        87         4       -6.914909e-01
        88         4       -2.142735e+00
        89         4        4.703372e-01
        90         4       -4.013472e-01
        91         4       -8.280443e-01
        92         4       -4.853688e-02
        93         4       -1.877729e+00
        94         4       -5.332774e-01
        95         4       -6.869282e-01
        96         4        1.731548e-01
        97         4        6.910452e-01
        98         4        6.139053e-02
        99         4       -9.861323e-01
       100         4       -2.304423e-01
         1         5       -2.544824e-02
         2         5        7.613534e-01
         3         5       -8.646419e-01
         4         5       -2.204827e-02
         5         5       -2.455889e+00
         6         5       -7.987774e-03
         7         5        8.811376e-01
         8         5        1.372469e+00
         9         5       -2.712665e-01
        10         5        1.868416e-01
        11         5        3.962749e-02
        12         5       -1.501269e-01
        13         5        1.389848e+00
        14         5       -1.040201e+00
        15         5        5.081618e-01
        16         5        1.806426e-02
        17         5       -5.288399e-02
        18         5       -1.011073e+00
        19         5       -1.210738e+00
        20         5       -7.236990e-01
        21         5       -6.713481e-01
        22         5        1.097068e+00
        23         5       -1.099776e+00
        24         5        2.760290e-01
        25         5       -5.314575e-01
        26         5       -1.634842e+00
        27         5        6.455406e-01
        28         5        1.758275e+00
        29         5        4.071291e-01
        30         5        1.405164e-01
        31         5        6.615878e-01
        32         5        6.266457e-01
        33         5        9.157477e-01
        34         5       -2.934318e-01
        35         5        1.683717e+00
        36         5       -3.905718e-01
        37         5        7.610661e-01
        38         5       -8.866745e-01
        39         5       -5.033221e-01
        40         5       -2.723540e-01
        41         5        2.178917e-01
        42         5        6.594996e-01
        43         5        7.495260e-01
        44         5        2.486908e+00
        45         5       -7.757327e-01
        46         5        1.027510e+00
        47         5       -7.320884e-01
        48         5        6.559279e-01
        49         5       -5.660069e-01
        50         5       -3.796341e-01
        51         5        2.280642e-02
        52         5       -8.436288e-01
        53         5       -3.200695e-01
        54         5        1.035873e-01
        55         5        2.239296e-01
        56         5        2.265018e-01
        57         5       -1.379387e-01
        58         5       -8.053731e-01
        59         5       -6.751835e-01
        60         5        5.031167e-01
        61         5        2.681415e-01
        62         5       -1.750328e-01
        63         5       -8.888588e-01
        64         5        4.144072e-01
        65         5        6.469709e-01
        66         5        5.990179e-01
        67         5       -7.867726e-01
        68         5       -5.341972e-01
        69         5       -1.023962e+00
        70         5        1.586644e+00
        71         5        1.303809e+00
        72         5        8.125529e-01
        73         5        2.578007e-01
        74         5        6.951613e-01
        75         5       -2.985083e-01
        76         5       -5.268099e-01
        77         5        7.506615e-01
        78         5       -1.572070e-01
        79         5       -2.062883e+00
        80         5        1.716456e+00
        81         5        2.587290e-02
        82         5        1.878235e+00
        83         5       -1.053878e+00
        84         5        6.395131e-01
        85         5        3.059982e-01
        86         5       -1.701784e+00
        87         5        2.513048e-01
        88         5       -1.284736e+00
        89         5       -1.193041e+00
        90         5        1.118889e+00
        91         5       -4.736855e-01
        92         5        2.293934e+00
        93         5        9.491456e-01
        94         5        2.303715e-01
        95         5       -1.447311e+00
        96         5        6.417412e-01
        97         5        1.228645e+00
        98         5        1.966949e-01
        99         5       -5.257338e-02
       100         5        9.699208e-01
;

param theta:=
    1       -1.017445e+00
    2       -1.072845e+00
    3       -8.344464e-01
    4        2.409117e+00
    5       -4.069274e-01
;
param X_true:=
    1       -1.254146e+00
    2       -1.939979e-01
    3        2.729856e+00
    4       -5.683563e+00
    5        1.365503e+00
    6       -4.838064e-01
    7       -2.793163e+00
    8        1.981701e-01
    9       -2.032243e+00
   10       -4.575592e+00
   11       -1.922761e+00
   12        3.562689e+00
   13       -2.338376e+00
   14       -1.424525e+00
   15       -8.387470e-01
   16       -1.333518e+00
   17        3.744699e+00
   18        3.707303e+00
   19       -4.517839e+00
   20        4.057531e-01
   21       -1.736135e+00
   22        3.024717e+00
   23       -1.329471e+00
   24       -3.727242e-01
   25       -4.182253e+00
   26        2.995168e-01
   27        2.597193e+00
   28       -1.011300e+00
   29        1.345785e+00
   30        9.857630e-01
   31        4.331068e+00
   32        1.358809e+00
   33       -2.373299e+00
   34        8.637495e-01
   35       -4.839719e+00
   36        7.134201e-01
   37        5.244956e+00
   38       -9.553553e+00
   39        1.664059e+00
   40        4.542378e+00
   41        1.086798e+00
   42       -4.877652e+00
   43        3.151992e+00
   44       -3.866611e+00
   45       -5.693594e-01
   46        4.712745e+00
   47       -5.740213e-01
   48        4.164093e-01
   49       -1.383352e+00
   50        3.952738e+00
   51       -1.513117e+00
   52        6.033495e+00
   53        3.439788e-01
   54        3.290271e+00
   55       -1.907498e+00
   56        2.263494e-01
   57        3.331361e-01
   58        9.634587e-01
   59        5.106427e+00
   60        1.579023e+00
   61       -5.247712e+00
   62       -3.446161e+00
   63       -2.444666e+00
   64        2.090749e+00
   65       -5.198727e-01
   66        2.462144e+00
   67        4.327145e+00
   68        2.565276e-01
   69        1.874188e+00
   70       -7.787948e+00
   71       -2.577498e+00
   72       -2.819191e+00
   73       -5.170624e+00
   74       -9.342598e-01
   75        3.890203e+00
   76       -1.912814e+00
   77       -4.272831e+00
   78        1.056413e+00
   79       -4.700558e+00
   80        3.334452e+00
   81        7.687852e-01
   82        5.016897e+00
   83       -6.201898e-01
   84        2.478769e+00
   85       -2.501307e+00
   86       -1.017148e-01
   87        2.020311e-01
   88       -4.421304e+00
   89        1.809394e+00
   90       -1.253498e+00
   91       -4.387791e+00
   92       -2.182149e+00
   93       -6.820298e+00
   94       -3.968981e+00
   95       -1.306246e+00
   96        2.564096e+00
   97       -3.906793e-01
   98        1.661375e+00
   99       -4.719564e+00
  100       -3.806086e-02
;
param X:=
    1       -1.254146e+00
    2        2.170737e-01
    3        1.388958e+00
    4        4.513731e-01
    5        1.568095e+00
    6       -2.931221e-01
    7        1.733689e-01
    8       -2.006918e-01
    9        1.155295e+00
   10       -4.575592e+00
   11        1.306973e+00
   12        5.417689e-01
   13       -2.338376e+00
   14       -1.005708e+00
   15       -1.431428e+00
   16       -1.876655e-01
   17        3.744699e+00
   18        3.543879e-01
   19       -7.996098e-01
   20        1.022363e+00
   21       -1.736135e+00
   22       -4.938451e-02
   23       -4.878470e-01
   24       -3.727242e-01
   25       -4.182253e+00
   26        6.760820e-01
   27       -1.012101e-01
   28       -1.011300e+00
   29        1.345785e+00
   30        4.077117e-01
   31        4.331068e+00
   32        7.211196e-01
   33       -2.373299e+00
   34        8.637495e-01
   35       -2.190240e-01
   36        7.134201e-01
   37       -1.695635e+00
   38       -9.553553e+00
   39       -1.189501e-02
   40       -3.959208e-01
   41       -2.716582e-01
   42        4.599389e-01
   43       -8.998578e-01
   44        1.907734e+00
   45       -6.181788e-01
   46       -5.923585e-02
   47       -1.946079e+00
   48       -6.869906e-01
   49        4.371970e-02
   50       -5.955748e-01
   51        1.285089e+00
   52        1.182926e+00
   53        7.765584e-01
   54        3.290271e+00
   55        4.343593e-01
   56        2.263494e-01
   57        3.331361e-01
   58        9.634587e-01
   59        4.091298e-01
   60        1.579023e+00
   61       -5.793208e-02
   62        8.598277e-01
   63       -7.630693e-01
   64       -1.307353e+00
   65       -5.873652e-01
   66        2.462144e+00
   67       -6.480657e-02
   68        2.565276e-01
   69       -5.016216e-02
   70       -1.443695e+00
   71        1.739779e-01
   72       -2.819191e+00
   73       -1.295038e-01
   74       -7.233691e-01
   75        1.578288e+00
   76       -2.393744e-02
   77       -4.272831e+00
   78        1.056413e+00
   79       -4.700558e+00
   80        2.751032e-01
   81        1.340955e+00
   82       -5.533454e-01
   83       -4.598992e-01
   84        5.237317e-01
   85        6.446067e-01
   86       -2.733538e-01
   87        2.265360e-01
   88       -4.421304e+00
   89        1.809394e+00
   90       -1.194891e-01
   91       -4.548090e-01
   92       -4.225595e-01
   93        1.842310e-01
   94       -3.968981e+00
   95       -5.794894e-01
   96        4.102025e-01
   97       -1.238244e-01
   98        1.661375e+00
   99       -4.719564e+00
  100        5.886733e-01
;
param outliervec:=
    1    0
    2    1
    3    1
    4    1
    5    1
    6    1
    7    1
    8    1
    9    1
   10    0
   11    1
   12    1
   13    0
   14    1
   15    1
   16    1
   17    0
   18    1
   19    1
   20    1
   21    0
   22    1
   23    1
   24    0
   25    0
   26    1
   27    1
   28    0
   29    0
   30    1
   31    0
   32    1
   33    0
   34    0
   35    1
   36    0
   37    1
   38    0
   39    1
   40    1
   41    1
   42    1
   43    1
   44    1
   45    1
   46    1
   47    1
   48    1
   49    1
   50    1
   51    1
   52    1
   53    1
   54    0
   55    1
   56    0
   57    0
   58    0
   59    1
   60    0
   61    1
   62    1
   63    1
   64    1
   65    1
   66    0
   67    1
   68    0
   69    1
   70    1
   71    1
   72    0
   73    1
   74    1
   75    1
   76    1
   77    0
   78    0
   79    0
   80    1
   81    1
   82    1
   83    1
   84    1
   85    1
   86    1
   87    1
   88    0
   89    0
   90    1
   91    1
   92    1
   93    1
   94    0
   95    1
   96    1
   97    1
   98    0
   99    0
  100    1
;