data;


param d:= 100;
param r:=5;
param p:=0.840000;
param M:=1000;
param U:=
         1         1       -7.912867e-01
         2         1        6.889123e-01
         3         1       -8.912133e-01
         4         1       -2.060145e-01
         5         1        5.508883e-01
         6         1       -2.357421e-01
         7         1        1.317481e-01
         8         1        8.876409e-02
         9         1       -1.156966e+00
        10         1        1.292636e+00
        11         1       -5.788326e-01
        12         1       -9.578503e-01
        13         1        4.632816e-01
        14         1        7.286228e-01
        15         1        2.357554e-01
        16         1       -3.753392e-01
        17         1       -1.619787e+00
        18         1        8.412125e-01
        19         1       -8.491211e-01
        20         1        4.739652e-01
        21         1        6.667593e-01
        22         1       -8.260618e-01
        23         1       -9.863025e-01
        24         1       -2.119744e+00
        25         1        2.565442e-01
        26         1       -1.720767e+00
        27         1        2.144966e+00
        28         1       -1.684221e+00
        29         1       -1.101563e+00
        30         1        7.002893e-02
        31         1       -1.168038e-01
        32         1        6.900502e-01
        33         1       -1.039827e+00
        34         1       -6.035452e-01
        35         1        1.797439e-01
        36         1        5.348670e-01
        37         1        1.959613e+00
        38         1        1.273144e+00
        39         1        7.387593e-01
        40         1       -1.700797e-01
        41         1        5.385071e-01
        42         1       -2.219364e-01
        43         1        5.678428e-01
        44         1        1.561883e+00
        45         1       -1.631885e-01
        46         1       -1.406853e+00
        47         1       -1.727366e-01
        48         1        2.270342e+00
        49         1       -8.616472e-01
        50         1        7.370579e-02
        51         1       -9.144840e-01
        52         1       -1.617711e+00
        53         1       -5.701877e-01
        54         1       -2.840043e-01
        55         1       -2.524163e+00
        56         1       -1.242125e+00
        57         1        1.234637e-01
        58         1       -2.051786e+00
        59         1       -9.692265e-01
        60         1       -3.520730e-01
        61         1       -1.542265e+00
        62         1       -9.451129e-01
        63         1        8.132025e-01
        64         1        9.215827e-01
        65         1       -5.845551e-01
        66         1        6.717219e-01
        67         1        4.613402e-01
        68         1        2.147748e-01
        69         1       -8.765148e-01
        70         1        8.606036e-01
        71         1       -3.926102e-02
        72         1       -4.162395e-01
        73         1        5.767476e-01
        74         1       -5.787840e-01
        75         1       -7.442732e-01
        76         1        2.706968e+00
        77         1       -1.358663e+00
        78         1       -3.816531e-01
        79         1       -3.724989e-01
        80         1       -1.330967e+00
        81         1       -6.463797e-01
        82         1       -2.707221e-02
        83         1       -1.423562e+00
        84         1        1.280180e+00
        85         1        4.196095e-02
        86         1        5.093394e-01
        87         1       -1.899362e+00
        88         1       -7.282482e-01
        89         1        5.963243e-01
        90         1        2.499553e-01
        91         1       -1.441918e+00
        92         1       -4.662447e-02
        93         1       -6.848756e-01
        94         1       -1.757239e+00
        95         1        8.741446e-01
        96         1       -1.438221e+00
        97         1       -8.924390e-01
        98         1        5.495792e-01
        99         1       -1.561427e+00
       100         1       -8.026505e-01
         1         2        7.180492e-01
         2         2        5.852824e-01
         3         2       -2.937952e+00
         4         2        9.311563e-01
         5         2        2.118962e-01
         6         2        8.972825e-01
         7         2       -1.189611e+00
         8         2        8.644877e-01
         9         2        9.962048e-01
        10         2        6.728037e-02
        11         2       -4.239776e-01
        12         2       -5.846742e-01
        13         2       -9.971888e-01
        14         2       -3.054572e-01
        15         2       -3.067770e-01
        16         2       -1.779645e+00
        17         2       -1.233207e+00
        18         2        3.074587e-01
        19         2       -1.748321e+00
        20         2       -1.062965e+00
        21         2        3.645591e-01
        22         2        8.414386e-01
        23         2        1.195304e+00
        24         2       -2.316324e+00
        25         2        1.082716e+00
        26         2       -1.255698e+00
        27         2       -7.041476e-01
        28         2        4.988589e-01
        29         2        1.302942e-01
        30         2       -9.293087e-01
        31         2        3.559508e-01
        32         2        7.357705e-01
        33         2        1.220813e-01
        34         2       -3.566224e-01
        35         2        8.398619e-02
        36         2        5.236980e-02
        37         2        5.108365e-01
        38         2        1.200215e+00
        39         2        2.833716e-01
        40         2       -1.309386e+00
        41         2       -5.950829e-01
        42         2       -7.632349e-01
        43         2       -9.772824e-01
        44         2       -6.589774e-01
        45         2       -6.532724e-02
        46         2       -9.977397e-03
        47         2        3.329793e-01
        48         2        1.307732e+00
        49         2        1.118862e+00
        50         2       -8.014706e-01
        51         2        9.819591e-01
        52         2        8.189798e-01
        53         2        5.525840e-01
        54         2       -4.930512e-01
        55         2        8.782352e-01
        56         2       -8.402904e-03
        57         2        4.333388e-01
        58         2        5.554018e-03
        59         2       -1.774785e-02
        60         2       -4.389926e-01
        61         2       -5.978282e-01
        62         2       -1.031099e+00
        63         2        5.093089e-01
        64         2       -5.999449e-01
        65         2       -1.870835e+00
        66         2        9.510002e-01
        67         2        9.898334e-01
        68         2        1.018010e+00
        69         2        4.110840e-01
        70         2        7.920367e-01
        71         2        1.493090e+00
        72         2        2.487533e-01
        73         2        1.557459e+00
        74         2        2.184882e+00
        75         2        7.208981e-01
        76         2        1.432008e+00
        77         2        2.684341e-01
        78         2       -1.051887e+00
        79         2        1.061274e+00
        80         2        6.857401e-01
        81         2        1.095310e+00
        82         2        8.749893e-01
        83         2       -4.097594e-01
        84         2        7.715999e-01
        85         2       -2.758281e-01
        86         2        8.010849e-01
        87         2        1.523129e-01
        88         2       -1.792340e+00
        89         2       -8.456969e-01
        90         2        1.459280e+00
        91         2       -1.806776e+00
        92         2        1.725011e+00
        93         2        3.631958e-01
        94         2        9.788108e-01
        95         2       -8.335856e-01
        96         2       -1.890836e+00
        97         2       -3.754063e-02
        98         2       -1.219123e+00
        99         2        7.581432e-01
       100         2       -4.672330e-01
         1         3       -1.023051e+00
         2         3        3.562284e-01
         3         3       -4.032582e-01
         4         3        5.118948e-01
         5         3       -1.181522e+00
         6         3        1.379145e-01
         7         3       -3.172472e+00
         8         3        7.094400e-01
         9         3       -3.358091e-01
        10         3       -7.372113e-01
        11         3       -1.081557e+00
        12         3        1.046275e+00
        13         3        1.864883e+00
        14         3        1.691142e+00
        15         3       -6.584457e-01
        16         3       -1.058769e+00
        17         3        5.371427e-01
        18         3        2.600626e+00
        19         3       -3.941418e-01
        20         3        1.156452e-02
        21         3        2.010463e-01
        22         3       -1.438213e+00
        23         3        1.826361e+00
        24         3       -7.277683e-01
        25         3       -1.989971e+00
        26         3        1.207639e+00
        27         3        8.532383e-01
        28         3        2.558715e-01
        29         3        2.918968e-01
        30         3        9.082123e-01
        31         3        7.916296e-01
        32         3        1.534014e+00
        33         3       -1.525588e+00
        34         3       -1.210127e+00
        35         3       -1.173893e+00
        36         3       -4.139339e-01
        37         3       -1.257186e+00
        38         3       -3.979650e-01
        39         3       -1.963410e+00
        40         3       -4.459269e-01
        41         3        1.198547e-01
        42         3        1.514144e-01
        43         3        1.042143e+00
        44         3       -2.120569e+00
        45         3       -1.400970e-01
        46         3        1.757057e+00
        47         3       -2.172994e+00
        48         3       -8.671798e-01
        49         3       -9.638683e-01
        50         3        7.640140e-01
        51         3       -1.381411e+00
        52         3       -1.213149e-01
        53         3       -4.203940e-01
        54         3       -1.270943e+00
        55         3       -3.666700e-01
        56         3        8.866621e-01
        57         3        2.953655e-01
        58         3        8.120137e-02
        59         3       -5.334454e-01
        60         3       -1.651925e-01
        61         3        6.294533e-01
        62         3       -5.973084e-01
        63         3        9.224379e-02
        64         3       -1.044805e+00
        65         3       -1.948802e-01
        66         3       -1.811739e-01
        67         3        1.211153e+00
        68         3        1.342634e+00
        69         3       -4.759305e-01
        70         3       -6.683949e-01
        71         3        3.102874e-01
        72         3       -4.899065e-01
        73         3       -2.821739e-01
        74         3        5.381593e-01
        75         3       -1.041714e-01
        76         3        4.877410e-02
        77         3        1.154518e+00
        78         3       -1.092436e+00
        79         3        1.232840e+00
        80         3       -1.538239e+00
        81         3       -1.358850e+00
        82         3        1.176910e+00
        83         3       -3.931458e-01
        84         3        7.663486e-01
        85         3        1.368146e-01
        86         3       -6.515086e-01
        87         3        5.962347e-02
        88         3       -6.105606e-01
        89         3        1.835760e+00
        90         3        1.353903e+00
        91         3       -8.988897e-01
        92         3        1.823484e+00
        93         3        7.986285e-01
        94         3       -4.354458e-01
        95         3       -3.538436e-01
        96         3       -5.158776e-02
        97         3        7.890625e-01
        98         3       -9.434037e-01
        99         3       -6.978284e-01
       100         3       -4.176969e-01
         1         4       -1.011939e+00
         2         4       -4.459221e-01
         3         4        8.933592e-01
         4         4        1.663211e+00
         5         4        3.993495e-02
         6         4       -2.125084e-01
         7         4       -5.479077e-01
         8         4       -7.838700e-02
         9         4       -8.986660e-01
        10         4       -1.725273e-01
        11         4       -8.991887e-01
        12         4        2.162607e+00
        13         4        1.091651e+00
        14         4       -1.851587e+00
        15         4       -1.005096e+00
        16         4        1.496386e+00
        17         4       -7.094195e-01
        18         4        5.743661e-01
        19         4       -9.897730e-01
        20         4        8.151421e-01
        21         4       -8.734454e-01
        22         4       -6.053591e-01
        23         4        2.500669e+00
        24         4        1.353450e-01
        25         4        1.200033e+00
        26         4       -1.627981e+00
        27         4        4.002140e-01
        28         4       -5.527323e-01
        29         4       -1.626137e+00
        30         4       -1.631774e+00
        31         4        9.055634e-02
        32         4       -4.433373e-01
        33         4        8.556019e-01
        34         4       -1.488865e-01
        35         4        5.102099e-01
        36         4       -5.432824e-01
        37         4       -1.744739e+00
        38         4       -4.504674e-01
        39         4        2.970887e-01
        40         4       -7.654052e-01
        41         4        1.245611e+00
        42         4        1.560782e-01
        43         4        1.776223e+00
        44         4       -1.395747e+00
        45         4        1.181310e-01
        46         4       -7.185595e-02
        47         4        6.661114e-01
        48         4       -1.737838e+00
        49         4       -8.704174e-01
        50         4        3.446231e-01
        51         4        1.745449e+00
        52         4        5.173228e-01
        53         4       -4.797653e-01
        54         4       -1.390365e+00
        55         4        1.008123e+00
        56         4        1.010498e+00
        57         4        1.040092e+00
        58         4       -5.152329e-02
        59         4        1.083281e+00
        60         4        4.856745e-01
        61         4        1.010094e-02
        62         4        1.018236e-02
        63         4       -1.071284e-01
        64         4       -6.396656e-01
        65         4       -8.963756e-01
        66         4        9.616781e-01
        67         4       -1.859685e-02
        68         4        1.507792e+00
        69         4        7.802670e-01
        70         4        7.088353e-01
        71         4       -1.821564e-01
        72         4        3.538516e-01
        73         4        9.808515e-01
        74         4       -4.238564e-01
        75         4       -4.988054e-01
        76         4       -5.874387e-01
        77         4        5.295272e-01
        78         4        2.958421e-01
        79         4        3.799369e-01
        80         4       -2.337442e-02
        81         4       -8.126484e-01
        82         4        1.093719e+00
        83         4        1.438451e+00
        84         4       -3.719933e-01
        85         4       -4.525690e-01
        86         4        1.705934e-02
        87         4        5.768391e-01
        88         4       -9.494380e-01
        89         4        3.324548e-01
        90         4        1.132388e+00
        91         4        1.043967e-01
        92         4       -1.252601e+00
        93         4        5.832005e-01
        94         4       -7.474065e-01
        95         4        1.094121e+00
        96         4       -1.771784e+00
        97         4        1.250509e+00
        98         4        2.028251e-02
        99         4        3.225980e-01
       100         4       -5.566416e-01
         1         5        8.176060e-01
         2         5       -4.456563e-01
         3         5        1.136495e+00
         4         5        6.211480e-01
         5         5       -2.008861e+00
         6         5       -4.923731e-01
         7         5       -1.104933e+00
         8         5        1.681282e+00
         9         5        1.594527e+00
        10         5       -2.464736e-01
        11         5       -3.229258e-02
        12         5       -7.470314e-01
        13         5        2.227018e-01
        14         5        6.514257e-01
        15         5        8.955611e-01
        16         5       -9.411460e-01
        17         5        9.812114e-01
        18         5       -1.495294e+00
        19         5       -1.256384e+00
        20         5       -9.879443e-01
        21         5       -3.049952e-01
        22         5       -3.209742e-01
        23         5        1.210964e-01
        24         5       -1.608175e+00
        25         5        8.037072e-01
        26         5        1.529912e+00
        27         5        1.299707e+00
        28         5       -2.059510e+00
        29         5       -2.228604e+00
        30         5        8.673498e-01
        31         5        4.418187e-01
        32         5       -5.279167e-01
        33         5        7.106082e-01
        34         5       -6.228354e-01
        35         5       -1.625015e+00
        36         5       -1.525188e+00
        37         5        2.186827e+00
        38         5        9.138026e-01
        39         5        7.249685e-01
        40         5        6.428138e-01
        41         5       -1.329481e+00
        42         5        3.124007e-02
        43         5        1.526034e+00
        44         5       -2.580226e-01
        45         5       -3.666165e-01
        46         5       -1.135555e+00
        47         5        4.692147e-01
        48         5        4.480846e-01
        49         5       -6.712696e-01
        50         5        1.313618e+00
        51         5        6.825044e-01
        52         5       -1.346724e+00
        53         5        6.371587e-02
        54         5       -7.069575e-01
        55         5       -4.105549e-01
        56         5       -8.763841e-01
        57         5        9.127601e-01
        58         5        3.567203e-01
        59         5       -1.197890e+00
        60         5       -1.435472e+00
        61         5        1.646833e-01
        62         5       -3.418913e-01
        63         5        4.450135e-01
        64         5        6.191617e-01
        65         5        8.193711e-01
        66         5       -2.256557e-01
        67         5       -2.256567e-01
        68         5       -1.388504e+00
        69         5       -2.205877e-01
        70         5        9.073964e-01
        71         5       -3.989502e-01
        72         5        5.631564e-01
        73         5        4.427649e-01
        74         5        1.594710e+00
        75         5        7.019261e-01
        76         5        8.367280e-01
        77         5        3.148710e-01
        78         5        3.176368e-01
        79         5       -1.324444e+00
        80         5        6.301747e-01
        81         5        1.007302e+00
        82         5       -8.693994e-01
        83         5       -4.979462e-02
        84         5       -3.442643e-01
        85         5        1.120806e+00
        86         5       -1.046529e+00
        87         5        5.407987e-01
        88         5        7.526135e-01
        89         5        1.327954e+00
        90         5       -1.009872e+00
        91         5       -4.867171e-01
        92         5        5.061123e-01
        93         5        2.021663e-01
        94         5       -1.749772e-01
        95         5        7.496051e-01
        96         5        1.042184e-01
        97         5       -1.921442e+00
        98         5        4.013405e-01
        99         5       -7.221573e-01
       100         5       -5.199864e-01
;

param theta:=
    1        5.520762e-01
    2       -1.549885e+00
    3       -1.215498e+00
    4       -7.148554e-01
    5        8.245896e-01
;
param X_true:=
    1        1.091352e+00
    2       -1.008497e+00
    3        4.850150e+00
    4       -2.855892e+00
    5       -2.731784e-01
    6       -1.942560e+00
    7        5.253189e+00
    8       -7.107720e-01
    9        1.826859e-01
   10        1.425528e+00
   11        2.268349e+00
   12       -3.056320e+00
   13       -1.062202e+00
   14        6.808751e-01
   15        2.862932e+00
   16        1.992202e+00
   17        1.680416e+00
   18       -4.816761e+00
   19        2.391539e+00
   20        4.977240e-01
   21       -6.840295e-02
   22        1.560355e-01
   23       -6.304799e+00
   24        1.881540e+00
   25        6.872304e-01
   26        1.953629e+00
   27        2.024053e+00
   28       -3.317130e+00
   29       -1.840118e+00
   30        2.256742e+00
   31       -1.278807e+00
   32       -2.742384e+00
   33        1.065403e+00
   34        1.283277e+00
   35       -3.087680e-01
   36       -1.520298e-01
   37        4.868696e+00
   38        4.019349e-01
   39        2.740606e+00
   40        3.554735e+00
   41       -9.127846e-01
   42        7.905433e-01
   43        5.500546e-01
   44        5.246161e+00
   45       -2.053098e-01
   46       -3.781927e+00
   47        1.940563e+00
   48        1.892412e+00
   49       -9.695207e-01
   50        1.191061e+00
   51       -1.032643e+00
   52       -3.495272e+00
   53       -2.647383e-01
   54        2.563170e+00
   55       -3.368208e+00
   56       -3.195477e+00
   57       -9.533429e-01
   58       -9.090710e-01
   59       -1.621335e+00
   60       -8.440542e-01
   61       -5.614069e-01
   62        1.513139e+00
   63       -9.007841e-03
   64        3.676411e+00
   65        4.130160e+00
   66       -1.756417e+00
   67       -2.924367e+00
   68       -5.313995e+00
   69       -1.282216e+00
   70        3.015006e-01
   71       -2.911701e+00
   72        1.915658e-01
   73       -2.088559e+00
   74       -2.742004e+00
   75       -4.662097e-01
   76        3.256111e-01
   77       -2.688338e+00
   78        2.797892e+00
   79       -4.712738e+00
   80        6.084585e-01
   81        1.008762e+00
   82       -4.300359e+00
   83       -7.423112e-01
   84       -1.438585e+00
   85        1.532096e+00
   86       -1.043640e+00
   87       -1.323552e+00
   88        4.417316e+00
   89        2.659466e-01
   90       -5.411613e+00
   91        2.620874e+00
   92       -3.602988e+00
   93       -2.161947e+00
   94       -1.567887e+00
   95        2.040631e+00
   96        3.551782e+00
   97       -3.871949e+00
   98        3.656058e+00
   99       -2.014946e+00
  100        7.578860e-01
;
param X:=
    1        1.840453e+00
    2        1.055841e+00
    3        4.850150e+00
    4        3.504235e-01
    5       -1.194289e+00
    6        1.506977e+00
    7       -3.932904e-01
    8        5.885256e-01
    9       -2.788180e+00
   10       -1.203147e+00
   11       -5.108727e-01
   12       -9.397495e-01
   13       -1.613283e-01
   14        2.097240e+00
   15        3.560803e-02
   16        1.992202e+00
   17       -2.982000e+00
   18        5.088543e-01
   19       -6.930544e-01
   20       -1.794512e+00
   21        9.450243e-01
   22        1.560355e-01
   23       -6.304799e+00
   24       -1.230026e-01
   25        1.258158e+00
   26       -3.482386e-01
   27       -4.554005e-01
   28        3.774116e-01
   29       -1.840118e+00
   30        1.782820e-01
   31       -1.394472e-01
   32       -5.818354e-01
   33        2.115726e+00
   34        1.283277e+00
   35       -3.087680e-01
   36        1.422346e+00
   37       -6.199658e-01
   38        4.019349e-01
   39        3.306656e-03
   40        1.710252e-01
   41        8.270785e-02
   42        6.273821e-01
   43        1.711883e-01
   44       -8.830193e-01
   45       -1.948843e-01
   46        3.667377e-01
   47        8.685091e-01
   48        6.679111e-01
   49        1.256519e+00
   50       -1.025811e+00
   51       -2.761186e-01
   52        7.003514e-01
   53       -7.777104e-01
   54        1.182538e+00
   55        1.261569e+00
   56        2.651577e-01
   57        1.863325e+00
   58       -3.147170e-01
   59       -2.619459e-01
   60        1.116072e-02
   61        1.414082e+00
   62       -4.229525e-01
   63        6.842497e-02
   64       -1.212410e-01
   65       -6.118014e-01
   66       -8.085115e-01
   67       -3.770057e-01
   68        3.469725e-01
   69       -5.002798e-01
   70       -9.039634e-01
   71       -3.954622e-01
   72        5.993770e-01
   73       -2.088559e+00
   74       -2.742004e+00
   75        4.380322e-01
   76        3.256111e-01
   77       -3.030337e-01
   78        2.797892e+00
   79       -2.276561e+00
   80       -1.085930e+00
   81       -4.749887e-01
   82       -1.369961e-01
   83        1.739048e+00
   84       -7.012405e-01
   85       -1.595711e+00
   86        6.764572e-02
   87       -1.127181e+00
   88       -5.247460e-01
   89       -5.481980e-01
   90       -5.411613e+00
   91        6.823813e-01
   92        2.935703e-01
   93       -4.641735e-01
   94        1.020079e+00
   95       -6.726833e-01
   96        3.551782e+00
   97        7.684377e-01
   98       -3.524592e-01
   99        7.147492e-01
  100        7.578860e-01
;
param outliervec:=
    1    1
    2    1
    3    0
    4    1
    5    1
    6    1
    7    1
    8    1
    9    1
   10    1
   11    1
   12    1
   13    1
   14    1
   15    1
   16    0
   17    1
   18    1
   19    1
   20    1
   21    1
   22    0
   23    0
   24    1
   25    1
   26    1
   27    1
   28    1
   29    0
   30    1
   31    1
   32    1
   33    1
   34    0
   35    0
   36    1
   37    1
   38    0
   39    1
   40    1
   41    1
   42    1
   43    1
   44    1
   45    1
   46    1
   47    1
   48    1
   49    1
   50    1
   51    1
   52    1
   53    1
   54    1
   55    1
   56    1
   57    1
   58    1
   59    1
   60    1
   61    1
   62    1
   63    1
   64    1
   65    1
   66    1
   67    1
   68    1
   69    1
   70    1
   71    1
   72    1
   73    0
   74    0
   75    1
   76    0
   77    1
   78    0
   79    1
   80    1
   81    1
   82    1
   83    1
   84    1
   85    1
   86    1
   87    1
   88    1
   89    1
   90    0
   91    1
   92    1
   93    1
   94    1
   95    1
   96    0
   97    1
   98    1
   99    1
  100    0
;