data;


param FN:= 0;
param D:= 100;
param U_Original:=
         1         1       -6.860835e-01
         2         1        1.493534e+00
         3         1       -2.481683e-01
         4         1       -3.403648e-01
         5         1        6.690570e-01
         6         1       -4.139209e-01
         7         1       -1.037597e+00
         8         1        1.060699e+00
         9         1       -9.798776e-02
        10         1       -6.638757e-01
        11         1        2.268246e-01
        12         1       -1.149247e-01
        13         1        1.135048e+00
        14         1        1.757004e+00
        15         1       -5.159861e-01
        16         1        6.879109e-01
        17         1       -1.716249e-02
        18         1        1.210460e-01
        19         1       -4.737793e-01
        20         1       -1.265440e+00
        21         1        2.188394e-02
        22         1        8.597880e-01
        23         1       -7.400325e-01
        24         1       -2.722478e-01
        25         1        1.484271e-01
        26         1        1.763545e-01
        27         1        1.317804e+00
        28         1       -5.176968e-01
        29         1       -1.664576e+00
        30         1        7.093294e-01
        31         1        1.960123e-01
        32         1       -1.107929e+00
        33         1       -7.469176e-01
        34         1        8.536279e-01
        35         1       -6.318846e-01
        36         1       -7.156183e-01
        37         1       -1.017106e+00
        38         1       -1.093039e+00
        39         1        8.535872e-01
        40         1       -4.246089e-03
        41         1       -2.127665e-01
        42         1       -3.146074e-01
        43         1        7.170665e-01
        44         1        4.836886e-01
        45         1        8.535146e-02
        46         1       -9.982277e-01
        47         1        7.970779e-04
        48         1       -1.336190e-01
        49         1       -2.271453e-01
        50         1        1.183807e+00
        51         1       -4.006294e-01
        52         1       -1.046915e+00
        53         1       -1.457137e+00
        54         1       -5.201219e-01
        55         1        5.210221e-02
        56         1        7.115103e-02
        57         1       -1.271954e+00
        58         1        7.753321e-01
        59         1        3.236678e-01
        60         1        1.939952e-01
        61         1       -1.092201e+00
        62         1        1.460050e+00
        63         1        1.113699e+00
        64         1        2.050356e-01
        65         1       -2.342179e-01
        66         1       -3.066111e-01
        67         1       -1.500134e-01
        68         1        1.466557e+00
        69         1       -3.787604e-01
        70         1        1.690456e+00
        71         1       -2.810726e+00
        72         1       -6.859421e-01
        73         1       -9.926313e-01
        74         1        9.360974e-01
        75         1       -1.010718e+00
        76         1       -8.984142e-01
        77         1        4.084500e-01
        78         1        5.219967e-02
        79         1        1.841196e+00
        80         1        3.347955e-01
        81         1        1.563976e-01
        82         1       -8.203032e-02
        83         1       -1.452618e+00
        84         1        1.083180e+00
        85         1        2.859674e-01
        86         1        1.040069e+00
        87         1        2.731044e-01
        88         1       -3.487334e-01
        89         1       -9.436176e-02
        90         1        9.939734e-02
        91         1       -1.958297e-01
        92         1        1.292192e+00
        93         1        3.085559e-01
        94         1        5.116490e-01
        95         1        2.259776e-01
        96         1        1.066351e+00
        97         1       -1.644946e+00
        98         1       -6.168538e-01
        99         1        2.490915e-01
       100         1       -1.423999e+00
         1         2       -3.343722e-01
         2         2       -2.569561e+00
         3         2        2.212658e-01
         4         2        1.271288e+00
         5         2        1.369756e-01
         6         2        8.559106e-01
         7         2        3.038888e+00
         8         2        2.218449e-01
         9         2       -1.283223e-01
        10         2        8.914161e-01
        11         2        1.095001e+00
        12         2       -2.045271e-01
        13         2       -7.951281e-01
        14         2       -1.955505e-01
        15         2        1.092537e+00
        16         2        3.050813e-01
        17         2       -4.708217e-01
        18         2        1.158606e+00
        19         2        9.375401e-01
        20         2       -5.708705e-01
        21         2       -1.454566e+00
        22         2        1.462527e-01
        23         2        7.341631e-01
        24         2       -6.273897e-01
        25         2        7.733464e-01
        26         2       -5.400247e-01
        27         2       -1.926748e-01
        28         2       -1.600879e+00
        29         2        1.768604e+00
        30         2        9.257296e-01
        31         2        6.318358e-01
        32         2       -2.173345e+00
        33         2        1.687049e+00
        34         2        8.518760e-01
        35         2        1.789864e+00
        36         2       -2.771013e-01
        37         2        3.972074e-02
        38         2        3.877764e-01
        39         2       -8.857178e-02
        40         2        1.821030e-01
        41         2       -1.418398e+00
        42         2       -4.797333e-02
        43         2       -1.689948e-01
        44         2       -5.503662e-01
        45         2        7.052278e-01
        46         2       -2.147769e-01
        47         2       -7.378357e-01
        48         2       -1.502074e+00
        49         2       -4.406024e-01
        50         2        9.838062e-01
        51         2       -3.002071e+00
        52         2       -2.789164e-01
        53         2        2.191262e-01
        54         2       -1.519260e+00
        55         2       -1.000961e+00
        56         2        3.956832e-01
        57         2        6.538326e-01
        58         2       -4.062728e-01
        59         2       -3.846581e-01
        60         2       -6.795625e-01
        61         2        2.120431e-01
        62         2        6.561405e-01
        63         2       -2.152747e+00
        64         2        3.020150e-01
        65         2        3.815563e-01
        66         2        4.590051e-01
        67         2        4.121752e-01
        68         2        5.622011e-01
        69         2        2.988710e-01
        70         2        2.713950e-01
        71         2       -1.604302e-01
        72         2       -6.683548e-01
        73         2        3.562109e-01
        74         2        6.956039e-01
        75         2       -1.533647e+00
        76         2       -1.074794e+00
        77         2       -1.600669e+00
        78         2       -1.323573e+00
        79         2       -1.128730e+00
        80         2        8.489590e-01
        81         2        1.694023e-01
        82         2       -1.004271e+00
        83         2       -9.919893e-01
        84         2       -2.672272e-01
        85         2        5.063136e-01
        86         2       -3.229798e-01
        87         2        7.602736e-01
        88         2       -1.144120e+00
        89         2        1.255882e+00
        90         2        2.127625e-01
        91         2        5.941845e-01
        92         2       -1.677606e-01
        93         2       -5.126522e-01
        94         2        2.361913e-01
        95         2       -3.577497e-01
        96         2        4.898458e-01
        97         2        8.018758e-01
        98         2        2.239615e-01
        99         2       -7.617341e-01
       100         2       -8.107681e-01
         1         3       -6.701468e-01
         2         3        7.715142e-01
         3         3       -2.179733e-02
         4         3        6.152095e-01
         5         3        2.584934e+00
         6         3       -1.183012e+00
         7         3       -4.159195e-01
         8         3       -7.734484e-01
         9         3       -1.443257e+00
        10         3        9.812054e-02
        11         3        1.829180e+00
        12         3       -1.828037e-01
        13         3        2.357563e+00
        14         3       -6.320856e-01
        15         3        7.246979e-01
        16         3        3.587527e-01
        17         3        3.136587e-01
        18         3       -1.566582e+00
        19         3        1.874998e+00
        20         3        1.080562e+00
        21         3       -4.284938e-01
        22         3        3.089171e-01
        23         3       -9.200029e-01
        24         3        1.619574e+00
        25         3       -3.542168e-01
        26         3        2.974963e-01
        27         3        1.447487e+00
        28         3        6.593521e-01
        29         3        6.333600e-02
        30         3        9.858510e-03
        31         3        1.395382e-02
        32         3        6.887536e-01
        33         3        1.788994e+00
        34         3        2.113181e-01
        35         3       -1.180150e+00
        36         3       -1.085407e+00
        37         3        5.182689e-02
        38         3        7.284825e-01
        39         3        5.149002e-02
        40         3        4.743131e-01
        41         3       -2.410795e+00
        42         3       -2.703779e-01
        43         3       -1.231719e+00
        44         3        8.985863e-01
        45         3        5.250780e-01
        46         3        2.369891e+00
        47         3       -1.926334e-01
        48         3        1.015955e+00
        49         3        3.270739e-04
        50         3       -3.228077e-01
        51         3        1.119980e-01
        52         3       -4.402968e-02
        53         3        7.155270e-01
        54         3       -6.621833e-02
        55         3       -6.338224e-01
        56         3        5.860381e-01
        57         3        6.915181e-01
        58         3       -1.273739e+00
        59         3        6.509492e-01
        60         3        2.960591e-01
        61         3        6.860139e-01
        62         3       -8.954296e-01
        63         3        2.110236e+00
        64         3       -1.259122e-01
        65         3       -1.508030e-01
        66         3        1.077764e-01
        67         3        6.938027e-01
        68         3        1.166610e+00
        69         3       -1.341037e+00
        70         3       -1.433405e+00
        71         3        5.279382e-01
        72         3        6.371806e-01
        73         3       -5.280771e-01
        74         3        8.774568e-01
        75         3        1.701361e+00
        76         3        1.040446e+00
        77         3       -3.879653e-01
        78         3        1.584920e+00
        79         3       -4.057904e-01
        80         3        1.131545e+00
        81         3        2.506512e-01
        82         3        7.430573e-01
        83         3        3.178564e-01
        84         3       -1.358315e+00
        85         3        3.049557e-01
        86         3       -4.733263e-01
        87         3        4.188536e-01
        88         3        6.690925e-01
        89         3        3.139943e-01
        90         3       -3.550617e-02
        91         3        7.963447e-01
        92         3       -5.770791e-01
        93         3        6.842953e-02
        94         3       -1.343794e+00
        95         3        5.221731e-01
        96         3       -4.443210e-01
        97         3       -4.622952e-01
        98         3        2.630083e+00
        99         3        1.212587e+00
       100         3        6.881226e-01
         1         4        1.164290e+00
         2         4       -1.056076e+00
         3         4       -2.565523e-01
         4         4        9.486931e-01
         5         4       -9.934139e-02
         6         4        9.728849e-02
         7         4        5.507537e-02
         8         4        4.574654e-01
         9         4       -2.010337e+00
        10         4        1.486091e+00
        11         4        1.237933e+00
        12         4        1.177647e-01
        13         4       -3.253617e-01
        14         4        1.491196e+00
        15         4       -7.201568e-01
        16         4       -7.577217e-01
        17         4        1.100474e+00
        18         4       -7.746905e-01
        19         4        1.220440e-02
        20         4       -1.681098e+00
        21         4        1.198883e+00
        22         4       -1.716180e-02
        23         4       -5.195558e-01
        24         4       -1.227182e+00
        25         4        1.103305e+00
        26         4        6.063719e-01
        27         4       -5.556262e-01
        28         4        1.017001e-01
        29         4        8.213538e-02
        30         4       -5.246429e-01
        31         4       -8.322372e-01
        32         4        6.094399e-01
        33         4       -3.649259e-01
        34         4        7.715640e-01
        35         4       -1.128066e+00
        36         4       -6.005715e-01
        37         4       -7.281822e-02
        38         4        6.285997e-01
        39         4       -9.096876e-01
        40         4        5.991293e-01
        41         4       -1.683486e-01
        42         4       -1.733816e+00
        43         4       -2.591585e-01
        44         4       -5.382421e-01
        45         4       -3.925376e-01
        46         4       -1.151976e+00
        47         4        1.004767e+00
        48         4        1.366100e+00
        49         4       -6.369472e-01
        50         4        7.290180e-01
        51         4       -7.320642e-01
        52         4        4.043175e-01
        53         4       -8.624837e-01
        54         4       -5.968028e-01
        55         4        1.710177e+00
        56         4       -1.535272e-01
        57         4       -1.510847e+00
        58         4        2.820939e-01
        59         4       -4.187102e-01
        60         4       -3.202165e-01
        61         4        1.555071e+00
        62         4        4.354327e-01
        63         4       -5.465834e-02
        64         4        2.875478e-02
        65         4       -1.468026e+00
        66         4       -1.075667e+00
        67         4       -1.610001e+00
        68         4       -1.903173e-01
        69         4       -9.054241e-01
        70         4       -2.041778e+00
        71         4        5.006545e-01
        72         4       -2.657082e+00
        73         4        2.256152e+00
        74         4       -2.237991e-01
        75         4       -9.535200e-01
        76         4       -1.293096e+00
        77         4        1.505192e+00
        78         4        1.455924e-02
        79         4       -4.760770e-01
        80         4        1.120450e+00
        81         4        7.404180e-01
        82         4       -9.679284e-01
        83         4        1.221846e+00
        84         4        1.382956e+00
        85         4       -6.628882e-01
        86         4       -7.170483e-01
        87         4        1.136756e-01
        88         4        7.827021e-02
        89         4        9.099433e-01
        90         4        8.029511e-01
        91         4       -8.866487e-02
        92         4       -1.746800e+00
        93         4        1.556434e-01
        94         4       -1.573179e+00
        95         4        5.099431e-02
        96         4        4.927831e-01
        97         4        2.363629e-01
        98         4        1.475123e-01
        99         4        9.152916e-02
       100         4        2.942663e-01
         1         5        5.129541e-01
         2         5       -8.659929e-01
         3         5        5.437586e-01
         4         5       -3.818619e-01
         5         5       -9.870415e-01
         6         5       -1.812370e+00
         7         5        9.802036e-01
         8         5        2.087269e-02
         9         5       -8.906657e-01
        10         5        6.058589e-01
        11         5        1.036737e-01
        12         5        1.669733e+00
        13         5       -4.321285e-01
        14         5       -6.752803e-01
        15         5       -1.907792e+00
        16         5       -2.019900e-01
        17         5        7.118651e-01
        18         5       -1.994102e+00
        19         5       -9.682239e-01
        20         5        4.560220e-01
        21         5        2.086648e+00
        22         5        2.127374e+00
        23         5        1.283141e+00
        24         5       -5.203627e-01
        25         5        9.521869e-01
        26         5        1.398545e+00
        27         5       -1.054407e+00
        28         5        9.465896e-03
        29         5        8.566734e-01
        30         5        1.967269e-01
        31         5       -6.765342e-02
        32         5        6.874576e-01
        33         5       -1.858391e+00
        34         5        9.079173e-01
        35         5        2.226860e+00
        36         5       -1.202978e+00
        37         5        1.146749e-01
        38         5        2.413031e+00
        39         5       -1.266248e+00
        40         5        5.865311e-01
        41         5       -1.110890e+00
        42         5       -8.773256e-01
        43         5        1.944861e+00
        44         5       -4.248270e-01
        45         5        9.858188e-02
        46         5        1.824184e-01
        47         5       -5.991847e-01
        48         5       -4.719312e-01
        49         5        4.043215e-01
        50         5        6.419998e-01
        51         5       -1.114861e-01
        52         5       -4.782119e-02
        53         5       -2.356548e-02
        54         5       -1.480735e+00
        55         5        1.549505e+00
        56         5        2.072512e-01
        57         5        1.014878e+00
        58         5        2.563899e-01
        59         5       -7.356358e-01
        60         5       -5.026580e-01
        61         5        1.266908e+00
        62         5       -2.799598e-01
        63         5       -1.173446e+00
        64         5       -1.748505e-01
        65         5       -1.225721e-01
        66         5        2.266691e+00
        67         5        2.280072e-01
        68         5       -5.815860e-01
        69         5       -4.047004e-01
        70         5       -6.790587e-01
        71         5       -2.571045e-02
        72         5       -2.299910e-01
        73         5       -1.311618e+00
        74         5       -8.501151e-01
        75         5       -1.063670e-01
        76         5       -9.703722e-01
        77         5        1.840275e-01
        78         5        5.076497e-01
        79         5        1.215777e+00
        80         5        1.060282e-01
        81         5        1.314711e+00
        82         5        2.505528e+00
        83         5       -4.574471e-01
        84         5       -1.775876e+00
        85         5        1.010247e-02
        86         5       -1.086175e+00
        87         5       -4.807332e-01
        88         5       -6.820966e-01
        89         5       -5.529102e-01
        90         5        2.199670e-01
        91         5        4.772924e-01
        92         5       -1.770522e-01
        93         5        5.257966e-01
        94         5        2.080883e+00
        95         5       -1.228664e-01
        96         5        1.049201e+00
        97         5        1.338496e+00
        98         5       -1.265150e-01
        99         5       -4.045563e-01
       100         5       -8.699832e-01
;
param X_Original:=
    1        1.871914e+00
    2       -2.844554e-01
    3        1.074986e+00
    4        1.531094e-01
    5        9.374724e-01
    6       -9.602743e-01
    7        4.712832e-01
    8       -5.354538e-02
    9       -5.513459e-01
   10       -1.797065e+00
   11       -7.854702e-01
   12       -2.972446e+00
   13        4.044687e+00
   14        6.971736e-01
   15        3.872523e+00
   16        7.327293e-01
   17       -3.572006e-01
   18       -5.979717e-02
   19       -6.592964e-01
   20        6.766957e-01
   21       -3.660190e+00
   22        7.530599e-01
   23       -1.626827e+00
   24        1.760225e+00
   25        1.081084e+00
   26       -1.540116e+00
   27        1.462495e-01
   28        6.808187e-01
   29       -6.102335e-01
   30       -3.493915e-01
   31       -7.935836e-01
   32       -9.294101e-01
   33        3.520362e-02
   34       -4.452253e-01
   35       -5.140211e+00
   36       -6.565437e-01
   37       -1.673201e-01
   38        6.927215e-01
   39       -1.092182e+00
   40        2.290950e-02
   41       -2.290720e+00
   42       -1.346577e+00
   43        1.035751e+00
   44       -1.810748e-01
   45        1.952879e+00
   46        2.502173e-01
   47        8.592232e-01
   48        9.837095e-01
   49       -8.788658e-01
   50       -9.619381e-01
   51        8.834673e-01
   52        3.396331e-01
   53        7.865684e-01
   54       -1.273403e-01
   55       -8.672711e-01
   56        3.431637e-01
   57       -8.863548e-01
   58       -3.022701e-01
   59        1.910565e+00
   60       -8.393518e-01
   61       -1.227137e+00
   62       -1.390562e+00
   63        6.108794e-02
   64       -1.929340e+00
   65        5.650707e-01
   66       -6.884486e-01
   67        3.056828e-01
   68        1.208735e+00
   69       -4.061154e-01
   70        8.655353e-02
   71        6.981630e-01
   72       -7.609729e-01
   73       -9.653848e-01
   74        2.717889e+00
   75        2.090919e+00
   76        2.374904e+00
   77       -3.684694e-01
   78       -5.350496e-02
   79       -9.102690e-01
   80        1.447012e+00
   81       -2.545924e+00
   82       -1.306677e-01
   83       -2.232037e-01
   84        1.291799e+00
   85        3.670647e-01
   86       -1.828430e+00
   87        8.848736e-01
   88        6.144294e-01
   89        1.769222e+00
   90        1.802604e+00
   91        2.098549e+00
   92        5.851463e-01
   93       -4.518377e-01
   94       -6.522520e-01
   95        8.154372e-01
   96       -2.517573e-02
   97       -3.483492e-01
   98       -2.130010e-01
   99       -1.317478e+00
  100        1.847959e-01
;
param outliervec_original :=
    1    1
    2    1
    3    1
    4    1
    5    1
    6    1
    7    1
    8    1
    9    1
   10    1
   11    1
   12    1
   13    0
   14    1
   15    0
   16    0
   17    0
   18    1
   19    1
   20    1
   21    0
   22    1
   23    1
   24    1
   25    1
   26    0
   27    1
   28    0
   29    1
   30    1
   31    1
   32    1
   33    1
   34    1
   35    0
   36    1
   37    1
   38    1
   39    1
   40    1
   41    0
   42    1
   43    1
   44    1
   45    1
   46    1
   47    1
   48    1
   49    0
   50    0
   51    1
   52    1
   53    0
   54    1
   55    1
   56    1
   57    0
   58    1
   59    0
   60    1
   61    1
   62    1
   63    1
   64    1
   65    1
   66    1
   67    0
   68    1
   69    1
   70    1
   71    1
   72    1
   73    1
   74    0
   75    0
   76    0
   77    1
   78    1
   79    1
   80    1
   81    1
   82    1
   83    1
   84    1
   85    0
   86    1
   87    1
   88    1
   89    0
   90    1
   91    1
   92    1
   93    1
   94    1
   95    1
   96    1
   97    1
   98    1
   99    1
  100    1
;
param d:= 68;
param r:=5;
param p:=0.800000;
param M:=1000;
param U:=
         1         1       -3.403648e-01
         2         1       -4.139209e-01
         3         1        1.060699e+00
         4         1       -9.798776e-02
         5         1       -6.638757e-01
         6         1       -1.149247e-01
         7         1        1.135048e+00
         8         1        1.757004e+00
         9         1       -5.159861e-01
        10         1        6.879109e-01
        11         1       -1.716249e-02
        12         1        1.210460e-01
        13         1       -1.265440e+00
        14         1        2.188394e-02
        15         1       -7.400325e-01
        16         1       -2.722478e-01
        17         1        1.763545e-01
        18         1       -5.176968e-01
        19         1       -1.664576e+00
        20         1        7.093294e-01
        21         1        1.960123e-01
        22         1       -1.107929e+00
        23         1        8.536279e-01
        24         1       -6.318846e-01
        25         1       -7.156183e-01
        26         1       -1.017106e+00
        27         1       -4.246089e-03
        28         1       -2.127665e-01
        29         1        8.535146e-02
        30         1        7.970779e-04
        31         1       -1.336190e-01
        32         1       -2.271453e-01
        33         1        1.183807e+00
        34         1       -4.006294e-01
        35         1       -1.046915e+00
        36         1       -1.457137e+00
        37         1        7.115103e-02
        38         1       -1.271954e+00
        39         1        7.753321e-01
        40         1        3.236678e-01
        41         1       -1.092201e+00
        42         1        1.460050e+00
        43         1       -2.342179e-01
        44         1       -1.500134e-01
        45         1        1.466557e+00
        46         1       -3.787604e-01
        47         1        1.690456e+00
        48         1       -2.810726e+00
        49         1       -9.926313e-01
        50         1        9.360974e-01
        51         1       -1.010718e+00
        52         1       -8.984142e-01
        53         1        4.084500e-01
        54         1        1.841196e+00
        55         1        3.347955e-01
        56         1        1.563976e-01
        57         1       -8.203032e-02
        58         1       -1.452618e+00
        59         1        1.083180e+00
        60         1        2.859674e-01
        61         1        2.731044e-01
        62         1       -3.487334e-01
        63         1       -9.436176e-02
        64         1        1.292192e+00
        65         1        3.085559e-01
        66         1        2.259776e-01
        67         1        1.066351e+00
        68         1       -1.423999e+00
         1         2        1.271288e+00
         2         2        8.559106e-01
         3         2        2.218449e-01
         4         2       -1.283223e-01
         5         2        8.914161e-01
         6         2       -2.045271e-01
         7         2       -7.951281e-01
         8         2       -1.955505e-01
         9         2        1.092537e+00
        10         2        3.050813e-01
        11         2       -4.708217e-01
        12         2        1.158606e+00
        13         2       -5.708705e-01
        14         2       -1.454566e+00
        15         2        7.341631e-01
        16         2       -6.273897e-01
        17         2       -5.400247e-01
        18         2       -1.600879e+00
        19         2        1.768604e+00
        20         2        9.257296e-01
        21         2        6.318358e-01
        22         2       -2.173345e+00
        23         2        8.518760e-01
        24         2        1.789864e+00
        25         2       -2.771013e-01
        26         2        3.972074e-02
        27         2        1.821030e-01
        28         2       -1.418398e+00
        29         2        7.052278e-01
        30         2       -7.378357e-01
        31         2       -1.502074e+00
        32         2       -4.406024e-01
        33         2        9.838062e-01
        34         2       -3.002071e+00
        35         2       -2.789164e-01
        36         2        2.191262e-01
        37         2        3.956832e-01
        38         2        6.538326e-01
        39         2       -4.062728e-01
        40         2       -3.846581e-01
        41         2        2.120431e-01
        42         2        6.561405e-01
        43         2        3.815563e-01
        44         2        4.121752e-01
        45         2        5.622011e-01
        46         2        2.988710e-01
        47         2        2.713950e-01
        48         2       -1.604302e-01
        49         2        3.562109e-01
        50         2        6.956039e-01
        51         2       -1.533647e+00
        52         2       -1.074794e+00
        53         2       -1.600669e+00
        54         2       -1.128730e+00
        55         2        8.489590e-01
        56         2        1.694023e-01
        57         2       -1.004271e+00
        58         2       -9.919893e-01
        59         2       -2.672272e-01
        60         2        5.063136e-01
        61         2        7.602736e-01
        62         2       -1.144120e+00
        63         2        1.255882e+00
        64         2       -1.677606e-01
        65         2       -5.126522e-01
        66         2       -3.577497e-01
        67         2        4.898458e-01
        68         2       -8.107681e-01
         1         3        6.152095e-01
         2         3       -1.183012e+00
         3         3       -7.734484e-01
         4         3       -1.443257e+00
         5         3        9.812054e-02
         6         3       -1.828037e-01
         7         3        2.357563e+00
         8         3       -6.320856e-01
         9         3        7.246979e-01
        10         3        3.587527e-01
        11         3        3.136587e-01
        12         3       -1.566582e+00
        13         3        1.080562e+00
        14         3       -4.284938e-01
        15         3       -9.200029e-01
        16         3        1.619574e+00
        17         3        2.974963e-01
        18         3        6.593521e-01
        19         3        6.333600e-02
        20         3        9.858510e-03
        21         3        1.395382e-02
        22         3        6.887536e-01
        23         3        2.113181e-01
        24         3       -1.180150e+00
        25         3       -1.085407e+00
        26         3        5.182689e-02
        27         3        4.743131e-01
        28         3       -2.410795e+00
        29         3        5.250780e-01
        30         3       -1.926334e-01
        31         3        1.015955e+00
        32         3        3.270739e-04
        33         3       -3.228077e-01
        34         3        1.119980e-01
        35         3       -4.402968e-02
        36         3        7.155270e-01
        37         3        5.860381e-01
        38         3        6.915181e-01
        39         3       -1.273739e+00
        40         3        6.509492e-01
        41         3        6.860139e-01
        42         3       -8.954296e-01
        43         3       -1.508030e-01
        44         3        6.938027e-01
        45         3        1.166610e+00
        46         3       -1.341037e+00
        47         3       -1.433405e+00
        48         3        5.279382e-01
        49         3       -5.280771e-01
        50         3        8.774568e-01
        51         3        1.701361e+00
        52         3        1.040446e+00
        53         3       -3.879653e-01
        54         3       -4.057904e-01
        55         3        1.131545e+00
        56         3        2.506512e-01
        57         3        7.430573e-01
        58         3        3.178564e-01
        59         3       -1.358315e+00
        60         3        3.049557e-01
        61         3        4.188536e-01
        62         3        6.690925e-01
        63         3        3.139943e-01
        64         3       -5.770791e-01
        65         3        6.842953e-02
        66         3        5.221731e-01
        67         3       -4.443210e-01
        68         3        6.881226e-01
         1         4        9.486931e-01
         2         4        9.728849e-02
         3         4        4.574654e-01
         4         4       -2.010337e+00
         5         4        1.486091e+00
         6         4        1.177647e-01
         7         4       -3.253617e-01
         8         4        1.491196e+00
         9         4       -7.201568e-01
        10         4       -7.577217e-01
        11         4        1.100474e+00
        12         4       -7.746905e-01
        13         4       -1.681098e+00
        14         4        1.198883e+00
        15         4       -5.195558e-01
        16         4       -1.227182e+00
        17         4        6.063719e-01
        18         4        1.017001e-01
        19         4        8.213538e-02
        20         4       -5.246429e-01
        21         4       -8.322372e-01
        22         4        6.094399e-01
        23         4        7.715640e-01
        24         4       -1.128066e+00
        25         4       -6.005715e-01
        26         4       -7.281822e-02
        27         4        5.991293e-01
        28         4       -1.683486e-01
        29         4       -3.925376e-01
        30         4        1.004767e+00
        31         4        1.366100e+00
        32         4       -6.369472e-01
        33         4        7.290180e-01
        34         4       -7.320642e-01
        35         4        4.043175e-01
        36         4       -8.624837e-01
        37         4       -1.535272e-01
        38         4       -1.510847e+00
        39         4        2.820939e-01
        40         4       -4.187102e-01
        41         4        1.555071e+00
        42         4        4.354327e-01
        43         4       -1.468026e+00
        44         4       -1.610001e+00
        45         4       -1.903173e-01
        46         4       -9.054241e-01
        47         4       -2.041778e+00
        48         4        5.006545e-01
        49         4        2.256152e+00
        50         4       -2.237991e-01
        51         4       -9.535200e-01
        52         4       -1.293096e+00
        53         4        1.505192e+00
        54         4       -4.760770e-01
        55         4        1.120450e+00
        56         4        7.404180e-01
        57         4       -9.679284e-01
        58         4        1.221846e+00
        59         4        1.382956e+00
        60         4       -6.628882e-01
        61         4        1.136756e-01
        62         4        7.827021e-02
        63         4        9.099433e-01
        64         4       -1.746800e+00
        65         4        1.556434e-01
        66         4        5.099431e-02
        67         4        4.927831e-01
        68         4        2.942663e-01
         1         5       -3.818619e-01
         2         5       -1.812370e+00
         3         5        2.087269e-02
         4         5       -8.906657e-01
         5         5        6.058589e-01
         6         5        1.669733e+00
         7         5       -4.321285e-01
         8         5       -6.752803e-01
         9         5       -1.907792e+00
        10         5       -2.019900e-01
        11         5        7.118651e-01
        12         5       -1.994102e+00
        13         5        4.560220e-01
        14         5        2.086648e+00
        15         5        1.283141e+00
        16         5       -5.203627e-01
        17         5        1.398545e+00
        18         5        9.465896e-03
        19         5        8.566734e-01
        20         5        1.967269e-01
        21         5       -6.765342e-02
        22         5        6.874576e-01
        23         5        9.079173e-01
        24         5        2.226860e+00
        25         5       -1.202978e+00
        26         5        1.146749e-01
        27         5        5.865311e-01
        28         5       -1.110890e+00
        29         5        9.858188e-02
        30         5       -5.991847e-01
        31         5       -4.719312e-01
        32         5        4.043215e-01
        33         5        6.419998e-01
        34         5       -1.114861e-01
        35         5       -4.782119e-02
        36         5       -2.356548e-02
        37         5        2.072512e-01
        38         5        1.014878e+00
        39         5        2.563899e-01
        40         5       -7.356358e-01
        41         5        1.266908e+00
        42         5       -2.799598e-01
        43         5       -1.225721e-01
        44         5        2.280072e-01
        45         5       -5.815860e-01
        46         5       -4.047004e-01
        47         5       -6.790587e-01
        48         5       -2.571045e-02
        49         5       -1.311618e+00
        50         5       -8.501151e-01
        51         5       -1.063670e-01
        52         5       -9.703722e-01
        53         5        1.840275e-01
        54         5        1.215777e+00
        55         5        1.060282e-01
        56         5        1.314711e+00
        57         5        2.505528e+00
        58         5       -4.574471e-01
        59         5       -1.775876e+00
        60         5        1.010247e-02
        61         5       -4.807332e-01
        62         5       -6.820966e-01
        63         5       -5.529102e-01
        64         5       -1.770522e-01
        65         5        5.257966e-01
        66         5       -1.228664e-01
        67         5        1.049201e+00
        68         5       -8.699832e-01
;

param theta:=
    1        8.030417e-02
    2        1.774519e-01
    3        1.503748e+00
    4        2.855758e-01
    5       -1.486526e+00
;
param X_true:=
    1        1.961951e+00
    2        1.061611e+00
    3       -9.389126e-01
    4       -1.451040e+00
    5       -2.238138e-01
    6       -2.768885e+00
    7        4.044687e+00
    8        5.855681e-01
    9        3.872523e+00
   10        7.327293e-01
   11       -3.572006e-01
   12        6.026254e-01
   13        2.640010e-01
   14       -3.660190e+00
   15       -3.368396e+00
   16        2.725316e+00
   17       -1.540116e+00
   18        6.808187e-01
   19       -9.746005e-01
   20       -2.062057e-01
   21        1.174592e-02
   22       -2.868066e-01
   23       -5.918170e-01
   24       -5.140211e+00
   25       -1.220673e-01
   26       -1.879571e-01
   27        4.442357e-02
   28       -2.290720e+00
   29        6.629391e-01
   30        7.571025e-01
   31        2.342127e+00
   32       -8.788658e-01
   33       -9.619381e-01
   34       -4.398116e-01
   35       -1.322470e-02
   36        7.865684e-01
   37        6.052537e-01
   38       -8.863548e-01
   39       -2.225784e+00
   40        1.910565e+00
   41       -4.576905e-01
   42       -5.723019e-01
   43       -4.148963e-01
   44        3.056828e-01
   45        2.782015e+00
   46       -1.650932e+00
   47       -1.545213e+00
   48        7.208982e-01
   49        1.783461e+00
   50        2.717889e+00
   51        2.090919e+00
   52        2.374904e+00
   53       -6.783587e-01
   54       -2.605887e+00
   55        2.041452e+00
   56       -1.323371e+00
   57       -3.068377e+00
   58        1.214231e+00
   59        1.031827e+00
   60        3.670647e-01
   61        1.533779e+00
   62        1.811422e+00
   63        1.769222e+00
   64       -1.029433e+00
   65       -7.004546e-01
   66        9.370870e-01
   67       -1.914528e+00
   68        2.153825e+00
;
param X:=
    1        1.531094e-01
    2       -9.602743e-01
    3       -5.354538e-02
    4       -5.513459e-01
    5       -1.797065e+00
    6       -2.972446e+00
    7        4.044687e+00
    8        6.971736e-01
    9        3.872523e+00
   10        7.327293e-01
   11       -3.572006e-01
   12       -5.979717e-02
   13        6.766957e-01
   14       -3.660190e+00
   15       -1.626827e+00
   16        1.760225e+00
   17       -1.540116e+00
   18        6.808187e-01
   19       -6.102335e-01
   20       -3.493915e-01
   21       -7.935836e-01
   22       -9.294101e-01
   23       -4.452253e-01
   24       -5.140211e+00
   25       -6.565437e-01
   26       -1.673201e-01
   27        2.290950e-02
   28       -2.290720e+00
   29        1.952879e+00
   30        8.592232e-01
   31        9.837095e-01
   32       -8.788658e-01
   33       -9.619381e-01
   34        8.834673e-01
   35        3.396331e-01
   36        7.865684e-01
   37        3.431637e-01
   38       -8.863548e-01
   39       -3.022701e-01
   40        1.910565e+00
   41       -1.227137e+00
   42       -1.390562e+00
   43        5.650707e-01
   44        3.056828e-01
   45        1.208735e+00
   46       -4.061154e-01
   47        8.655353e-02
   48        6.981630e-01
   49       -9.653848e-01
   50        2.717889e+00
   51        2.090919e+00
   52        2.374904e+00
   53       -3.684694e-01
   54       -9.102690e-01
   55        1.447012e+00
   56       -2.545924e+00
   57       -1.306677e-01
   58       -2.232037e-01
   59        1.291799e+00
   60        3.670647e-01
   61        8.848736e-01
   62        6.144294e-01
   63        1.769222e+00
   64        5.851463e-01
   65       -4.518377e-01
   66        8.154372e-01
   67       -2.517573e-02
   68        1.847959e-01
;
param outliervec:=
    1    1
    2    1
    3    1
    4    1
    5    1
    6    1
    7    0
    8    1
    9    0
   10    0
   11    0
   12    1
   13    1
   14    0
   15    1
   16    1
   17    0
   18    0
   19    1
   20    1
   21    1
   22    1
   23    1
   24    0
   25    1
   26    1
   27    1
   28    0
   29    1
   30    1
   31    1
   32    0
   33    0
   34    1
   35    1
   36    0
   37    1
   38    0
   39    1
   40    0
   41    1
   42    1
   43    1
   44    0
   45    1
   46    1
   47    1
   48    1
   49    1
   50    0
   51    0
   52    0
   53    1
   54    1
   55    1
   56    1
   57    1
   58    1
   59    1
   60    0
   61    1
   62    1
   63    0
   64    1
   65    1
   66    1
   67    1
   68    1
; 
param greedy_time :=         4.513073e-01
;