data;


param FN:= 0;
param D:= 100;
param U_Original:=
         1         1        1.447198e-01
         2         1       -1.578030e-02
         3         1       -1.223667e+00
         4         1       -5.588366e-01
         5         1        9.549263e-01
         6         1        2.319636e+00
         7         1        6.444157e-01
         8         1       -2.016027e-01
         9         1       -4.869915e-01
        10         1       -2.450433e-01
        11         1       -1.517395e+00
        12         1        8.462703e-01
        13         1       -1.002425e+00
        14         1       -5.135324e-01
        15         1        5.432018e-01
        16         1        1.012169e+00
        17         1       -7.837058e-01
        18         1       -1.105359e+00
        19         1        1.801411e+00
        20         1        1.188603e+00
        21         1        4.363119e-01
        22         1       -1.963455e-01
        23         1       -5.456694e-01
        24         1        1.259940e+00
        25         1        5.915866e-02
        26         1        3.847520e-01
        27         1       -8.074516e-01
        28         1       -1.095616e+00
        29         1       -3.110475e-01
        30         1       -2.789714e-01
        31         1       -1.859406e-01
        32         1        5.289556e-01
        33         1        5.664693e-02
        34         1        2.646759e-01
        35         1        1.287083e+00
        36         1        2.084037e+00
        37         1        5.948891e-01
        38         1       -9.190826e-01
        39         1       -3.804070e-01
        40         1        9.870724e-02
        41         1        3.665469e-01
        42         1        8.125502e-01
        43         1       -1.264938e-02
        44         1       -7.128956e-01
        45         1       -4.443456e-01
        46         1       -3.613583e-01
        47         1        2.305104e-01
        48         1        2.001795e-01
        49         1       -7.627480e-01
        50         1       -2.405358e-01
        51         1       -8.392305e-01
        52         1       -8.317907e-01
        53         1        2.852566e-01
        54         1        8.013868e-02
        55         1        2.848979e-01
        56         1        4.114281e-01
        57         1        1.138511e+00
        58         1        1.293302e+00
        59         1       -5.442239e-01
        60         1       -1.285336e+00
        61         1        3.190481e-01
        62         1       -2.260089e+00
        63         1       -5.166520e-01
        64         1       -1.797351e+00
        65         1       -5.912447e-01
        66         1        4.728261e-01
        67         1       -1.102422e+00
        68         1        5.967210e-01
        69         1        5.184454e-01
        70         1       -9.372631e-01
        71         1       -4.636011e-02
        72         1       -1.219702e+00
        73         1        9.573399e-01
        74         1        1.368758e+00
        75         1        1.045903e+00
        76         1        9.145407e-01
        77         1       -2.103303e+00
        78         1       -8.441141e-01
        79         1        1.811766e-01
        80         1        9.365503e-01
        81         1        8.756173e-01
        82         1        1.145272e+00
        83         1       -6.241098e-01
        84         1       -6.045053e-01
        85         1        4.120048e-01
        86         1       -1.651144e-01
        87         1        8.355667e-01
        88         1        3.361939e-01
        89         1        1.535309e+00
        90         1       -6.293944e-01
        91         1        4.825424e-01
        92         1       -2.338028e-01
        93         1        2.375647e-01
        94         1       -1.121207e+00
        95         1        1.483897e-01
        96         1        2.501430e-01
        97         1        5.540000e-01
        98         1        3.078415e-02
        99         1        1.581809e+00
       100         1       -1.442869e+00
         1         2       -2.415473e-01
         2         2       -9.521874e-01
         3         2        9.015414e-01
         4         2        1.167546e+00
         5         2       -6.784710e-01
         6         2        1.437061e+00
         7         2       -6.908383e-01
         8         2        9.272009e-01
         9         2        1.506277e+00
        10         2       -6.618875e-02
        11         2        1.943465e+00
        12         2        2.294902e+00
        13         2        2.668332e-02
        14         2       -9.226626e-01
        15         2        5.427975e-01
        16         2       -2.304127e-01
        17         2       -1.982128e+00
        18         2       -4.662055e-01
        19         2       -9.149252e-01
        20         2       -4.727049e-01
        21         2       -3.847074e-01
        22         2       -3.139974e-01
        23         2        4.541040e-02
        24         2        5.673711e-01
        25         2       -1.862703e+00
        26         2       -8.699123e-01
        27         2        6.385172e-02
        28         2        1.679758e-01
        29         2       -5.266567e-01
        30         2        1.273134e+00
        31         2        5.921637e-01
        32         2        2.305734e+00
        33         2        5.039946e-01
        34         2       -1.129918e+00
        35         2       -2.578950e-02
        36         2        1.001852e+00
        37         2       -1.051323e+00
        38         2        4.182922e-01
        39         2        1.055805e+00
        40         2        1.039799e+00
        41         2       -8.033740e-01
        42         2        2.372147e+00
        43         2       -1.991530e-01
        44         2       -6.077400e-02
        45         2        7.388018e-01
        46         2       -3.149158e-02
        47         2       -9.300566e-02
        48         2        1.543217e-01
        49         2       -1.003033e-01
        50         2       -1.044568e-01
        51         2       -2.250119e-01
        52         2       -8.836735e-01
        53         2       -1.290196e+00
        54         2       -8.274159e-02
        55         2        1.566275e+00
        56         2       -6.289790e-01
        57         2       -1.401766e+00
        58         2        5.541669e-01
        59         2        1.399165e-01
        60         2       -1.812130e+00
        61         2       -8.747767e-04
        62         2       -1.191857e+00
        63         2        1.526435e+00
        64         2        4.375306e-02
        65         2       -9.153701e-02
        66         2       -8.753550e-01
        67         2        1.180775e+00
        68         2       -2.178360e+00
        69         2        2.326044e-01
        70         2       -1.734399e+00
        71         2       -1.917050e-01
        72         2        5.158685e-01
        73         2       -8.169441e-01
        74         2        3.748752e-01
        75         2       -4.286639e-01
        76         2       -1.274827e-01
        77         2        7.365862e-01
        78         2        1.949341e-01
        79         2        3.058496e-01
        80         2       -2.180648e-01
        81         2        6.610640e-01
        82         2       -1.228648e+00
        83         2       -1.465859e+00
        84         2        1.731901e+00
        85         2        1.541725e-01
        86         2        1.834250e-01
        87         2        8.210368e-01
        88         2        5.606384e-02
        89         2        1.888664e+00
        90         2       -7.553877e-01
        91         2       -2.239761e+00
        92         2        3.413850e-01
        93         2       -9.009397e-01
        94         2        4.970991e-01
        95         2       -7.614871e-01
        96         2        1.295598e-01
        97         2       -3.848771e-01
        98         2        4.160600e-01
        99         2       -6.150501e-01
       100         2       -1.657654e+00
         1         3       -1.992725e+00
         2         3       -3.930999e-01
         3         3        1.010375e+00
         4         3       -1.736379e-01
         5         3        1.153905e+00
         6         3       -5.035800e-02
         7         3        1.687059e+00
         8         3        5.839544e-02
         9         3        1.682674e-01
        10         3        3.090176e-02
        11         3        4.550739e-01
        12         3       -2.590798e-01
        13         3       -1.359710e+00
        14         3       -2.469322e-01
        15         3       -1.686327e+00
        16         3        2.686346e-01
        17         3       -5.574276e-01
        18         3        1.136919e+00
        19         3       -1.527223e+00
        20         3        1.269570e+00
        21         3        3.265138e-02
        22         3        6.849391e-01
        23         3        3.334948e-01
        24         3       -3.163562e-01
        25         3        1.185298e+00
        26         3        2.775308e+00
        27         3        1.190789e-01
        28         3        2.721004e-01
        29         3        8.003150e-01
        30         3        1.467963e+00
        31         3       -3.392747e-01
        32         3        4.507884e-01
        33         3       -6.299030e-01
        34         3        1.542456e+00
        35         3        3.841922e-01
        36         3       -1.017108e+00
        37         3       -1.713261e-01
        38         3        1.149853e+00
        39         3        1.199882e-02
        40         3        5.797257e-01
        41         3       -4.819711e-01
        42         3        2.018532e+00
        43         3       -1.217928e-01
        44         3        5.578206e-01
        45         3        1.818525e-02
        46         3       -1.034962e+00
        47         3       -1.893908e+00
        48         3        1.110089e+00
        49         3       -4.055193e-01
        50         3        2.218233e-01
        51         3        2.185812e+00
        52         3        4.961436e-01
        53         3        2.421774e-01
        54         3        1.043531e+00
        55         3       -2.305384e-01
        56         3       -1.238037e+00
        57         3       -7.624069e-01
        58         3       -3.767840e-01
        59         3        1.561488e+00
        60         3       -3.422205e-02
        61         3        6.745035e-01
        62         3       -1.106917e+00
        63         3        4.435639e-01
        64         3        6.752482e-01
        65         3        1.194025e+00
        66         3       -1.433845e+00
        67         3        5.596354e-01
        68         3        5.104001e-01
        69         3        1.074461e+00
        70         3       -8.434062e-01
        71         3       -1.295207e+00
        72         3        1.436306e-01
        73         3        2.995049e-01
        74         3       -2.767464e-01
        75         3       -1.262681e-01
        76         3        1.613867e+00
        77         3        6.375937e-01
        78         3       -8.687220e-01
        79         3        7.539607e-01
        80         3        3.991825e-01
        81         3       -8.799576e-01
        82         3       -1.092638e+00
        83         3       -7.933975e-01
        84         3        9.979671e-01
        85         3        2.295773e+00
        86         3        2.538472e+00
        87         3       -8.130237e-01
        88         3       -8.937671e-03
        89         3       -8.926771e-01
        90         3        1.688202e+00
        91         3        1.495629e+00
        92         3        3.916262e-01
        93         3        1.366461e+00
        94         3       -5.970747e-01
        95         3       -8.146106e-01
        96         3        7.234926e-01
        97         3       -1.575525e-01
        98         3       -1.036756e+00
        99         3       -3.759516e-01
       100         3        1.872158e+00
         1         4        6.475085e-02
         2         4       -5.669064e-01
         3         4        1.240515e+00
         4         4        1.976080e-01
         5         4       -3.113162e-01
         6         4       -3.853971e-01
         7         4       -7.266447e-01
         8         4        1.919721e+00
         9         4       -1.890164e+00
        10         4       -2.247562e+00
        11         4        6.558832e-02
        12         4        5.510186e-01
        13         4       -1.423186e-01
        14         4        1.894447e-01
        15         4        4.661548e-01
        16         4       -1.366574e-01
        17         4        4.622924e-01
        18         4        3.035895e-01
        19         4        4.926943e-01
        20         4        3.370863e-02
        21         4       -7.371966e-02
        22         4       -9.655026e-01
        23         4        1.199388e+00
        24         4       -1.666398e-01
        25         4        8.445425e-01
        26         4       -7.368577e-01
        27         4        1.214042e-01
        28         4       -3.145859e-01
        29         4        5.295198e-02
        30         4       -2.534946e-01
        31         4        8.109265e-01
        32         4        7.063341e-01
        33         4        1.643655e-02
        34         4       -1.050639e+00
        35         4       -3.153470e+00
        36         4       -5.240314e-01
        37         4       -2.034910e+00
        38         4       -8.206950e-01
        39         4       -6.388576e-01
        40         4       -7.480223e-01
        41         4        1.114337e+00
        42         4       -2.254980e-01
        43         4       -1.253021e-01
        44         4        1.851961e+00
        45         4       -1.230571e+00
        46         4       -6.450594e-01
        47         4        3.801610e-02
        48         4        1.629342e-01
        49         4       -1.272437e+00
        50         4        5.257960e-01
        51         4        4.645179e-02
        52         4        4.382676e-01
        53         4        3.164150e-01
        54         4        4.802352e-01
        55         4        1.757944e-01
        56         4        4.659671e-01
        57         4        1.469873e+00
        58         4        2.364707e-01
        59         4       -1.638360e+00
        60         4       -1.589580e+00
        61         4       -1.334290e+00
        62         4        1.178972e+00
        63         4        1.233916e+00
        64         4        5.176293e-01
        65         4        1.082601e+00
        66         4        1.238221e+00
        67         4       -6.932710e-01
        68         4        1.001584e+00
        69         4        5.296370e-01
        70         4        6.442403e-02
        71         4        1.673622e+00
        72         4        9.954653e-01
        73         4        1.685559e+00
        74         4        8.102556e-03
        75         4        1.664331e+00
        76         4       -3.387692e-01
        77         4        7.957094e-01
        78         4       -2.504037e-01
        79         4        5.824954e-01
        80         4       -3.167798e-01
        81         4        4.349664e-02
        82         4       -7.213934e-01
        83         4        1.476053e+00
        84         4        9.958651e-01
        85         4       -2.167158e-01
        86         4        4.088225e-01
        87         4       -2.762874e-01
        88         4        1.008855e+00
        89         4       -2.079677e-01
        90         4       -1.158616e+00
        91         4       -3.731431e-01
        92         4        6.513655e-01
        93         4       -9.120308e-01
        94         4        9.490577e-01
        95         4       -3.376850e-02
        96         4       -3.492469e-03
        97         4       -2.286088e-01
        98         4       -1.730120e-02
        99         4        1.090157e+00
       100         4       -1.791465e-01
         1         5        1.008687e+00
         2         5        7.625701e-03
         3         5       -1.122823e+00
         4         5       -4.357923e-01
         5         5        7.265573e-01
         6         5       -9.831810e-02
         7         5       -6.589766e-01
         8         5       -2.592186e+00
         9         5       -1.487509e-01
        10         5        1.092797e+00
        11         5       -4.300910e-02
        12         5       -2.752546e+00
        13         5        1.430557e+00
        14         5       -6.558676e-02
        15         5       -1.206697e+00
        16         5       -6.877475e-01
        17         5       -1.171132e+00
        18         5        5.561557e-01
        19         5       -1.934804e-01
        20         5        1.195405e+00
        21         5        4.390787e-01
        22         5        1.457339e+00
        23         5        2.442640e-01
        24         5       -4.887952e-01
        25         5       -3.438579e-01
        26         5       -6.240409e-01
        27         5       -1.554257e-03
        28         5       -2.070085e-01
        29         5        9.027536e-01
        30         5        6.079262e-01
        31         5        2.444012e-01
        32         5        3.948738e-01
        33         5        1.130013e+00
        34         5       -4.800940e-01
        35         5        4.414035e-01
        36         5        9.750272e-01
        37         5       -8.348144e-01
        38         5        1.087491e-01
        39         5       -1.146608e+00
        40         5       -1.023662e+00
        41         5        5.065100e-01
        42         5       -8.347063e-01
        43         5       -1.150261e+00
        44         5       -1.840233e+00
        45         5        8.264252e-01
        46         5        7.201012e-01
        47         5       -1.320859e+00
        48         5        1.074798e+00
        49         5        4.422516e-01
        50         5        1.332913e+00
        51         5        3.540932e+00
        52         5        1.454014e+00
        53         5        1.512854e+00
        54         5       -1.261602e-01
        55         5        1.092350e+00
        56         5       -1.445870e+00
        57         5       -4.709052e-01
        58         5        4.042987e-02
        59         5       -1.046828e+00
        60         5        1.291184e+00
        61         5        1.995345e+00
        62         5        1.128489e-01
        63         5       -4.518799e-01
        64         5        1.445272e+00
        65         5       -4.923856e-02
        66         5        1.850581e-02
        67         5       -1.120291e+00
        68         5       -1.725119e-02
        69         5       -1.535632e-01
        70         5       -1.257651e+00
        71         5        8.625174e-01
        72         5        1.440563e-01
        73         5       -1.322925e+00
        74         5        2.126400e+00
        75         5        2.632592e-01
        76         5       -4.264827e-01
        77         5        5.733318e-01
        78         5       -1.363565e+00
        79         5       -5.137110e-01
        80         5        2.198515e-01
        81         5        1.614167e+00
        82         5       -1.123519e+00
        83         5        1.510331e+00
        84         5        2.504622e-01
        85         5        1.120651e+00
        86         5        2.309600e+00
        87         5        2.437196e-01
        88         5       -1.127971e+00
        89         5        1.392669e-01
        90         5        1.082500e+00
        91         5        3.381593e-01
        92         5       -1.171081e+00
        93         5        7.079511e-01
        94         5        2.184977e+00
        95         5        1.093634e+00
        96         5        3.567089e-01
        97         5        1.151001e+00
        98         5       -9.913565e-01
        99         5       -2.109687e+00
       100         5        1.382543e+00
;
param X_Original:=
    1        3.476188e-01
    2        9.823036e-01
    3       -3.249504e+00
    4       -2.940711e+00
    5        3.875713e+00
    6        5.911676e-02
    7       -1.145981e-01
    8       -1.037364e+00
    9       -2.675109e+00
   10        1.459099e+00
   11       -3.847749e+00
   12       -1.506909e+00
   13        6.115889e-03
   14        4.853310e-01
   15       -3.383842e+00
   16        4.927587e-01
   17       -1.988661e-01
   18        1.335379e+00
   19        1.484132e+00
   20        4.613808e+00
   21       -1.648616e+00
   22        2.948295e+00
   23        6.730608e-02
   24       -5.541007e-01
   25        3.107379e+00
   26        2.898697e+00
   27       -7.717413e-01
   28       -1.382955e+00
   29        2.422053e+00
   30       -8.151436e-01
   31       -8.975480e-01
   32       -1.712149e+00
   33        5.214078e-01
   34       -3.675379e-01
   35        2.187953e+00
   36        1.235950e+00
   37        6.118781e-01
   38       -3.838058e-01
   39       -3.533469e+00
   40       -2.404741e+00
   41        1.846319e+00
   42       -2.094536e+00
   43       -1.545954e+00
   44       -2.846417e+00
   45       -2.338630e-01
   46       -9.317565e-02
   47       -3.153213e+00
   48        2.483991e+00
   49       -2.971042e-01
   50        2.081791e+00
   51        6.540348e+00
   52        2.990430e+00
   53        4.510679e+00
   54        8.649710e-01
   55       -4.551696e-01
   56       -1.879068e+00
   57       -1.395299e+00
   58       -1.080498e+00
   59       -1.031668e+00
   60        3.123704e+00
   61        3.796271e+00
   62       -1.247936e+00
   63       -2.897220e+00
   64        9.082459e-01
   65       -2.642979e-01
   66        5.502634e-01
   67       -3.919681e+00
   68        4.001283e+00
   69        8.377482e-01
   70       -1.059439e+00
   71        4.766872e-01
   72       -1.542823e+00
   73        3.686456e-01
   74        3.735467e+00
   75        1.924000e+00
   76        1.737057e+00
   77       -1.666094e+00
   78       -3.823284e+00
   79       -1.063243e+00
   80        1.852947e+00
   81        1.611016e+00
   82        2.345104e-01
   83        3.048657e+00
   84       -1.776248e+00
   85        3.716757e+00
   86        5.093374e+00
   87       -6.350952e-01
   88       -1.415046e+00
   89       -1.654880e+00
   90        3.398594e+00
   91        5.280653e+00
   92       -2.105047e+00
   93        3.624360e+00
   94        1.003176e+00
   95        2.155755e+00
   96        1.182042e+00
   97        2.643956e+00
   98       -2.863600e+00
   99       -1.037391e+00
  100        4.475127e+00
;
param outliervec_original :=
    1    0
    2    0
    3    0
    4    0
    5    0
    6    0
    7    1
    8    1
    9    0
   10    0
   11    0
   12    1
   13    0
   14    0
   15    0
   16    0
   17    0
   18    0
   19    0
   20    0
   21    1
   22    0
   23    0
   24    0
   25    0
   26    0
   27    0
   28    0
   29    0
   30    1
   31    0
   32    0
   33    0
   34    1
   35    0
   36    0
   37    0
   38    0
   39    0
   40    0
   41    0
   42    0
   43    0
   44    0
   45    0
   46    0
   47    0
   48    0
   49    0
   50    0
   51    0
   52    0
   53    0
   54    0
   55    0
   56    0
   57    1
   58    1
   59    0
   60    0
   61    0
   62    0
   63    0
   64    0
   65    1
   66    0
   67    0
   68    0
   69    0
   70    0
   71    0
   72    0
   73    0
   74    0
   75    0
   76    0
   77    0
   78    0
   79    1
   80    0
   81    0
   82    0
   83    0
   84    0
   85    0
   86    0
   87    0
   88    0
   89    0
   90    0
   91    0
   92    0
   93    0
   94    0
   95    0
   96    0
   97    0
   98    0
   99    0
  100    0
;
param d:= 96;
param r:=5;
param p:=0.100000;
param M:=1000;
param U:=
         1         1        1.447198e-01
         2         1       -1.578030e-02
         3         1       -1.223667e+00
         4         1       -5.588366e-01
         5         1        9.549263e-01
         6         1        2.319636e+00
         7         1        6.444157e-01
         8         1       -4.869915e-01
         9         1       -2.450433e-01
        10         1       -1.517395e+00
        11         1       -1.002425e+00
        12         1       -5.135324e-01
        13         1        5.432018e-01
        14         1        1.012169e+00
        15         1       -7.837058e-01
        16         1       -1.105359e+00
        17         1        1.801411e+00
        18         1        1.188603e+00
        19         1       -1.963455e-01
        20         1       -5.456694e-01
        21         1        1.259940e+00
        22         1        5.915866e-02
        23         1        3.847520e-01
        24         1       -8.074516e-01
        25         1       -1.095616e+00
        26         1       -3.110475e-01
        27         1       -2.789714e-01
        28         1       -1.859406e-01
        29         1        5.289556e-01
        30         1        5.664693e-02
        31         1        2.646759e-01
        32         1        1.287083e+00
        33         1        2.084037e+00
        34         1        5.948891e-01
        35         1       -9.190826e-01
        36         1       -3.804070e-01
        37         1        9.870724e-02
        38         1        3.665469e-01
        39         1        8.125502e-01
        40         1       -1.264938e-02
        41         1       -7.128956e-01
        42         1       -4.443456e-01
        43         1       -3.613583e-01
        44         1        2.305104e-01
        45         1        2.001795e-01
        46         1       -7.627480e-01
        47         1       -2.405358e-01
        48         1       -8.392305e-01
        49         1       -8.317907e-01
        50         1        2.852566e-01
        51         1        8.013868e-02
        52         1        2.848979e-01
        53         1        4.114281e-01
        54         1        1.293302e+00
        55         1       -5.442239e-01
        56         1       -1.285336e+00
        57         1        3.190481e-01
        58         1       -2.260089e+00
        59         1       -5.166520e-01
        60         1       -1.797351e+00
        61         1       -5.912447e-01
        62         1        4.728261e-01
        63         1       -1.102422e+00
        64         1        5.967210e-01
        65         1        5.184454e-01
        66         1       -9.372631e-01
        67         1       -4.636011e-02
        68         1       -1.219702e+00
        69         1        9.573399e-01
        70         1        1.368758e+00
        71         1        1.045903e+00
        72         1        9.145407e-01
        73         1       -2.103303e+00
        74         1       -8.441141e-01
        75         1        1.811766e-01
        76         1        9.365503e-01
        77         1        8.756173e-01
        78         1        1.145272e+00
        79         1       -6.241098e-01
        80         1       -6.045053e-01
        81         1        4.120048e-01
        82         1       -1.651144e-01
        83         1        8.355667e-01
        84         1        3.361939e-01
        85         1        1.535309e+00
        86         1       -6.293944e-01
        87         1        4.825424e-01
        88         1       -2.338028e-01
        89         1        2.375647e-01
        90         1       -1.121207e+00
        91         1        1.483897e-01
        92         1        2.501430e-01
        93         1        5.540000e-01
        94         1        3.078415e-02
        95         1        1.581809e+00
        96         1       -1.442869e+00
         1         2       -2.415473e-01
         2         2       -9.521874e-01
         3         2        9.015414e-01
         4         2        1.167546e+00
         5         2       -6.784710e-01
         6         2        1.437061e+00
         7         2       -6.908383e-01
         8         2        1.506277e+00
         9         2       -6.618875e-02
        10         2        1.943465e+00
        11         2        2.668332e-02
        12         2       -9.226626e-01
        13         2        5.427975e-01
        14         2       -2.304127e-01
        15         2       -1.982128e+00
        16         2       -4.662055e-01
        17         2       -9.149252e-01
        18         2       -4.727049e-01
        19         2       -3.139974e-01
        20         2        4.541040e-02
        21         2        5.673711e-01
        22         2       -1.862703e+00
        23         2       -8.699123e-01
        24         2        6.385172e-02
        25         2        1.679758e-01
        26         2       -5.266567e-01
        27         2        1.273134e+00
        28         2        5.921637e-01
        29         2        2.305734e+00
        30         2        5.039946e-01
        31         2       -1.129918e+00
        32         2       -2.578950e-02
        33         2        1.001852e+00
        34         2       -1.051323e+00
        35         2        4.182922e-01
        36         2        1.055805e+00
        37         2        1.039799e+00
        38         2       -8.033740e-01
        39         2        2.372147e+00
        40         2       -1.991530e-01
        41         2       -6.077400e-02
        42         2        7.388018e-01
        43         2       -3.149158e-02
        44         2       -9.300566e-02
        45         2        1.543217e-01
        46         2       -1.003033e-01
        47         2       -1.044568e-01
        48         2       -2.250119e-01
        49         2       -8.836735e-01
        50         2       -1.290196e+00
        51         2       -8.274159e-02
        52         2        1.566275e+00
        53         2       -6.289790e-01
        54         2        5.541669e-01
        55         2        1.399165e-01
        56         2       -1.812130e+00
        57         2       -8.747767e-04
        58         2       -1.191857e+00
        59         2        1.526435e+00
        60         2        4.375306e-02
        61         2       -9.153701e-02
        62         2       -8.753550e-01
        63         2        1.180775e+00
        64         2       -2.178360e+00
        65         2        2.326044e-01
        66         2       -1.734399e+00
        67         2       -1.917050e-01
        68         2        5.158685e-01
        69         2       -8.169441e-01
        70         2        3.748752e-01
        71         2       -4.286639e-01
        72         2       -1.274827e-01
        73         2        7.365862e-01
        74         2        1.949341e-01
        75         2        3.058496e-01
        76         2       -2.180648e-01
        77         2        6.610640e-01
        78         2       -1.228648e+00
        79         2       -1.465859e+00
        80         2        1.731901e+00
        81         2        1.541725e-01
        82         2        1.834250e-01
        83         2        8.210368e-01
        84         2        5.606384e-02
        85         2        1.888664e+00
        86         2       -7.553877e-01
        87         2       -2.239761e+00
        88         2        3.413850e-01
        89         2       -9.009397e-01
        90         2        4.970991e-01
        91         2       -7.614871e-01
        92         2        1.295598e-01
        93         2       -3.848771e-01
        94         2        4.160600e-01
        95         2       -6.150501e-01
        96         2       -1.657654e+00
         1         3       -1.992725e+00
         2         3       -3.930999e-01
         3         3        1.010375e+00
         4         3       -1.736379e-01
         5         3        1.153905e+00
         6         3       -5.035800e-02
         7         3        1.687059e+00
         8         3        1.682674e-01
         9         3        3.090176e-02
        10         3        4.550739e-01
        11         3       -1.359710e+00
        12         3       -2.469322e-01
        13         3       -1.686327e+00
        14         3        2.686346e-01
        15         3       -5.574276e-01
        16         3        1.136919e+00
        17         3       -1.527223e+00
        18         3        1.269570e+00
        19         3        6.849391e-01
        20         3        3.334948e-01
        21         3       -3.163562e-01
        22         3        1.185298e+00
        23         3        2.775308e+00
        24         3        1.190789e-01
        25         3        2.721004e-01
        26         3        8.003150e-01
        27         3        1.467963e+00
        28         3       -3.392747e-01
        29         3        4.507884e-01
        30         3       -6.299030e-01
        31         3        1.542456e+00
        32         3        3.841922e-01
        33         3       -1.017108e+00
        34         3       -1.713261e-01
        35         3        1.149853e+00
        36         3        1.199882e-02
        37         3        5.797257e-01
        38         3       -4.819711e-01
        39         3        2.018532e+00
        40         3       -1.217928e-01
        41         3        5.578206e-01
        42         3        1.818525e-02
        43         3       -1.034962e+00
        44         3       -1.893908e+00
        45         3        1.110089e+00
        46         3       -4.055193e-01
        47         3        2.218233e-01
        48         3        2.185812e+00
        49         3        4.961436e-01
        50         3        2.421774e-01
        51         3        1.043531e+00
        52         3       -2.305384e-01
        53         3       -1.238037e+00
        54         3       -3.767840e-01
        55         3        1.561488e+00
        56         3       -3.422205e-02
        57         3        6.745035e-01
        58         3       -1.106917e+00
        59         3        4.435639e-01
        60         3        6.752482e-01
        61         3        1.194025e+00
        62         3       -1.433845e+00
        63         3        5.596354e-01
        64         3        5.104001e-01
        65         3        1.074461e+00
        66         3       -8.434062e-01
        67         3       -1.295207e+00
        68         3        1.436306e-01
        69         3        2.995049e-01
        70         3       -2.767464e-01
        71         3       -1.262681e-01
        72         3        1.613867e+00
        73         3        6.375937e-01
        74         3       -8.687220e-01
        75         3        7.539607e-01
        76         3        3.991825e-01
        77         3       -8.799576e-01
        78         3       -1.092638e+00
        79         3       -7.933975e-01
        80         3        9.979671e-01
        81         3        2.295773e+00
        82         3        2.538472e+00
        83         3       -8.130237e-01
        84         3       -8.937671e-03
        85         3       -8.926771e-01
        86         3        1.688202e+00
        87         3        1.495629e+00
        88         3        3.916262e-01
        89         3        1.366461e+00
        90         3       -5.970747e-01
        91         3       -8.146106e-01
        92         3        7.234926e-01
        93         3       -1.575525e-01
        94         3       -1.036756e+00
        95         3       -3.759516e-01
        96         3        1.872158e+00
         1         4        6.475085e-02
         2         4       -5.669064e-01
         3         4        1.240515e+00
         4         4        1.976080e-01
         5         4       -3.113162e-01
         6         4       -3.853971e-01
         7         4       -7.266447e-01
         8         4       -1.890164e+00
         9         4       -2.247562e+00
        10         4        6.558832e-02
        11         4       -1.423186e-01
        12         4        1.894447e-01
        13         4        4.661548e-01
        14         4       -1.366574e-01
        15         4        4.622924e-01
        16         4        3.035895e-01
        17         4        4.926943e-01
        18         4        3.370863e-02
        19         4       -9.655026e-01
        20         4        1.199388e+00
        21         4       -1.666398e-01
        22         4        8.445425e-01
        23         4       -7.368577e-01
        24         4        1.214042e-01
        25         4       -3.145859e-01
        26         4        5.295198e-02
        27         4       -2.534946e-01
        28         4        8.109265e-01
        29         4        7.063341e-01
        30         4        1.643655e-02
        31         4       -1.050639e+00
        32         4       -3.153470e+00
        33         4       -5.240314e-01
        34         4       -2.034910e+00
        35         4       -8.206950e-01
        36         4       -6.388576e-01
        37         4       -7.480223e-01
        38         4        1.114337e+00
        39         4       -2.254980e-01
        40         4       -1.253021e-01
        41         4        1.851961e+00
        42         4       -1.230571e+00
        43         4       -6.450594e-01
        44         4        3.801610e-02
        45         4        1.629342e-01
        46         4       -1.272437e+00
        47         4        5.257960e-01
        48         4        4.645179e-02
        49         4        4.382676e-01
        50         4        3.164150e-01
        51         4        4.802352e-01
        52         4        1.757944e-01
        53         4        4.659671e-01
        54         4        2.364707e-01
        55         4       -1.638360e+00
        56         4       -1.589580e+00
        57         4       -1.334290e+00
        58         4        1.178972e+00
        59         4        1.233916e+00
        60         4        5.176293e-01
        61         4        1.082601e+00
        62         4        1.238221e+00
        63         4       -6.932710e-01
        64         4        1.001584e+00
        65         4        5.296370e-01
        66         4        6.442403e-02
        67         4        1.673622e+00
        68         4        9.954653e-01
        69         4        1.685559e+00
        70         4        8.102556e-03
        71         4        1.664331e+00
        72         4       -3.387692e-01
        73         4        7.957094e-01
        74         4       -2.504037e-01
        75         4        5.824954e-01
        76         4       -3.167798e-01
        77         4        4.349664e-02
        78         4       -7.213934e-01
        79         4        1.476053e+00
        80         4        9.958651e-01
        81         4       -2.167158e-01
        82         4        4.088225e-01
        83         4       -2.762874e-01
        84         4        1.008855e+00
        85         4       -2.079677e-01
        86         4       -1.158616e+00
        87         4       -3.731431e-01
        88         4        6.513655e-01
        89         4       -9.120308e-01
        90         4        9.490577e-01
        91         4       -3.376850e-02
        92         4       -3.492469e-03
        93         4       -2.286088e-01
        94         4       -1.730120e-02
        95         4        1.090157e+00
        96         4       -1.791465e-01
         1         5        1.008687e+00
         2         5        7.625701e-03
         3         5       -1.122823e+00
         4         5       -4.357923e-01
         5         5        7.265573e-01
         6         5       -9.831810e-02
         7         5       -6.589766e-01
         8         5       -1.487509e-01
         9         5        1.092797e+00
        10         5       -4.300910e-02
        11         5        1.430557e+00
        12         5       -6.558676e-02
        13         5       -1.206697e+00
        14         5       -6.877475e-01
        15         5       -1.171132e+00
        16         5        5.561557e-01
        17         5       -1.934804e-01
        18         5        1.195405e+00
        19         5        1.457339e+00
        20         5        2.442640e-01
        21         5       -4.887952e-01
        22         5       -3.438579e-01
        23         5       -6.240409e-01
        24         5       -1.554257e-03
        25         5       -2.070085e-01
        26         5        9.027536e-01
        27         5        6.079262e-01
        28         5        2.444012e-01
        29         5        3.948738e-01
        30         5        1.130013e+00
        31         5       -4.800940e-01
        32         5        4.414035e-01
        33         5        9.750272e-01
        34         5       -8.348144e-01
        35         5        1.087491e-01
        36         5       -1.146608e+00
        37         5       -1.023662e+00
        38         5        5.065100e-01
        39         5       -8.347063e-01
        40         5       -1.150261e+00
        41         5       -1.840233e+00
        42         5        8.264252e-01
        43         5        7.201012e-01
        44         5       -1.320859e+00
        45         5        1.074798e+00
        46         5        4.422516e-01
        47         5        1.332913e+00
        48         5        3.540932e+00
        49         5        1.454014e+00
        50         5        1.512854e+00
        51         5       -1.261602e-01
        52         5        1.092350e+00
        53         5       -1.445870e+00
        54         5        4.042987e-02
        55         5       -1.046828e+00
        56         5        1.291184e+00
        57         5        1.995345e+00
        58         5        1.128489e-01
        59         5       -4.518799e-01
        60         5        1.445272e+00
        61         5       -4.923856e-02
        62         5        1.850581e-02
        63         5       -1.120291e+00
        64         5       -1.725119e-02
        65         5       -1.535632e-01
        66         5       -1.257651e+00
        67         5        8.625174e-01
        68         5        1.440563e-01
        69         5       -1.322925e+00
        70         5        2.126400e+00
        71         5        2.632592e-01
        72         5       -4.264827e-01
        73         5        5.733318e-01
        74         5       -1.363565e+00
        75         5       -5.137110e-01
        76         5        2.198515e-01
        77         5        1.614167e+00
        78         5       -1.123519e+00
        79         5        1.510331e+00
        80         5        2.504622e-01
        81         5        1.120651e+00
        82         5        2.309600e+00
        83         5        2.437196e-01
        84         5       -1.127971e+00
        85         5        1.392669e-01
        86         5        1.082500e+00
        87         5        3.381593e-01
        88         5       -1.171081e+00
        89         5        7.079511e-01
        90         5        2.184977e+00
        91         5        1.093634e+00
        92         5        3.567089e-01
        93         5        1.151001e+00
        94         5       -9.913565e-01
        95         5       -2.109687e+00
        96         5        1.382543e+00
;

param theta:=
    1        9.666430e-01
    2       -1.383882e+00
    3        8.155732e-01
    4        1.918478e-02
    5        1.484528e+00
;
param X_true:=
    1        3.476188e-01
    2        9.823036e-01
    3       -3.249504e+00
    4       -2.940711e+00
    5        3.875713e+00
    6        5.911676e-02
    7        1.962669e+00
    8       -2.675109e+00
    9        1.459099e+00
   10       -3.847749e+00
   11        6.115889e-03
   12        4.853310e-01
   13       -3.383842e+00
   14        4.927587e-01
   15       -1.988661e-01
   16        1.335379e+00
   17        1.484132e+00
   18        4.613808e+00
   19        2.948295e+00
   20        6.730608e-02
   21       -5.541007e-01
   22        3.107379e+00
   23        2.898697e+00
   24       -7.717413e-01
   25       -1.382955e+00
   26        2.422053e+00
   27        6.331872e-02
   28       -8.975480e-01
   29       -1.712149e+00
   30        5.214078e-01
   31        2.344635e+00
   32        2.187953e+00
   33        1.235950e+00
   34        6.118781e-01
   35       -3.838058e-01
   36       -3.533469e+00
   37       -2.404741e+00
   38        1.846319e+00
   39       -2.094536e+00
   40       -1.545954e+00
   41       -2.846417e+00
   42       -2.338630e-01
   43       -9.317565e-02
   44       -3.153213e+00
   45        2.483991e+00
   46       -2.971042e-01
   47        2.081791e+00
   48        6.540348e+00
   49        2.990430e+00
   50        4.510679e+00
   51        8.649710e-01
   52       -4.551696e-01
   53       -1.879068e+00
   54        2.405205e-01
   55       -1.031668e+00
   56        3.123704e+00
   57        3.796271e+00
   58       -1.247936e+00
   59       -2.897220e+00
   60        9.082459e-01
   61        4.766422e-01
   62        5.502634e-01
   63       -3.919681e+00
   64        4.001283e+00
   65        8.377482e-01
   66       -1.059439e+00
   67        4.766872e-01
   68       -1.542823e+00
   69        3.686456e-01
   70        3.735467e+00
   71        1.924000e+00
   72        1.737057e+00
   73       -1.666094e+00
   74       -3.823284e+00
   75       -3.846597e-01
   76        1.852947e+00
   77        1.611016e+00
   78        2.345104e-01
   79        3.048657e+00
   80       -1.776248e+00
   81        3.716757e+00
   82        5.093374e+00
   83       -6.350952e-01
   84       -1.415046e+00
   85       -1.654880e+00
   86        3.398594e+00
   87        5.280653e+00
   88       -2.105047e+00
   89        3.624360e+00
   90        1.003176e+00
   91        2.155755e+00
   92        1.182042e+00
   93        2.643956e+00
   94       -2.863600e+00
   95       -1.037391e+00
   96        4.475127e+00
;
param X:=
    1        3.476188e-01
    2        9.823036e-01
    3       -3.249504e+00
    4       -2.940711e+00
    5        3.875713e+00
    6        5.911676e-02
    7       -1.145981e-01
    8       -2.675109e+00
    9        1.459099e+00
   10       -3.847749e+00
   11        6.115889e-03
   12        4.853310e-01
   13       -3.383842e+00
   14        4.927587e-01
   15       -1.988661e-01
   16        1.335379e+00
   17        1.484132e+00
   18        4.613808e+00
   19        2.948295e+00
   20        6.730608e-02
   21       -5.541007e-01
   22        3.107379e+00
   23        2.898697e+00
   24       -7.717413e-01
   25       -1.382955e+00
   26        2.422053e+00
   27       -8.151436e-01
   28       -8.975480e-01
   29       -1.712149e+00
   30        5.214078e-01
   31       -3.675379e-01
   32        2.187953e+00
   33        1.235950e+00
   34        6.118781e-01
   35       -3.838058e-01
   36       -3.533469e+00
   37       -2.404741e+00
   38        1.846319e+00
   39       -2.094536e+00
   40       -1.545954e+00
   41       -2.846417e+00
   42       -2.338630e-01
   43       -9.317565e-02
   44       -3.153213e+00
   45        2.483991e+00
   46       -2.971042e-01
   47        2.081791e+00
   48        6.540348e+00
   49        2.990430e+00
   50        4.510679e+00
   51        8.649710e-01
   52       -4.551696e-01
   53       -1.879068e+00
   54       -1.080498e+00
   55       -1.031668e+00
   56        3.123704e+00
   57        3.796271e+00
   58       -1.247936e+00
   59       -2.897220e+00
   60        9.082459e-01
   61       -2.642979e-01
   62        5.502634e-01
   63       -3.919681e+00
   64        4.001283e+00
   65        8.377482e-01
   66       -1.059439e+00
   67        4.766872e-01
   68       -1.542823e+00
   69        3.686456e-01
   70        3.735467e+00
   71        1.924000e+00
   72        1.737057e+00
   73       -1.666094e+00
   74       -3.823284e+00
   75       -1.063243e+00
   76        1.852947e+00
   77        1.611016e+00
   78        2.345104e-01
   79        3.048657e+00
   80       -1.776248e+00
   81        3.716757e+00
   82        5.093374e+00
   83       -6.350952e-01
   84       -1.415046e+00
   85       -1.654880e+00
   86        3.398594e+00
   87        5.280653e+00
   88       -2.105047e+00
   89        3.624360e+00
   90        1.003176e+00
   91        2.155755e+00
   92        1.182042e+00
   93        2.643956e+00
   94       -2.863600e+00
   95       -1.037391e+00
   96        4.475127e+00
;
param outliervec:=
    1    0
    2    0
    3    0
    4    0
    5    0
    6    0
    7    1
    8    0
    9    0
   10    0
   11    0
   12    0
   13    0
   14    0
   15    0
   16    0
   17    0
   18    0
   19    0
   20    0
   21    0
   22    0
   23    0
   24    0
   25    0
   26    0
   27    1
   28    0
   29    0
   30    0
   31    1
   32    0
   33    0
   34    0
   35    0
   36    0
   37    0
   38    0
   39    0
   40    0
   41    0
   42    0
   43    0
   44    0
   45    0
   46    0
   47    0
   48    0
   49    0
   50    0
   51    0
   52    0
   53    0
   54    1
   55    0
   56    0
   57    0
   58    0
   59    0
   60    0
   61    1
   62    0
   63    0
   64    0
   65    0
   66    0
   67    0
   68    0
   69    0
   70    0
   71    0
   72    0
   73    0
   74    0
   75    1
   76    0
   77    0
   78    0
   79    0
   80    0
   81    0
   82    0
   83    0
   84    0
   85    0
   86    0
   87    0
   88    0
   89    0
   90    0
   91    0
   92    0
   93    0
   94    0
   95    0
   96    0
; 
param greedy_time :=         8.211275e-02
;