data;


param FN:= 0;
param D:= 100;
param U_Original:=
         1         1        4.097554e-01
         2         1       -1.285200e+00
         3         1        1.061362e+00
         4         1       -3.218409e-02
         5         1        7.251348e-01
         6         1        6.358516e-01
         7         1        9.133814e-01
         8         1       -9.996375e-01
         9         1       -1.318354e+00
        10         1       -1.035601e+00
        11         1       -1.840950e+00
        12         1        1.269898e+00
        13         1        4.210562e-01
        14         1       -2.176758e+00
        15         1        6.625821e-01
        16         1        3.885090e-01
        17         1       -1.311449e+00
        18         1        8.944428e-02
        19         1       -1.517575e+00
        20         1        1.131111e+00
        21         1       -1.426703e+00
        22         1        6.288867e-01
        23         1       -1.621503e+00
        24         1       -1.145232e+00
        25         1        9.962164e-01
        26         1        3.235226e-01
        27         1        1.146180e+00
        28         1        1.187870e+00
        29         1       -8.874446e-01
        30         1       -7.006133e-01
        31         1       -2.072208e+00
        32         1       -3.522571e-01
        33         1        2.594921e-01
        34         1       -1.034553e+00
        35         1       -1.734318e-01
        36         1       -6.842971e-02
        37         1       -2.972626e-01
        38         1       -7.256668e-01
        39         1       -7.889735e-01
        40         1        5.122092e-01
        41         1        7.944726e-01
        42         1        1.986702e-01
        43         1        3.895786e-01
        44         1        1.093474e+00
        45         1        1.095502e+00
        46         1       -7.956708e-01
        47         1        2.055647e-01
        48         1        2.394378e-01
        49         1       -1.333211e+00
        50         1       -2.631236e+00
        51         1        1.162446e-01
        52         1       -3.177728e-01
        53         1        1.038147e+00
        54         1        2.523938e-01
        55         1        1.424399e+00
        56         1        5.717937e-01
        57         1        1.970128e-01
        58         1       -1.567835e+00
        59         1        2.494050e-01
        60         1        1.721252e+00
        61         1       -1.000139e+00
        62         1        1.365738e+00
        63         1        1.783886e+00
        64         1        1.039551e+00
        65         1        8.936087e-01
        66         1       -4.318799e-01
        67         1       -9.683852e-01
        68         1        9.372219e-01
        69         1        7.798924e-01
        70         1        7.540964e-01
        71         1        5.439926e-01
        72         1        1.296299e-01
        73         1        2.724488e+00
        74         1       -4.202685e-01
        75         1        3.801704e-01
        76         1       -7.241125e-01
        77         1        7.611369e-01
        78         1       -5.475972e-01
        79         1        8.353559e-01
        80         1        7.456142e-01
        81         1       -2.548031e-01
        82         1       -3.522534e-01
        83         1       -8.100779e-01
        84         1       -4.919059e-01
        85         1       -8.135529e-01
        86         1        5.799603e-02
        87         1       -1.273392e+00
        88         1       -3.763577e-01
        89         1        5.771843e-01
        90         1        6.710834e-01
        91         1       -1.368819e+00
        92         1        4.270232e-02
        93         1        3.321562e-01
        94         1       -2.818941e+00
        95         1        5.930444e-01
        96         1       -9.512050e-01
        97         1        8.319975e-01
        98         1       -1.320347e-02
        99         1       -1.198491e+00
       100         1        3.988144e-01
         1         2       -3.745033e-01
         2         2       -1.062805e+00
         3         2       -6.526905e-01
         4         2       -1.294600e+00
         5         2       -7.790412e-01
         6         2       -5.306568e-01
         7         2       -1.243731e-01
         8         2        1.689365e-01
         9         2        4.080873e-01
        10         2        9.680509e-01
        11         2        4.367992e-01
        12         2       -1.583450e+00
        13         2        6.031953e-02
        14         2        2.958564e-01
        15         2        9.896300e-01
        16         2       -1.927686e-01
        17         2       -3.696584e-01
        18         2        3.358186e-01
        19         2        9.343853e-01
        20         2        3.076591e-01
        21         2       -1.041613e+00
        22         2        1.519228e+00
        23         2        2.285682e-01
        24         2        6.812697e-01
        25         2        1.497884e+00
        26         2        1.398824e+00
        27         2       -1.766625e-01
        28         2       -6.279699e-01
        29         2       -1.047097e+00
        30         2        1.162654e+00
        31         2        2.910259e+00
        32         2        4.692622e-01
        33         2        6.579161e-01
        34         2        8.168200e-01
        35         2       -1.317627e+00
        36         2       -3.966016e-01
        37         2       -1.235826e-01
        38         2        3.003589e-01
        39         2        2.011188e-01
        40         2       -6.782601e-01
        41         2       -1.429158e+00
        42         2        2.153541e+00
        43         2        1.231465e-01
        44         2       -1.887819e-01
        45         2       -4.668448e-01
        46         2        2.352781e-01
        47         2        3.627793e-01
        48         2        8.789241e-02
        49         2        8.370457e-01
        50         2        2.170801e-02
        51         2        2.036602e+00
        52         2        6.397279e-01
        53         2        7.752166e-01
        54         2       -1.580350e-01
        55         2       -5.776801e-01
        56         2        2.075454e+00
        57         2       -1.435923e+00
        58         2       -1.109700e+00
        59         2       -2.271778e-01
        60         2       -6.162558e-01
        61         2        3.988516e-01
        62         2       -4.915193e-01
        63         2       -1.321528e+00
        64         2       -5.662512e-01
        65         2        6.736665e-01
        66         2       -1.226349e+00
        67         2       -1.123848e+00
        68         2        8.211160e-01
        69         2       -5.744947e-03
        70         2        4.388672e-01
        71         2        1.509160e+00
        72         2       -1.361897e-01
        73         2       -3.504837e-01
        74         2       -1.565127e+00
        75         2        2.612254e-01
        76         2        1.011548e-01
        77         2        1.527423e+00
        78         2        1.075496e-01
        79         2        6.553819e-01
        80         2        1.526761e+00
        81         2       -3.747886e-02
        82         2        4.818157e-01
        83         2       -3.830657e-01
        84         2        7.170428e-01
        85         2        1.495168e-01
        86         2       -3.110267e-01
        87         2       -8.723021e-01
        88         2       -2.035706e-01
        89         2       -1.631932e-01
        90         2        4.329886e-01
        91         2       -1.142391e+00
        92         2        9.257477e-01
        93         2       -1.478693e+00
        94         2        2.213552e+00
        95         2       -2.335335e+00
        96         2       -8.758297e-01
        97         2       -3.970042e-01
        98         2        1.016035e+00
        99         2       -1.758042e+00
       100         2        2.084485e+00
         1         3        2.228915e-01
         2         3       -2.023404e+00
         3         3       -2.602857e-01
         4         3        1.949352e-01
         5         3        4.485621e-01
         6         3        1.863423e+00
         7         3        2.122120e-01
         8         3       -3.498216e-01
         9         3        9.285089e-01
        10         3        1.117176e+00
        11         3       -3.473489e-01
        12         3       -1.290258e-01
        13         3        6.031476e-01
        14         3        2.078485e+00
        15         3        1.379071e+00
        16         3        1.504111e+00
        17         3       -3.615650e-02
        18         3       -3.428703e-01
        19         3       -7.715963e-01
        20         3       -3.743696e-01
        21         3       -4.631170e-01
        22         3        2.879610e+00
        23         3       -2.807795e-01
        24         3        3.486684e-01
        25         3       -3.997388e-01
        26         3        1.234435e+00
        27         3        7.398544e-01
        28         3        5.318838e-01
        29         3       -1.524632e+00
        30         3       -2.071581e-01
        31         3        7.586061e-01
        32         3       -8.374182e-01
        33         3        1.809153e+00
        34         3        1.135424e+00
        35         3       -1.235079e+00
        36         3       -8.998215e-01
        37         3        9.751225e-01
        38         3        1.058885e+00
        39         3        4.854515e-01
        40         3        1.446670e-02
        41         3       -1.394531e-01
        42         3       -1.085850e+00
        43         3        1.393754e+00
        44         3       -8.917068e-02
        45         3       -1.811831e+00
        46         3        1.276159e+00
        47         3       -6.507982e-02
        48         3       -2.652955e-01
        49         3        2.066129e+00
        50         3       -1.280886e+00
        51         3        1.147208e+00
        52         3        1.769690e-01
        53         3       -1.224097e+00
        54         3       -9.186925e-01
        55         3       -1.205204e+00
        56         3       -1.165164e+00
        57         3        9.445148e-01
        58         3        9.308478e-01
        59         3       -6.541659e-01
        60         3       -1.738048e+00
        61         3       -9.927328e-01
        62         3       -3.357739e-01
        63         3       -1.149895e-01
        64         3        9.245732e-01
        65         3        1.308582e+00
        66         3       -1.073522e-01
        67         3        2.333089e+00
        68         3        5.636169e-01
        69         3       -9.516477e-01
        70         3       -7.604852e-01
        71         3       -1.636236e+00
        72         3       -8.985478e-01
        73         3       -7.653213e-01
        74         3        1.330933e+00
        75         3        3.065159e-01
        76         3       -4.905846e-01
        77         3       -6.460201e-01
        78         3       -1.519880e-01
        79         3       -2.242152e+00
        80         3        1.145921e+00
        81         3       -4.444983e-01
        82         3       -3.054801e-01
        83         3       -3.043513e-01
        84         3        7.330987e-01
        85         3       -1.274934e+00
        86         3        5.267289e-01
        87         3       -3.779681e-01
        88         3        4.558499e-01
        89         3        5.255391e-01
        90         3        1.258880e+00
        91         3        1.410919e-01
        92         3        9.039370e-02
        93         3       -1.405099e+00
        94         3        6.672451e-01
        95         3        1.023550e+00
        96         3       -5.545550e-01
        97         3       -4.093086e-01
        98         3       -1.505136e+00
        99         3        9.811334e-02
       100         3        4.411328e-01
         1         4       -1.597503e-01
         2         4       -9.029801e-01
         3         4        1.217213e+00
         4         4       -2.989955e-01
         5         4        2.560466e-01
         6         4       -1.153231e+00
         7         4       -9.445582e-02
         8         4        1.609965e+00
         9         4       -1.279327e+00
        10         4       -6.643904e-01
        11         4        2.444058e-01
        12         4        4.838667e-01
        13         4       -1.355539e-01
        14         4        2.194274e-01
        15         4       -7.365791e-01
        16         4       -5.676894e-01
        17         4        3.313697e-01
        18         4       -7.894976e-01
        19         4       -8.266600e-01
        20         4        2.153350e+00
        21         4       -1.139324e+00
        22         4        1.253900e+00
        23         4        1.005214e+00
        24         4        9.339161e-01
        25         4       -4.672023e-01
        26         4        1.262539e+00
        27         4       -5.692147e-01
        28         4       -1.114730e+00
        29         4        1.201755e+00
        30         4       -3.522678e-01
        31         4       -7.471827e-01
        32         4       -1.720553e-01
        33         4        5.181934e-01
        34         4        4.162283e-01
        35         4       -9.390308e-01
        36         4       -1.810071e+00
        37         4       -3.746470e-01
        38         4       -1.256868e+00
        39         4        1.105213e+00
        40         4        6.779682e-01
        41         4       -7.869498e-01
        42         4        1.508689e+00
        43         4       -6.397211e-01
        44         4       -2.524195e+00
        45         4        4.583028e-01
        46         4       -3.269033e+00
        47         4       -1.137311e+00
        48         4       -8.568738e-01
        49         4        1.044484e+00
        50         4       -4.034964e-01
        51         4       -1.566480e+00
        52         4       -1.639481e+00
        53         4       -1.809352e-01
        54         4       -1.577799e-01
        55         4       -1.141898e+00
        56         4       -8.645667e-01
        57         4       -1.114259e+00
        58         4        9.191092e-01
        59         4       -8.246019e-01
        60         4       -5.782084e-01
        61         4        2.522964e-02
        62         4        1.547034e+00
        63         4        3.773985e-02
        64         4        1.956551e+00
        65         4        8.263759e-01
        66         4        1.170569e+00
        67         4       -2.749862e+00
        68         4       -6.573745e-02
        69         4        4.336246e-01
        70         4        1.171269e+00
        71         4        1.060259e+00
        72         4        9.815984e-01
        73         4       -1.875331e+00
        74         4       -9.891220e-01
        75         4        1.957375e-01
        76         4        1.264294e+00
        77         4        5.304882e-01
        78         4       -1.053132e+00
        79         4        3.960123e-01
        80         4        3.783261e-01
        81         4        1.977244e+00
        82         4       -2.470068e-01
        83         4        1.153572e+00
        84         4       -2.032287e-01
        85         4        9.138574e-01
        86         4        8.261726e-01
        87         4        1.687833e+00
        88         4       -6.526694e-01
        89         4       -1.218272e+00
        90         4       -6.248284e-01
        91         4        8.180560e-01
        92         4       -2.124188e+00
        93         4       -6.409640e-01
        94         4       -1.720429e+00
        95         4       -9.711194e-01
        96         4        6.102833e-01
        97         4        3.024752e-01
        98         4       -1.451485e-01
        99         4       -5.334594e-01
       100         4       -2.597931e+00
         1         5        2.119969e-01
         2         5        1.055665e-01
         3         5       -4.319153e-01
         4         5        6.914113e-01
         5         5       -1.551153e-01
         6         5        1.819855e+00
         7         5        3.719659e-01
         8         5       -1.989599e+00
         9         5        2.063223e+00
        10         5        1.826794e-01
        11         5        7.825155e-01
        12         5        1.388721e+00
        13         5       -3.515972e-01
        14         5       -1.810258e-01
        15         5       -8.838995e-01
        16         5        1.704743e+00
        17         5       -5.407655e-01
        18         5        1.610830e-01
        19         5        9.625001e-01
        20         5        1.104301e+00
        21         5        1.052545e+00
        22         5        3.529771e-02
        23         5        1.103579e+00
        24         5        1.849503e+00
        25         5       -1.010120e+00
        26         5        1.912551e-01
        27         5       -1.774057e+00
        28         5       -2.097765e+00
        29         5        1.123909e+00
        30         5       -1.109043e+00
        31         5       -1.845393e+00
        32         5       -2.305062e-01
        33         5       -5.890116e-02
        34         5        5.641682e-02
        35         5       -3.408289e-01
        36         5        1.443205e+00
        37         5       -1.368891e+00
        38         5       -1.743434e+00
        39         5        2.057662e+00
        40         5        1.772784e+00
        41         5        9.521005e-01
        42         5        7.074684e-01
        43         5       -8.650852e-01
        44         5       -3.205897e-01
        45         5       -1.367175e-01
        46         5        1.721103e+00
        47         5        1.273026e+00
        48         5        1.941800e+00
        49         5       -3.396724e-01
        50         5        3.210094e-01
        51         5       -1.208744e-01
        52         5       -3.163020e-03
        53         5       -1.070539e+00
        54         5        8.676688e-01
        55         5        6.749949e-01
        56         5        1.046692e+00
        57         5       -3.691379e-01
        58         5       -2.700741e-01
        59         5       -3.440593e-02
        60         5        1.783842e-01
        61         5       -2.562950e-02
        62         5       -1.140671e+00
        63         5       -1.571652e-02
        64         5       -5.274658e-01
        65         5        7.139887e-01
        66         5        2.435159e-01
        67         5       -9.433879e-01
        68         5       -8.381640e-01
        69         5        2.389702e-01
        70         5       -1.504829e+00
        71         5       -3.013127e-02
        72         5        5.207268e-01
        73         5       -4.460136e-01
        74         5       -4.097884e-01
        75         5       -9.453149e-01
        76         5       -3.277719e-01
        77         5       -4.550909e-01
        78         5        1.455441e+00
        79         5       -5.167368e-01
        80         5       -1.316569e+00
        81         5        9.641639e-01
        82         5        4.413515e-01
        83         5       -1.885606e-01
        84         5       -1.173352e+00
        85         5       -6.890550e-01
        86         5        9.766594e-02
        87         5        1.100403e+00
        88         5       -9.104710e-01
        89         5       -5.022383e-01
        90         5       -1.704231e+00
        91         5        1.930892e-01
        92         5        2.739587e-01
        93         5        4.719741e-01
        94         5        7.573354e-01
        95         5        4.929387e-01
        96         5       -1.576975e+00
        97         5       -8.136840e-03
        98         5       -3.187550e-01
        99         5       -6.237944e-01
       100         5        1.387037e-01
;
param X_Original:=
    1       -1.283420e+00
    2       -7.276492e-01
    3       -1.430737e+00
    4        6.000466e-02
    5        1.662124e+00
    6        1.905715e+00
    7       -1.166704e+00
    8        1.258122e+00
    9        1.711577e+00
   10        1.338759e+00
   11        1.921207e-02
   12       -6.526529e-01
   13        2.373086e-01
   14        9.673114e-02
   15        3.415892e-01
   16       -7.513587e-01
   17       -1.089130e+00
   18       -4.324871e-01
   19        3.243268e-01
   20        1.520223e+00
   21        1.870382e+00
   22        4.164301e-01
   23       -1.013733e-01
   24       -6.332107e-01
   25       -5.533219e-01
   26       -1.043372e+00
   27       -6.096533e-01
   28       -5.027247e-01
   29        8.485847e-01
   30        2.049241e-01
   31       -1.134222e+00
   32        1.788183e-01
   33        1.267547e+00
   34       -5.890913e-01
   35        1.842790e-01
   36        4.379078e-02
   37        8.405339e-01
   38        2.276551e-01
   39       -1.501687e+00
   40       -6.672618e-01
   41       -1.095758e-01
   42        1.886183e-01
   43        6.413981e-01
   44       -1.061946e+00
   45        5.985192e-01
   46        1.184256e-01
   47        3.550885e-01
   48        1.269687e+00
   49       -1.591535e+00
   50        4.108942e-01
   51        4.942218e-01
   52        1.340994e-02
   53        4.715160e-01
   54        1.347886e+00
   55       -6.962521e-01
   56        8.288963e-01
   57        7.433480e-01
   58        7.247655e-01
   59        1.164744e-01
   60       -4.530137e-01
   61       -5.242409e-01
   62       -1.989574e-01
   63        5.028286e-01
   64       -1.036189e+00
   65       -4.566996e-02
   66       -4.097412e-01
   67        7.689780e-01
   68       -4.920678e-01
   69       -7.872095e-02
   70       -1.112825e+00
   71        2.066488e-01
   72        1.770628e+00
   73        5.901774e-01
   74        4.413354e-01
   75       -2.164414e+00
   76        2.281573e-01
   77       -5.071572e-01
   78       -8.021762e-01
   79       -3.716438e-01
   80        1.010588e+00
   81        1.128471e+00
   82       -2.547332e+00
   83       -5.227174e-01
   84        1.412065e-01
   85        7.494629e-01
   86       -6.242573e-01
   87       -1.169485e+00
   88        4.806099e-01
   89        9.490308e-02
   90        6.907023e-01
   91        3.535520e-01
   92       -9.806715e-01
   93       -1.223014e-01
   94        2.227168e+00
   95       -6.215379e-01
   96        2.562004e-01
   97        1.277707e+00
   98        9.430797e-01
   99        6.195019e-01
  100       -2.134378e-02
;
param outliervec_original :=
    1    1
    2    1
    3    1
    4    0
    5    1
    6    0
    7    1
    8    1
    9    1
   10    1
   11    1
   12    0
   13    1
   14    1
   15    1
   16    1
   17    1
   18    1
   19    0
   20    1
   21    1
   22    1
   23    1
   24    1
   25    1
   26    1
   27    1
   28    1
   29    1
   30    0
   31    1
   32    1
   33    0
   34    1
   35    1
   36    1
   37    1
   38    1
   39    1
   40    1
   41    0
   42    1
   43    1
   44    1
   45    1
   46    1
   47    1
   48    1
   49    1
   50    1
   51    1
   52    1
   53    1
   54    1
   55    0
   56    1
   57    1
   58    1
   59    1
   60    1
   61    0
   62    1
   63    1
   64    1
   65    1
   66    1
   67    1
   68    1
   69    1
   70    1
   71    1
   72    1
   73    1
   74    1
   75    1
   76    1
   77    0
   78    1
   79    1
   80    1
   81    1
   82    1
   83    1
   84    1
   85    1
   86    1
   87    1
   88    0
   89    1
   90    1
   91    1
   92    1
   93    1
   94    0
   95    1
   96    1
   97    1
   98    1
   99    1
  100    1
;
param d:= 64;
param r:=5;
param p:=0.880000;
param M:=1000;
param U:=
         1         1       -1.285200e+00
         2         1        1.061362e+00
         3         1       -3.218409e-02
         4         1        6.358516e-01
         5         1       -1.318354e+00
         6         1       -1.035601e+00
         7         1       -1.840950e+00
         8         1        1.269898e+00
         9         1        4.210562e-01
        10         1        6.625821e-01
        11         1        8.944428e-02
        12         1       -1.517575e+00
        13         1       -1.426703e+00
        14         1        6.288867e-01
        15         1       -1.621503e+00
        16         1        9.962164e-01
        17         1        1.146180e+00
        18         1        1.187870e+00
        19         1       -7.006133e-01
        20         1       -3.522571e-01
        21         1        2.594921e-01
        22         1       -1.734318e-01
        23         1       -6.842971e-02
        24         1       -2.972626e-01
        25         1       -7.256668e-01
        26         1        5.122092e-01
        27         1        7.944726e-01
        28         1        1.986702e-01
        29         1        3.895786e-01
        30         1        2.055647e-01
        31         1        2.394378e-01
        32         1       -2.631236e+00
        33         1        1.162446e-01
        34         1        1.424399e+00
        35         1        5.717937e-01
        36         1        1.970128e-01
        37         1       -1.567835e+00
        38         1        2.494050e-01
        39         1        1.721252e+00
        40         1       -1.000139e+00
        41         1        1.039551e+00
        42         1        8.936087e-01
        43         1       -4.318799e-01
        44         1       -9.683852e-01
        45         1        9.372219e-01
        46         1        7.798924e-01
        47         1        7.540964e-01
        48         1       -4.202685e-01
        49         1       -7.241125e-01
        50         1        7.611369e-01
        51         1        8.353559e-01
        52         1        7.456142e-01
        53         1       -8.100779e-01
        54         1       -4.919059e-01
        55         1        5.799603e-02
        56         1       -1.273392e+00
        57         1       -3.763577e-01
        58         1        5.771843e-01
        59         1        6.710834e-01
        60         1       -1.368819e+00
        61         1        3.321562e-01
        62         1       -2.818941e+00
        63         1        5.930444e-01
        64         1       -1.198491e+00
         1         2       -1.062805e+00
         2         2       -6.526905e-01
         3         2       -1.294600e+00
         4         2       -5.306568e-01
         5         2        4.080873e-01
         6         2        9.680509e-01
         7         2        4.367992e-01
         8         2       -1.583450e+00
         9         2        6.031953e-02
        10         2        9.896300e-01
        11         2        3.358186e-01
        12         2        9.343853e-01
        13         2       -1.041613e+00
        14         2        1.519228e+00
        15         2        2.285682e-01
        16         2        1.497884e+00
        17         2       -1.766625e-01
        18         2       -6.279699e-01
        19         2        1.162654e+00
        20         2        4.692622e-01
        21         2        6.579161e-01
        22         2       -1.317627e+00
        23         2       -3.966016e-01
        24         2       -1.235826e-01
        25         2        3.003589e-01
        26         2       -6.782601e-01
        27         2       -1.429158e+00
        28         2        2.153541e+00
        29         2        1.231465e-01
        30         2        3.627793e-01
        31         2        8.789241e-02
        32         2        2.170801e-02
        33         2        2.036602e+00
        34         2       -5.776801e-01
        35         2        2.075454e+00
        36         2       -1.435923e+00
        37         2       -1.109700e+00
        38         2       -2.271778e-01
        39         2       -6.162558e-01
        40         2        3.988516e-01
        41         2       -5.662512e-01
        42         2        6.736665e-01
        43         2       -1.226349e+00
        44         2       -1.123848e+00
        45         2        8.211160e-01
        46         2       -5.744947e-03
        47         2        4.388672e-01
        48         2       -1.565127e+00
        49         2        1.011548e-01
        50         2        1.527423e+00
        51         2        6.553819e-01
        52         2        1.526761e+00
        53         2       -3.830657e-01
        54         2        7.170428e-01
        55         2       -3.110267e-01
        56         2       -8.723021e-01
        57         2       -2.035706e-01
        58         2       -1.631932e-01
        59         2        4.329886e-01
        60         2       -1.142391e+00
        61         2       -1.478693e+00
        62         2        2.213552e+00
        63         2       -2.335335e+00
        64         2       -1.758042e+00
         1         3       -2.023404e+00
         2         3       -2.602857e-01
         3         3        1.949352e-01
         4         3        1.863423e+00
         5         3        9.285089e-01
         6         3        1.117176e+00
         7         3       -3.473489e-01
         8         3       -1.290258e-01
         9         3        6.031476e-01
        10         3        1.379071e+00
        11         3       -3.428703e-01
        12         3       -7.715963e-01
        13         3       -4.631170e-01
        14         3        2.879610e+00
        15         3       -2.807795e-01
        16         3       -3.997388e-01
        17         3        7.398544e-01
        18         3        5.318838e-01
        19         3       -2.071581e-01
        20         3       -8.374182e-01
        21         3        1.809153e+00
        22         3       -1.235079e+00
        23         3       -8.998215e-01
        24         3        9.751225e-01
        25         3        1.058885e+00
        26         3        1.446670e-02
        27         3       -1.394531e-01
        28         3       -1.085850e+00
        29         3        1.393754e+00
        30         3       -6.507982e-02
        31         3       -2.652955e-01
        32         3       -1.280886e+00
        33         3        1.147208e+00
        34         3       -1.205204e+00
        35         3       -1.165164e+00
        36         3        9.445148e-01
        37         3        9.308478e-01
        38         3       -6.541659e-01
        39         3       -1.738048e+00
        40         3       -9.927328e-01
        41         3        9.245732e-01
        42         3        1.308582e+00
        43         3       -1.073522e-01
        44         3        2.333089e+00
        45         3        5.636169e-01
        46         3       -9.516477e-01
        47         3       -7.604852e-01
        48         3        1.330933e+00
        49         3       -4.905846e-01
        50         3       -6.460201e-01
        51         3       -2.242152e+00
        52         3        1.145921e+00
        53         3       -3.043513e-01
        54         3        7.330987e-01
        55         3        5.267289e-01
        56         3       -3.779681e-01
        57         3        4.558499e-01
        58         3        5.255391e-01
        59         3        1.258880e+00
        60         3        1.410919e-01
        61         3       -1.405099e+00
        62         3        6.672451e-01
        63         3        1.023550e+00
        64         3        9.811334e-02
         1         4       -9.029801e-01
         2         4        1.217213e+00
         3         4       -2.989955e-01
         4         4       -1.153231e+00
         5         4       -1.279327e+00
         6         4       -6.643904e-01
         7         4        2.444058e-01
         8         4        4.838667e-01
         9         4       -1.355539e-01
        10         4       -7.365791e-01
        11         4       -7.894976e-01
        12         4       -8.266600e-01
        13         4       -1.139324e+00
        14         4        1.253900e+00
        15         4        1.005214e+00
        16         4       -4.672023e-01
        17         4       -5.692147e-01
        18         4       -1.114730e+00
        19         4       -3.522678e-01
        20         4       -1.720553e-01
        21         4        5.181934e-01
        22         4       -9.390308e-01
        23         4       -1.810071e+00
        24         4       -3.746470e-01
        25         4       -1.256868e+00
        26         4        6.779682e-01
        27         4       -7.869498e-01
        28         4        1.508689e+00
        29         4       -6.397211e-01
        30         4       -1.137311e+00
        31         4       -8.568738e-01
        32         4       -4.034964e-01
        33         4       -1.566480e+00
        34         4       -1.141898e+00
        35         4       -8.645667e-01
        36         4       -1.114259e+00
        37         4        9.191092e-01
        38         4       -8.246019e-01
        39         4       -5.782084e-01
        40         4        2.522964e-02
        41         4        1.956551e+00
        42         4        8.263759e-01
        43         4        1.170569e+00
        44         4       -2.749862e+00
        45         4       -6.573745e-02
        46         4        4.336246e-01
        47         4        1.171269e+00
        48         4       -9.891220e-01
        49         4        1.264294e+00
        50         4        5.304882e-01
        51         4        3.960123e-01
        52         4        3.783261e-01
        53         4        1.153572e+00
        54         4       -2.032287e-01
        55         4        8.261726e-01
        56         4        1.687833e+00
        57         4       -6.526694e-01
        58         4       -1.218272e+00
        59         4       -6.248284e-01
        60         4        8.180560e-01
        61         4       -6.409640e-01
        62         4       -1.720429e+00
        63         4       -9.711194e-01
        64         4       -5.334594e-01
         1         5        1.055665e-01
         2         5       -4.319153e-01
         3         5        6.914113e-01
         4         5        1.819855e+00
         5         5        2.063223e+00
         6         5        1.826794e-01
         7         5        7.825155e-01
         8         5        1.388721e+00
         9         5       -3.515972e-01
        10         5       -8.838995e-01
        11         5        1.610830e-01
        12         5        9.625001e-01
        13         5        1.052545e+00
        14         5        3.529771e-02
        15         5        1.103579e+00
        16         5       -1.010120e+00
        17         5       -1.774057e+00
        18         5       -2.097765e+00
        19         5       -1.109043e+00
        20         5       -2.305062e-01
        21         5       -5.890116e-02
        22         5       -3.408289e-01
        23         5        1.443205e+00
        24         5       -1.368891e+00
        25         5       -1.743434e+00
        26         5        1.772784e+00
        27         5        9.521005e-01
        28         5        7.074684e-01
        29         5       -8.650852e-01
        30         5        1.273026e+00
        31         5        1.941800e+00
        32         5        3.210094e-01
        33         5       -1.208744e-01
        34         5        6.749949e-01
        35         5        1.046692e+00
        36         5       -3.691379e-01
        37         5       -2.700741e-01
        38         5       -3.440593e-02
        39         5        1.783842e-01
        40         5       -2.562950e-02
        41         5       -5.274658e-01
        42         5        7.139887e-01
        43         5        2.435159e-01
        44         5       -9.433879e-01
        45         5       -8.381640e-01
        46         5        2.389702e-01
        47         5       -1.504829e+00
        48         5       -4.097884e-01
        49         5       -3.277719e-01
        50         5       -4.550909e-01
        51         5       -5.167368e-01
        52         5       -1.316569e+00
        53         5       -1.885606e-01
        54         5       -1.173352e+00
        55         5        9.766594e-02
        56         5        1.100403e+00
        57         5       -9.104710e-01
        58         5       -5.022383e-01
        59         5       -1.704231e+00
        60         5        1.930892e-01
        61         5        4.719741e-01
        62         5        7.573354e-01
        63         5        4.929387e-01
        64         5       -6.237944e-01
;

param theta:=
    1       -1.422535e-01
    2        2.385954e-01
    3        7.534355e-01
    4       -3.999652e-01
    5        1.415266e-01
;
param X_true:=
    1       -1.219159e+00
    2       -1.050790e+00
    3        6.000466e-02
    4        1.905715e+00
    5        1.788167e+00
    6        1.511597e+00
    7        1.173877e-01
    8       -6.526529e-01
    9        4.133846e-01
   10        1.350418e+00
   11        1.476394e-01
   12        3.243268e-01
   13        2.101536e-01
   14        1.946099e+00
   15       -1.722143e-01
   16       -4.159856e-02
   17        3.288234e-01
   18        2.308946e-01
   19        2.049241e-01
   20       -4.326736e-01
   21        1.267547e+00
   22       -8.929173e-01
   23        1.653669e-01
   24        7.036036e-01
   25        1.228656e+00
   26       -2.440611e-01
   27       -1.095758e-01
   28       -8.358522e-01
   29        1.157500e+00
   30        6.433335e-01
   31        4.045627e-01
   32       -3.787673e-01
   33        1.943166e+00
   34       -6.962521e-01
   35        2.990906e-02
   36        7.344227e-01
   37        2.537602e-01
   38       -2.576114e-01
   39       -1.444887e+00
   40       -5.242409e-01
   41       -4.435812e-01
   42        7.900733e-01
   43       -7.457708e-01
   44        2.593778e+00
   45        3.949106e-01
   46       -9.689324e-01
   47       -1.256978e+00
   48        1.026743e+00
   49       -7.945432e-01
   50       -5.071572e-01
   51       -1.883301e+00
   52        7.839431e-01
   53       -6.935453e-01
   54        7.086249e-01
   55       -2.221387e-03
   56       -8.310957e-01
   57        4.806099e-01
   58        6.911027e-01
   59        9.650459e-01
   60       -2.714132e-01
   61       -1.135551e+00
   62        2.227168e+00
   63        5.877941e-01
   64       -4.996742e-02
;
param X:=
    1       -7.276492e-01
    2       -1.430737e+00
    3        6.000466e-02
    4        1.905715e+00
    5        1.711577e+00
    6        1.338759e+00
    7        1.921207e-02
    8       -6.526529e-01
    9        2.373086e-01
   10        3.415892e-01
   11       -4.324871e-01
   12        3.243268e-01
   13        1.870382e+00
   14        4.164301e-01
   15       -1.013733e-01
   16       -5.533219e-01
   17       -6.096533e-01
   18       -5.027247e-01
   19        2.049241e-01
   20        1.788183e-01
   21        1.267547e+00
   22        1.842790e-01
   23        4.379078e-02
   24        8.405339e-01
   25        2.276551e-01
   26       -6.672618e-01
   27       -1.095758e-01
   28        1.886183e-01
   29        6.413981e-01
   30        3.550885e-01
   31        1.269687e+00
   32        4.108942e-01
   33        4.942218e-01
   34       -6.962521e-01
   35        8.288963e-01
   36        7.433480e-01
   37        7.247655e-01
   38        1.164744e-01
   39       -4.530137e-01
   40       -5.242409e-01
   41       -1.036189e+00
   42       -4.566996e-02
   43       -4.097412e-01
   44        7.689780e-01
   45       -4.920678e-01
   46       -7.872095e-02
   47       -1.112825e+00
   48        4.413354e-01
   49        2.281573e-01
   50       -5.071572e-01
   51       -3.716438e-01
   52        1.010588e+00
   53       -5.227174e-01
   54        1.412065e-01
   55       -6.242573e-01
   56       -1.169485e+00
   57        4.806099e-01
   58        9.490308e-02
   59        6.907023e-01
   60        3.535520e-01
   61       -1.223014e-01
   62        2.227168e+00
   63       -6.215379e-01
   64        6.195019e-01
;
param outliervec:=
    1    1
    2    1
    3    0
    4    0
    5    1
    6    1
    7    1
    8    0
    9    1
   10    1
   11    1
   12    0
   13    1
   14    1
   15    1
   16    1
   17    1
   18    1
   19    0
   20    1
   21    0
   22    1
   23    1
   24    1
   25    1
   26    1
   27    0
   28    1
   29    1
   30    1
   31    1
   32    1
   33    1
   34    0
   35    1
   36    1
   37    1
   38    1
   39    1
   40    0
   41    1
   42    1
   43    1
   44    1
   45    1
   46    1
   47    1
   48    1
   49    1
   50    0
   51    1
   52    1
   53    1
   54    1
   55    1
   56    1
   57    0
   58    1
   59    1
   60    1
   61    1
   62    0
   63    1
   64    1
; 
param greedy_time :=         4.976966e-01
;