data;


param FN:= 2;
param D:= 100;
param U_Original:=
         1         1       -1.992456e-01
         2         1        5.888546e-01
         3         1        1.409307e+00
         4         1        4.254953e-01
         5         1       -1.182604e+00
         6         1       -2.256510e-02
         7         1        5.534708e-01
         8         1       -1.163907e-01
         9         1        9.845319e-01
        10         1       -6.195884e-01
        11         1       -1.314792e-01
        12         1        9.064085e-01
        13         1        8.177152e-01
        14         1       -2.966629e-01
        15         1        2.611978e+00
        16         1       -2.448850e+00
        17         1        3.429851e-02
        18         1       -8.666080e-01
        19         1        7.207419e-01
        20         1        5.196417e-01
        21         1       -1.183065e-01
        22         1       -1.529726e-01
        23         1       -9.159832e-01
        24         1        1.186864e+00
        25         1        1.267235e+00
        26         1        8.657230e-01
        27         1        1.111074e+00
        28         1        1.031218e+00
        29         1       -4.906166e-01
        30         1       -1.127380e+00
        31         1       -3.162615e-01
        32         1        2.453388e+00
        33         1        1.949987e+00
        34         1        1.979572e+00
        35         1        2.695363e-01
        36         1       -2.264195e-01
        37         1        1.028992e+00
        38         1       -1.096497e+00
        39         1       -5.528833e-01
        40         1       -4.134507e-01
        41         1       -1.572291e+00
        42         1       -2.274726e+00
        43         1        8.751973e-01
        44         1        1.614160e+00
        45         1        1.066470e+00
        46         1        1.414218e+00
        47         1        1.236387e+00
        48         1       -2.843151e-01
        49         1       -5.423600e-01
        50         1        3.984398e-01
        51         1        7.976636e-01
        52         1        1.533484e+00
        53         1       -1.507856e+00
        54         1       -4.133521e-01
        55         1       -4.788576e-01
        56         1       -1.931742e+00
        57         1       -1.058509e+00
        58         1        1.173378e-01
        59         1       -5.013083e-01
        60         1       -5.320523e-01
        61         1        1.571135e+00
        62         1        4.184928e-03
        63         1       -1.090939e+00
        64         1        5.876114e-01
        65         1       -1.215026e-01
        66         1        2.289135e-01
        67         1       -5.422890e-01
        68         1        1.495174e-01
        69         1        6.159074e-01
        70         1       -1.911171e+00
        71         1       -6.713263e-01
        72         1        2.658950e-01
        73         1        1.254655e+00
        74         1       -7.916941e-02
        75         1       -1.024562e+00
        76         1       -3.631264e-02
        77         1        1.891871e-01
        78         1        3.826067e-01
        79         1        8.969255e-01
        80         1       -1.404917e+00
        81         1       -8.911036e-02
        82         1        7.279405e-01
        83         1        1.895774e-01
        84         1       -1.428376e+00
        85         1       -6.209535e-01
        86         1       -1.767496e-01
        87         1       -5.206732e-01
        88         1        1.011450e+00
        89         1       -3.717492e-01
        90         1        7.197992e-01
        91         1       -1.293816e+00
        92         1        1.568302e-01
        93         1        7.464625e-02
        94         1       -1.400643e+00
        95         1       -4.716248e-01
        96         1        1.013398e+00
        97         1       -1.618626e+00
        98         1       -5.413593e-01
        99         1       -8.684766e-01
       100         1        1.315179e+00
         1         2       -7.594513e-01
         2         2       -8.575567e-01
         3         2        9.609726e-01
         4         2       -1.258874e-01
         5         2        1.330933e-01
         6         2       -3.640180e-01
         7         2       -9.102144e-01
         8         2        6.754110e-01
         9         2        1.804957e+00
        10         2        1.741097e+00
        11         2       -7.832485e-01
        12         2        4.186396e-01
        13         2       -4.406415e-01
        14         2        1.436101e+00
        15         2       -6.671822e-01
        16         2       -5.379824e-01
        17         2       -9.310713e-01
        18         2       -3.185825e-01
        19         2       -5.773165e-01
        20         2       -2.092365e+00
        21         2       -1.790042e-02
        22         2        8.979861e-01
        23         2       -2.809451e-01
        24         2        1.561033e+00
        25         2       -2.371400e+00
        26         2        1.107851e+00
        27         2        1.429853e+00
        28         2        1.918863e+00
        29         2        5.715013e-01
        30         2       -5.328865e-01
        31         2        3.927207e-02
        32         2       -5.253209e-01
        33         2        6.171908e-01
        34         2       -2.150879e-02
        35         2        6.298896e-01
        36         2       -2.158039e+00
        37         2       -4.405288e-01
        38         2       -1.297945e+00
        39         2       -3.859592e-01
        40         2        2.316370e-01
        41         2        1.129030e+00
        42         2       -1.571591e+00
        43         2       -1.922833e+00
        44         2        2.918255e-01
        45         2        4.319442e-01
        46         2       -2.309391e-01
        47         2       -1.178696e+00
        48         2        1.387806e+00
        49         2       -7.391513e-02
        50         2        3.904222e-01
        51         2       -3.833108e-01
        52         2       -1.996981e+00
        53         2        2.539708e-01
        54         2       -9.911075e-01
        55         2       -4.459232e-01
        56         2        5.707451e-01
        57         2        2.356193e-01
        58         2       -9.786161e-01
        59         2       -1.549734e+00
        60         2       -2.220983e-01
        61         2       -2.031707e+00
        62         2        7.921435e-01
        63         2        8.396100e-01
        64         2        5.045002e-01
        65         2       -1.800198e-01
        66         2       -5.905880e-01
        67         2        1.128776e+00
        68         2        1.279037e-01
        69         2       -6.345002e-01
        70         2        3.582024e-01
        71         2       -8.650635e-01
        72         2       -1.378062e-01
        73         2       -9.980006e-01
        74         2        1.159460e+00
        75         2        4.153033e-01
        76         2        9.242554e-01
        77         2        6.861153e-01
        78         2       -4.967363e-01
        79         2       -1.887821e-01
        80         2       -1.063578e+00
        81         2       -3.574519e-01
        82         2       -9.544435e-01
        83         2       -1.227576e+00
        84         2       -2.040870e-01
        85         2        1.243448e-01
        86         2       -1.209551e+00
        87         2       -9.977608e-01
        88         2       -1.624133e+00
        89         2        3.167432e-01
        90         2        1.810012e-01
        91         2        5.941321e-01
        92         2        7.055184e-01
        93         2       -4.963706e-01
        94         2       -5.815819e-01
        95         2        3.726820e-02
        96         2       -2.488243e+00
        97         2       -2.951440e-02
        98         2       -2.593810e-03
        99         2        9.841578e-01
       100         2        1.029286e+00
         1         3        1.136575e+00
         2         3       -3.222562e-01
         3         3        3.021763e+00
         4         3       -7.099795e-02
         5         3       -7.041621e-01
         6         3        8.622562e-01
         7         3       -3.107957e-01
         8         3        1.944499e+00
         9         3       -4.550418e-01
        10         3       -2.278574e-01
        11         3       -1.269629e+00
        12         3       -5.353586e-01
        13         3        5.520191e-01
        14         3       -1.163469e+00
        15         3       -2.213697e-01
        16         3        1.124298e+00
        17         3        1.498124e+00
        18         3        1.669267e-01
        19         3        1.224724e+00
        20         3       -8.081779e-01
        21         3       -1.845920e+00
        22         3        1.320616e+00
        23         3        3.848081e-01
        24         3        7.328161e-01
        25         3        4.896519e-02
        26         3        4.564526e-01
        27         3        1.105600e-01
        28         3        1.091232e-01
        29         3        1.969337e-01
        30         3       -2.079515e-01
        31         3        1.802811e+00
        32         3       -7.574339e-01
        33         3       -2.091710e+00
        34         3        6.566026e-01
        35         3        5.075253e-01
        36         3        1.759818e+00
        37         3        5.747839e-01
        38         3       -1.142503e-01
        39         3       -2.987158e-01
        40         3       -1.432666e+00
        41         3       -6.333035e-01
        42         3       -1.202684e-01
        43         3        1.098661e+00
        44         3       -7.991707e-01
        45         3        2.715298e-01
        46         3        1.219348e+00
        47         3       -1.204974e+00
        48         3        6.594782e-01
        49         3        6.827479e-02
        50         3       -6.821010e-01
        51         3        1.125053e-01
        52         3       -6.108498e-01
        53         3       -1.766361e+00
        54         3       -4.401887e-01
        55         3       -6.112395e-04
        56         3       -6.639692e-01
        57         3        6.163925e-01
        58         3       -2.839387e-01
        59         3        2.633142e+00
        60         3        4.507459e-01
        61         3        7.590519e-01
        62         3       -4.098652e-01
        63         3       -9.027324e-01
        64         3        2.287434e-03
        65         3       -2.337021e+00
        66         3       -1.019286e+00
        67         3       -7.458354e-01
        68         3       -4.246159e-01
        69         3       -1.214943e-01
        70         3        8.569794e-01
        71         3        1.076441e+00
        72         3       -5.879449e-01
        73         3        6.744210e-02
        74         3       -2.495264e-01
        75         3        1.269174e+00
        76         3       -9.796951e-01
        77         3        4.944133e-01
        78         3        6.454367e-01
        79         3       -3.658644e-01
        80         3       -2.115560e+00
        81         3        3.236750e-01
        82         3        5.427697e-01
        83         3       -3.755492e-01
        84         3       -4.588315e-01
        85         3        4.235595e-01
        86         3       -7.035127e-01
        87         3        4.504771e-01
        88         3       -1.274901e+00
        89         3       -1.390256e-01
        90         3        1.089242e+00
        91         3        8.752859e-02
        92         3        1.007102e+00
        93         3       -2.609314e-01
        94         3        1.105686e+00
        95         3        4.380427e-01
        96         3        1.137090e+00
        97         3        4.120097e-01
        98         3        8.271985e-01
        99         3        1.163156e+00
       100         3       -1.335553e+00
         1         4        9.973370e-01
         2         4        2.576503e-01
         3         4        3.108754e-01
         4         4        1.077322e-01
         5         4        1.655323e-01
         6         4        7.652856e-01
         7         4        6.216390e-01
         8         4       -1.766921e+00
         9         4        1.879943e+00
        10         4        2.840289e-01
        11         4        4.016378e-01
        12         4        3.185163e-01
        13         4       -6.221457e-01
        14         4        8.481448e-02
        15         4       -4.237249e-01
        16         4       -7.974724e-01
        17         4       -1.529249e-01
        18         4        1.735316e-01
        19         4        4.651637e-01
        20         4       -1.330798e+00
        21         4        2.758696e-01
        22         4       -1.728258e-01
        23         4        1.960297e+00
        24         4       -1.679639e+00
        25         4       -7.922188e-01
        26         4       -2.054158e-01
        27         4        5.279465e-01
        28         4        9.204115e-01
        29         4        6.011647e-01
        30         4        2.490802e+00
        31         4        1.058179e+00
        32         4       -2.881885e-01
        33         4       -3.301091e-01
        34         4        2.704877e-01
        35         4       -1.137797e+00
        36         4       -1.727984e+00
        37         4        1.319407e+00
        38         4       -1.090364e+00
        39         4        3.568568e-01
        40         4        5.559936e-01
        41         4       -1.070849e-01
        42         4       -1.087874e-01
        43         4       -1.768614e+00
        44         4       -1.456075e+00
        45         4        7.000832e-01
        46         4       -3.778740e-01
        47         4        6.326238e-01
        48         4       -9.774936e-01
        49         4        1.063451e-01
        50         4        1.557742e+00
        51         4       -1.605881e+00
        52         4       -1.272684e+00
        53         4        7.682122e-02
        54         4        4.105466e-01
        55         4        5.043770e-01
        56         4       -1.107294e-01
        57         4       -3.327388e-01
        58         4        1.157173e+00
        59         4       -1.151275e+00
        60         4       -3.314581e+00
        61         4        9.652907e-01
        62         4        1.569597e+00
        63         4        6.296379e-01
        64         4        2.629897e-01
        65         4       -5.172885e-01
        66         4       -4.814367e-01
        67         4       -2.042505e+00
        68         4       -2.106812e-01
        69         4       -8.953850e-01
        70         4        9.945107e-02
        71         4       -8.775531e-02
        72         4       -9.710344e-01
        73         4       -2.851921e-01
        74         4       -1.127191e+00
        75         4        5.171834e-01
        76         4        1.327279e-01
        77         4       -6.358087e-01
        78         4       -1.453180e+00
        79         4        3.533013e-01
        80         4       -3.203847e-01
        81         4       -2.310232e-02
        82         4        4.073545e-01
        83         4        8.447367e-01
        84         4        1.102174e+00
        85         4       -1.284579e+00
        86         4       -2.725959e-01
        87         4        2.975517e-01
        88         4        1.386237e+00
        89         4        2.020732e-01
        90         4       -1.341417e-01
        91         4       -7.588091e-01
        92         4       -1.366596e+00
        93         4        1.201365e-01
        94         4        2.755453e-01
        95         4        1.708322e-01
        96         4       -1.761147e+00
        97         4       -2.549418e-01
        98         4       -3.393959e-01
        99         4       -5.370123e-01
       100         4        1.618632e+00
         1         5        3.446094e-01
         2         5       -1.855344e-01
         3         5        7.935203e-01
         4         5       -5.974065e-01
         5         5        5.241236e-01
         6         5        3.592163e-01
         7         5       -5.646869e-01
         8         5        1.453751e+00
         9         5       -1.291967e+00
        10         5       -4.084036e-02
        11         5       -1.539738e+00
        12         5       -4.853096e-02
        13         5        1.900111e+00
        14         5        2.113926e+00
        15         5        5.180344e-01
        16         5       -3.444137e+00
        17         5       -1.098178e-02
        18         5        6.233793e-01
        19         5        6.474375e-01
        20         5       -9.530634e-01
        21         5        4.640706e-01
        22         5        6.391831e-01
        23         5        1.663740e+00
        24         5       -7.527282e-01
        25         5        8.204531e-01
        26         5        1.305581e+00
        27         5        1.129947e-01
        28         5        5.765036e-01
        29         5        8.542511e-01
        30         5       -1.544889e+00
        31         5       -1.266414e+00
        32         5       -1.209286e+00
        33         5        8.259351e-02
        34         5        3.278819e-01
        35         5       -1.805403e+00
        36         5       -1.114719e-02
        37         5        1.524794e+00
        38         5        6.475285e-01
        39         5       -3.779251e-01
        40         5       -9.930457e-01
        41         5        5.609303e-01
        42         5       -6.664369e-01
        43         5       -1.298076e+00
        44         5        1.728065e+00
        45         5       -3.843145e-01
        46         5        4.656864e-01
        47         5       -1.484853e+00
        48         5        5.895427e-01
        49         5        2.131261e-01
        50         5       -9.752699e-01
        51         5       -2.548798e-01
        52         5        2.632442e-01
        53         5       -1.059489e+00
        54         5        5.869189e-01
        55         5       -1.602022e+00
        56         5       -2.330832e-01
        57         5       -5.947628e-01
        58         5       -3.248314e-01
        59         5        1.583701e+00
        60         5       -2.400028e-01
        61         5       -8.488026e-01
        62         5        4.255379e-01
        63         5       -6.741625e-01
        64         5        4.473036e-01
        65         5       -8.203297e-01
        66         5       -8.741957e-01
        67         5       -5.649108e-01
        68         5       -1.597204e-01
        69         5        4.187263e-02
        70         5       -3.098889e-02
        71         5       -3.030272e-01
        72         5       -8.481572e-01
        73         5       -1.005763e+00
        74         5        8.779009e-01
        75         5        1.315683e+00
        76         5       -4.622650e-01
        77         5       -1.903211e-01
        78         5        3.340420e-01
        79         5       -1.261773e+00
        80         5       -1.702407e-01
        81         5        1.249423e+00
        82         5        1.373409e-01
        83         5       -2.075865e-01
        84         5       -6.591789e-01
        85         5        4.550394e-01
        86         5       -2.683276e+00
        87         5       -2.571035e-01
        88         5       -7.547266e-01
        89         5       -6.490160e-01
        90         5       -8.235389e-01
        91         5        5.670354e-01
        92         5       -1.172511e+00
        93         5       -2.561285e+00
        94         5        2.483674e-02
        95         5       -8.201012e-02
        96         5        1.278531e+00
        97         5       -2.160000e-01
        98         5       -1.290635e+00
        99         5        9.578705e-01
       100         5       -3.904377e-01
;
param X_Original:=
    1       -5.180042e-01
    2       -1.625117e-01
    3        2.098000e-01
    4       -1.583456e-01
    5       -1.236844e+00
    6        3.019704e-01
    7        2.420656e-01
    8        5.685454e-01
    9        8.658799e-01
   10       -1.113059e+00
   11        2.597731e+00
   12       -1.979643e+00
   13       -2.113998e+00
   14        2.012371e-01
   15       -8.878469e-01
   16       -4.281767e-01
   17       -5.281982e-02
   18        8.328165e-02
   19        1.039255e+00
   20       -5.588328e-01
   21       -1.163048e+00
   22        1.560464e-01
   23       -6.872886e-01
   24       -6.477350e-01
   25        2.415411e+00
   26       -3.471180e+00
   27       -7.737682e-01
   28       -1.780433e+00
   29       -5.486417e-01
   30        1.751768e-01
   31        1.474648e+00
   32        6.026562e-02
   33        2.324079e+00
   34       -3.869792e+00
   35       -1.240470e+00
   36       -6.229788e-01
   37        2.944335e-01
   38        3.794318e-01
   39        9.568424e-01
   40        1.709518e+00
   41       -1.443356e+00
   42        7.157726e-01
   43        4.763947e-03
   44       -2.565275e+00
   45        3.754672e-01
   46       -1.013520e-01
   47        9.926250e-02
   48       -2.343407e-01
   49       -4.708280e-01
   50       -3.343691e-01
   51        5.944643e-01
   52        5.177968e-01
   53       -1.562777e+00
   54       -8.097700e-01
   55        1.948727e+00
   56        3.112900e+00
   57       -7.167731e-01
   58       -2.260886e-01
   59        1.466859e+00
   60       -3.514103e+00
   61       -9.773324e-01
   62       -1.693177e+00
   63       -6.013238e-01
   64       -1.651510e+00
   65       -1.072420e-01
   66        7.163550e-01
   67       -2.688631e-01
   68       -8.937798e-01
   69        2.284015e-01
   70        2.018499e+00
   71        9.794952e-01
   72        1.237265e+00
   73       -3.080627e-01
   74       -2.655893e-02
   75       -4.412357e-01
   76        4.357162e-02
   77       -7.927522e-01
   78       -5.040064e-01
   79       -5.583128e-01
   80        2.497040e-01
   81        2.076354e+00
   82        1.094731e+00
   83        1.116158e+00
   84       -1.488248e+00
   85       -1.015680e+00
   86        6.718013e-01
   87        1.117332e+00
   88       -1.055369e+00
   89       -5.050334e-01
   90       -1.395026e+00
   91        1.442096e+00
   92       -2.648428e-02
   93        3.316900e-01
   94        1.061527e+00
   95       -3.690094e-01
   96        2.480215e-01
   97        1.495370e+00
   98       -4.495327e-01
   99        9.968332e-01
  100        7.223099e-01
;
param outliervec_original :=
    1    0
    2    1
    3    1
    4    0
    5    1
    6    1
    7    0
    8    1
    9    1
   10    1
   11    0
   12    1
   13    0
   14    1
   15    1
   16    1
   17    0
   18    1
   19    1
   20    1
   21    1
   22    1
   23    1
   24    1
   25    1
   26    0
   27    1
   28    1
   29    1
   30    1
   31    1
   32    1
   33    1
   34    0
   35    1
   36    1
   37    1
   38    1
   39    1
   40    0
   41    1
   42    1
   43    1
   44    0
   45    1
   46    1
   47    1
   48    1
   49    1
   50    1
   51    1
   52    0
   53    1
   54    1
   55    0
   56    0
   57    1
   58    1
   59    1
   60    1
   61    0
   62    0
   63    1
   64    1
   65    1
   66    1
   67    1
   68    1
   69    0
   70    0
   71    1
   72    0
   73    1
   74    1
   75    1
   76    0
   77    0
   78    1
   79    1
   80    1
   81    1
   82    1
   83    1
   84    1
   85    1
   86    1
   87    1
   88    1
   89    1
   90    0
   91    0
   92    0
   93    1
   94    1
   95    1
   96    0
   97    1
   98    1
   99    1
  100    1
;
param d:= 69;
param r:=5;
param p:=0.760000;
param M:=1000;
param U:=
         1         1       -1.992456e-01
         2         1        5.888546e-01
         3         1        4.254953e-01
         4         1       -2.256510e-02
         5         1        5.534708e-01
         6         1       -1.163907e-01
         7         1       -6.195884e-01
         8         1       -1.314792e-01
         9         1        9.064085e-01
        10         1        8.177152e-01
        11         1        3.429851e-02
        12         1       -8.666080e-01
        13         1       -1.183065e-01
        14         1       -1.529726e-01
        15         1       -9.159832e-01
        16         1        1.186864e+00
        17         1        8.657230e-01
        18         1        1.111074e+00
        19         1        1.031218e+00
        20         1       -4.906166e-01
        21         1       -1.127380e+00
        22         1       -3.162615e-01
        23         1        2.453388e+00
        24         1        1.979572e+00
        25         1       -1.096497e+00
        26         1       -5.528833e-01
        27         1       -4.134507e-01
        28         1        1.614160e+00
        29         1        1.414218e+00
        30         1        1.236387e+00
        31         1       -2.843151e-01
        32         1       -5.423600e-01
        33         1        3.984398e-01
        34         1        7.976636e-01
        35         1        1.533484e+00
        36         1       -4.133521e-01
        37         1       -4.788576e-01
        38         1       -1.931742e+00
        39         1        1.173378e-01
        40         1       -5.013083e-01
        41         1        1.571135e+00
        42         1        4.184928e-03
        43         1       -1.090939e+00
        44         1        5.876114e-01
        45         1       -1.215026e-01
        46         1        2.289135e-01
        47         1        1.495174e-01
        48         1        6.159074e-01
        49         1       -1.911171e+00
        50         1       -6.713263e-01
        51         1        2.658950e-01
        52         1        1.254655e+00
        53         1       -7.916941e-02
        54         1       -1.024562e+00
        55         1       -3.631264e-02
        56         1        1.891871e-01
        57         1        3.826067e-01
        58         1        8.969255e-01
        59         1       -1.404917e+00
        60         1        1.895774e-01
        61         1       -5.206732e-01
        62         1        1.011450e+00
        63         1       -3.717492e-01
        64         1       -1.293816e+00
        65         1       -1.400643e+00
        66         1       -4.716248e-01
        67         1        1.013398e+00
        68         1       -1.618626e+00
        69         1       -8.684766e-01
         1         2       -7.594513e-01
         2         2       -8.575567e-01
         3         2       -1.258874e-01
         4         2       -3.640180e-01
         5         2       -9.102144e-01
         6         2        6.754110e-01
         7         2        1.741097e+00
         8         2       -7.832485e-01
         9         2        4.186396e-01
        10         2       -4.406415e-01
        11         2       -9.310713e-01
        12         2       -3.185825e-01
        13         2       -1.790042e-02
        14         2        8.979861e-01
        15         2       -2.809451e-01
        16         2        1.561033e+00
        17         2        1.107851e+00
        18         2        1.429853e+00
        19         2        1.918863e+00
        20         2        5.715013e-01
        21         2       -5.328865e-01
        22         2        3.927207e-02
        23         2       -5.253209e-01
        24         2       -2.150879e-02
        25         2       -1.297945e+00
        26         2       -3.859592e-01
        27         2        2.316370e-01
        28         2        2.918255e-01
        29         2       -2.309391e-01
        30         2       -1.178696e+00
        31         2        1.387806e+00
        32         2       -7.391513e-02
        33         2        3.904222e-01
        34         2       -3.833108e-01
        35         2       -1.996981e+00
        36         2       -9.911075e-01
        37         2       -4.459232e-01
        38         2        5.707451e-01
        39         2       -9.786161e-01
        40         2       -1.549734e+00
        41         2       -2.031707e+00
        42         2        7.921435e-01
        43         2        8.396100e-01
        44         2        5.045002e-01
        45         2       -1.800198e-01
        46         2       -5.905880e-01
        47         2        1.279037e-01
        48         2       -6.345002e-01
        49         2        3.582024e-01
        50         2       -8.650635e-01
        51         2       -1.378062e-01
        52         2       -9.980006e-01
        53         2        1.159460e+00
        54         2        4.153033e-01
        55         2        9.242554e-01
        56         2        6.861153e-01
        57         2       -4.967363e-01
        58         2       -1.887821e-01
        59         2       -1.063578e+00
        60         2       -1.227576e+00
        61         2       -9.977608e-01
        62         2       -1.624133e+00
        63         2        3.167432e-01
        64         2        5.941321e-01
        65         2       -5.815819e-01
        66         2        3.726820e-02
        67         2       -2.488243e+00
        68         2       -2.951440e-02
        69         2        9.841578e-01
         1         3        1.136575e+00
         2         3       -3.222562e-01
         3         3       -7.099795e-02
         4         3        8.622562e-01
         5         3       -3.107957e-01
         6         3        1.944499e+00
         7         3       -2.278574e-01
         8         3       -1.269629e+00
         9         3       -5.353586e-01
        10         3        5.520191e-01
        11         3        1.498124e+00
        12         3        1.669267e-01
        13         3       -1.845920e+00
        14         3        1.320616e+00
        15         3        3.848081e-01
        16         3        7.328161e-01
        17         3        4.564526e-01
        18         3        1.105600e-01
        19         3        1.091232e-01
        20         3        1.969337e-01
        21         3       -2.079515e-01
        22         3        1.802811e+00
        23         3       -7.574339e-01
        24         3        6.566026e-01
        25         3       -1.142503e-01
        26         3       -2.987158e-01
        27         3       -1.432666e+00
        28         3       -7.991707e-01
        29         3        1.219348e+00
        30         3       -1.204974e+00
        31         3        6.594782e-01
        32         3        6.827479e-02
        33         3       -6.821010e-01
        34         3        1.125053e-01
        35         3       -6.108498e-01
        36         3       -4.401887e-01
        37         3       -6.112395e-04
        38         3       -6.639692e-01
        39         3       -2.839387e-01
        40         3        2.633142e+00
        41         3        7.590519e-01
        42         3       -4.098652e-01
        43         3       -9.027324e-01
        44         3        2.287434e-03
        45         3       -2.337021e+00
        46         3       -1.019286e+00
        47         3       -4.246159e-01
        48         3       -1.214943e-01
        49         3        8.569794e-01
        50         3        1.076441e+00
        51         3       -5.879449e-01
        52         3        6.744210e-02
        53         3       -2.495264e-01
        54         3        1.269174e+00
        55         3       -9.796951e-01
        56         3        4.944133e-01
        57         3        6.454367e-01
        58         3       -3.658644e-01
        59         3       -2.115560e+00
        60         3       -3.755492e-01
        61         3        4.504771e-01
        62         3       -1.274901e+00
        63         3       -1.390256e-01
        64         3        8.752859e-02
        65         3        1.105686e+00
        66         3        4.380427e-01
        67         3        1.137090e+00
        68         3        4.120097e-01
        69         3        1.163156e+00
         1         4        9.973370e-01
         2         4        2.576503e-01
         3         4        1.077322e-01
         4         4        7.652856e-01
         5         4        6.216390e-01
         6         4       -1.766921e+00
         7         4        2.840289e-01
         8         4        4.016378e-01
         9         4        3.185163e-01
        10         4       -6.221457e-01
        11         4       -1.529249e-01
        12         4        1.735316e-01
        13         4        2.758696e-01
        14         4       -1.728258e-01
        15         4        1.960297e+00
        16         4       -1.679639e+00
        17         4       -2.054158e-01
        18         4        5.279465e-01
        19         4        9.204115e-01
        20         4        6.011647e-01
        21         4        2.490802e+00
        22         4        1.058179e+00
        23         4       -2.881885e-01
        24         4        2.704877e-01
        25         4       -1.090364e+00
        26         4        3.568568e-01
        27         4        5.559936e-01
        28         4       -1.456075e+00
        29         4       -3.778740e-01
        30         4        6.326238e-01
        31         4       -9.774936e-01
        32         4        1.063451e-01
        33         4        1.557742e+00
        34         4       -1.605881e+00
        35         4       -1.272684e+00
        36         4        4.105466e-01
        37         4        5.043770e-01
        38         4       -1.107294e-01
        39         4        1.157173e+00
        40         4       -1.151275e+00
        41         4        9.652907e-01
        42         4        1.569597e+00
        43         4        6.296379e-01
        44         4        2.629897e-01
        45         4       -5.172885e-01
        46         4       -4.814367e-01
        47         4       -2.106812e-01
        48         4       -8.953850e-01
        49         4        9.945107e-02
        50         4       -8.775531e-02
        51         4       -9.710344e-01
        52         4       -2.851921e-01
        53         4       -1.127191e+00
        54         4        5.171834e-01
        55         4        1.327279e-01
        56         4       -6.358087e-01
        57         4       -1.453180e+00
        58         4        3.533013e-01
        59         4       -3.203847e-01
        60         4        8.447367e-01
        61         4        2.975517e-01
        62         4        1.386237e+00
        63         4        2.020732e-01
        64         4       -7.588091e-01
        65         4        2.755453e-01
        66         4        1.708322e-01
        67         4       -1.761147e+00
        68         4       -2.549418e-01
        69         4       -5.370123e-01
         1         5        3.446094e-01
         2         5       -1.855344e-01
         3         5       -5.974065e-01
         4         5        3.592163e-01
         5         5       -5.646869e-01
         6         5        1.453751e+00
         7         5       -4.084036e-02
         8         5       -1.539738e+00
         9         5       -4.853096e-02
        10         5        1.900111e+00
        11         5       -1.098178e-02
        12         5        6.233793e-01
        13         5        4.640706e-01
        14         5        6.391831e-01
        15         5        1.663740e+00
        16         5       -7.527282e-01
        17         5        1.305581e+00
        18         5        1.129947e-01
        19         5        5.765036e-01
        20         5        8.542511e-01
        21         5       -1.544889e+00
        22         5       -1.266414e+00
        23         5       -1.209286e+00
        24         5        3.278819e-01
        25         5        6.475285e-01
        26         5       -3.779251e-01
        27         5       -9.930457e-01
        28         5        1.728065e+00
        29         5        4.656864e-01
        30         5       -1.484853e+00
        31         5        5.895427e-01
        32         5        2.131261e-01
        33         5       -9.752699e-01
        34         5       -2.548798e-01
        35         5        2.632442e-01
        36         5        5.869189e-01
        37         5       -1.602022e+00
        38         5       -2.330832e-01
        39         5       -3.248314e-01
        40         5        1.583701e+00
        41         5       -8.488026e-01
        42         5        4.255379e-01
        43         5       -6.741625e-01
        44         5        4.473036e-01
        45         5       -8.203297e-01
        46         5       -8.741957e-01
        47         5       -1.597204e-01
        48         5        4.187263e-02
        49         5       -3.098889e-02
        50         5       -3.030272e-01
        51         5       -8.481572e-01
        52         5       -1.005763e+00
        53         5        8.779009e-01
        54         5        1.315683e+00
        55         5       -4.622650e-01
        56         5       -1.903211e-01
        57         5        3.340420e-01
        58         5       -1.261773e+00
        59         5       -1.702407e-01
        60         5       -2.075865e-01
        61         5       -2.571035e-01
        62         5       -7.547266e-01
        63         5       -6.490160e-01
        64         5        5.670354e-01
        65         5        2.483674e-02
        66         5       -8.201012e-02
        67         5        1.278531e+00
        68         5       -2.160000e-01
        69         5        9.578705e-01
;

param theta:=
    1       -1.555445e+00
    2       -9.683234e-01
    3       -6.654843e-01
    4       -5.796035e-01
    5       -6.641758e-01
;
param X_true:=
    1       -5.180042e-01
    2        1.028105e-01
    3       -1.583456e-01
    4       -8.683770e-01
    5        2.420656e-01
    6       -1.708443e+00
    7       -7.080733e-01
    8        2.597731e+00
    9       -1.611354e+00
   10       -2.113998e+00
   11       -5.281982e-02
   12        1.030751e+00
   13        9.616640e-01
   14       -1.834809e+00
   15       -8.004879e-01
   16       -2.371895e+00
   17       -3.471180e+00
   18       -3.567397e+00
   19       -4.451076e+00
   20       -8.371376e-01
   21        1.990373e+00
   22       -5.180458e-01
   23       -1.833155e+00
   24       -3.869792e+00
   25        3.240310e+00
   26        1.476677e+00
   27        1.709518e+00
   28       -2.565275e+00
   29       -2.877851e+00
   30        6.396501e-01
   31       -1.165482e+00
   32        6.665577e-01
   33       -7.990003e-01
   34        1.556362e-01
   35        5.177968e-01
   36        1.267826e+00
   37        1.948727e+00
   38        3.112900e+00
   39        4.991050e-01
   40        1.435138e-01
   41       -9.773324e-01
   42       -1.693177e+00
   43        1.567458e+00
   44       -1.853556e+00
   45        2.763224e+00
   46        1.753799e+00
   47        1.543511e-01
   48        2.284015e-01
   49        2.018499e+00
   50        1.417644e+00
   51        1.237265e+00
   52       -1.967383e-01
   53       -7.632899e-01
   54       -8.267200e-01
   55        4.357162e-02
   56       -7.927522e-01
   57        7.675569e-02
   58       -3.355745e-01
   59        4.921796e+00
   60        7.919969e-01
   61        1.474548e+00
   62        5.456611e-01
   63        6.779832e-01
   64        1.442096e+00
   65        1.829763e+00
   66        3.614421e-01
   67        2.480215e-01
   68        2.563304e+00
   69       -7.011184e-01
;
param X:=
    1       -5.180042e-01
    2       -1.625117e-01
    3       -1.583456e-01
    4        3.019704e-01
    5        2.420656e-01
    6        5.685454e-01
    7       -1.113059e+00
    8        2.597731e+00
    9       -1.979643e+00
   10       -2.113998e+00
   11       -5.281982e-02
   12        8.328165e-02
   13       -1.163048e+00
   14        1.560464e-01
   15       -6.872886e-01
   16       -6.477350e-01
   17       -3.471180e+00
   18       -7.737682e-01
   19       -1.780433e+00
   20       -5.486417e-01
   21        1.751768e-01
   22        1.474648e+00
   23        6.026562e-02
   24       -3.869792e+00
   25        3.794318e-01
   26        9.568424e-01
   27        1.709518e+00
   28       -2.565275e+00
   29       -1.013520e-01
   30        9.926250e-02
   31       -2.343407e-01
   32       -4.708280e-01
   33       -3.343691e-01
   34        5.944643e-01
   35        5.177968e-01
   36       -8.097700e-01
   37        1.948727e+00
   38        3.112900e+00
   39       -2.260886e-01
   40        1.466859e+00
   41       -9.773324e-01
   42       -1.693177e+00
   43       -6.013238e-01
   44       -1.651510e+00
   45       -1.072420e-01
   46        7.163550e-01
   47       -8.937798e-01
   48        2.284015e-01
   49        2.018499e+00
   50        9.794952e-01
   51        1.237265e+00
   52       -3.080627e-01
   53       -2.655893e-02
   54       -4.412357e-01
   55        4.357162e-02
   56       -7.927522e-01
   57       -5.040064e-01
   58       -5.583128e-01
   59        2.497040e-01
   60        1.116158e+00
   61        1.117332e+00
   62       -1.055369e+00
   63       -5.050334e-01
   64        1.442096e+00
   65        1.061527e+00
   66       -3.690094e-01
   67        2.480215e-01
   68        1.495370e+00
   69        9.968332e-01
;
param outliervec:=
    1    0
    2    1
    3    0
    4    1
    5    0
    6    1
    7    1
    8    0
    9    1
   10    0
   11    0
   12    1
   13    1
   14    1
   15    1
   16    1
   17    0
   18    1
   19    1
   20    1
   21    1
   22    1
   23    1
   24    0
   25    1
   26    1
   27    0
   28    0
   29    1
   30    1
   31    1
   32    1
   33    1
   34    1
   35    0
   36    1
   37    0
   38    0
   39    1
   40    1
   41    0
   42    0
   43    1
   44    1
   45    1
   46    1
   47    1
   48    0
   49    0
   50    1
   51    0
   52    1
   53    1
   54    1
   55    0
   56    0
   57    1
   58    1
   59    1
   60    1
   61    1
   62    1
   63    1
   64    0
   65    1
   66    1
   67    0
   68    1
   69    1
; 
param greedy_time :=         4.665310e-01
;