data;


param FN:= 0;
param D:= 100;
param U_Original:=
         1         1        3.246521e-02
         2         1       -9.352971e-01
         3         1        8.415848e-02
         4         1       -5.428048e-01
         5         1       -5.026842e-01
         6         1        3.011111e-01
         7         1        3.023858e-01
         8         1       -4.716169e-01
         9         1        8.524867e-01
        10         1       -7.350630e-01
        11         1        1.725988e-01
        12         1        2.393233e+00
        13         1       -9.883977e-01
        14         1        9.190305e-02
        15         1        9.582670e-01
        16         1        1.263478e+00
        17         1       -3.552871e-01
        18         1        7.533753e-02
        19         1       -8.388042e-01
        20         1       -3.701248e-01
        21         1        1.010857e+00
        22         1        1.114473e+00
        23         1        4.446376e-01
        24         1        8.704053e-01
        25         1       -1.235503e+00
        26         1       -1.011626e+00
        27         1       -3.716184e-01
        28         1        6.602714e-01
        29         1        3.945090e-01
        30         1       -6.433426e-01
        31         1       -6.085916e-01
        32         1        8.792804e-02
        33         1        6.154539e-01
        34         1        4.583644e-01
        35         1        8.614837e-01
        36         1        5.487074e-01
        37         1       -8.807674e-01
        38         1        1.206699e-01
        39         1       -1.158381e+00
        40         1        7.223508e-01
        41         1       -2.049468e-01
        42         1        5.573585e-01
        43         1       -6.743185e-01
        44         1       -7.032370e-01
        45         1        1.503445e+00
        46         1        5.219201e-01
        47         1        8.549585e-01
        48         1        6.011557e-01
        49         1       -7.643896e-01
        50         1        5.439225e-01
        51         1       -1.269403e+00
        52         1        8.282495e-02
        53         1        6.235430e-01
        54         1       -2.048502e-01
        55         1       -4.017125e-03
        56         1        6.636763e-01
        57         1       -1.116617e-01
        58         1        1.422922e+00
        59         1       -1.124385e+00
        60         1        4.411022e-01
        61         1       -4.467528e-01
        62         1       -4.418290e-01
        63         1       -1.510698e+00
        64         1       -1.526839e-01
        65         1        1.193409e+00
        66         1       -8.462117e-01
        67         1        4.429766e-01
        68         1        9.977259e-01
        69         1       -9.340599e-02
        70         1       -4.232046e-02
        71         1       -3.994431e-01
        72         1       -4.588629e-01
        73         1       -2.098101e+00
        74         1        2.604533e-01
        75         1        3.132524e-01
        76         1        6.319010e-01
        77         1        2.971775e-01
        78         1       -2.080918e+00
        79         1       -8.028974e-01
        80         1       -1.529133e-01
        81         1        1.563646e+00
        82         1        1.697761e-01
        83         1        4.091697e-01
        84         1        5.488058e-01
        85         1        1.356517e+00
        86         1       -2.091630e+00
        87         1        5.419709e-01
        88         1        3.671783e-01
        89         1       -1.337008e+00
        90         1        1.234047e+00
        91         1        1.887570e+00
        92         1       -6.337174e-01
        93         1       -1.057568e+00
        94         1        2.170854e+00
        95         1       -2.418919e-01
        96         1       -1.310022e+00
        97         1        4.407539e-01
        98         1        1.008743e+00
        99         1        1.689691e+00
       100         1        3.232949e-01
         1         2       -3.142356e-01
         2         2        3.192764e-01
         3         2        3.660288e-01
         4         2        8.201787e-01
         5         2        3.240794e-01
         6         2        5.446612e-01
         7         2       -7.016812e-01
         8         2        2.059628e+00
         9         2       -4.250986e-01
        10         2       -1.052375e+00
        11         2        3.486037e-01
        12         2        4.655516e-01
        13         2       -8.944111e-01
        14         2        8.196555e-01
        15         2        3.689618e-01
        16         2        7.495935e-01
        17         2       -6.917634e-01
        18         2        1.405146e+00
        19         2        5.182631e-01
        20         2        1.380950e+00
        21         2       -7.456344e-01
        22         2        1.474949e+00
        23         2        4.702381e-01
        24         2       -6.294471e-01
        25         2        2.784181e-01
        26         2        3.479170e-01
        27         2        8.978990e-01
        28         2       -1.336784e+00
        29         2        6.412003e-01
        30         2        1.150176e+00
        31         2        7.777453e-01
        32         2       -5.051690e-01
        33         2        1.115443e+00
        34         2       -9.538796e-01
        35         2       -8.611910e-01
        36         2       -4.133739e-01
        37         2       -2.136756e+00
        38         2        4.632684e-01
        39         2       -1.743914e+00
        40         2        5.093964e-01
        41         2        2.455572e-01
        42         2       -3.043649e-01
        43         2        4.228293e-01
        44         2       -2.337116e+00
        45         2       -1.148613e-01
        46         2       -1.836718e-01
        47         2        1.717580e+00
        48         2        8.794848e-01
        49         2        1.193919e+00
        50         2        1.044790e+00
        51         2        3.092535e-01
        52         2       -1.991903e+00
        53         2        1.072498e-01
        54         2       -1.445723e+00
        55         2        6.212425e-01
        56         2       -1.284212e-01
        57         2        7.755014e-01
        58         2       -3.878515e-01
        59         2        2.105358e-01
        60         2       -1.293494e+00
        61         2       -3.318166e-02
        62         2       -7.894017e-01
        63         2        6.212858e-01
        64         2        4.579750e-01
        65         2       -2.457848e-01
        66         2       -4.342712e-01
        67         2        1.169566e+00
        68         2        1.763009e+00
        69         2        1.033812e+00
        70         2        1.331363e+00
        71         2        8.329906e-01
        72         2       -1.391275e+00
        73         2        1.173249e+00
        74         2       -2.736684e+00
        75         2        1.022365e+00
        76         2        4.305357e-01
        77         2       -5.111911e-02
        78         2       -1.050386e-01
        79         2        1.687473e+00
        80         2        8.684874e-01
        81         2       -3.391051e-02
        82         2       -9.828108e-01
        83         2        1.617924e+00
        84         2       -7.380434e-03
        85         2        6.780678e-01
        86         2       -5.284368e-01
        87         2        2.987607e-01
        88         2       -9.636582e-01
        89         2        9.654123e-01
        90         2       -9.974035e-02
        91         2        3.328089e-01
        92         2        1.226500e+00
        93         2        1.031630e+00
        94         2       -1.718318e+00
        95         2        1.561601e-01
        96         2       -1.850018e-01
        97         2       -7.740493e-01
        98         2        5.071449e-01
        99         2       -5.728991e-01
       100         2       -8.764317e-01
         1         3        5.927632e-01
         2         3       -4.615006e-02
         3         3       -1.044401e+00
         4         3        8.617469e-01
         5         3       -2.692637e+00
         6         3       -4.944634e-01
         7         3        2.571992e-01
         8         3       -2.244208e+00
         9         3       -7.722985e-01
        10         3       -4.713645e-01
        11         3       -4.737470e-01
        12         3       -8.237342e-01
        13         3        7.091175e-02
        14         3       -1.229931e+00
        15         3        1.259036e-01
        16         3        1.719026e+00
        17         3        1.061410e+00
        18         3       -1.626838e+00
        19         3        9.638185e-01
        20         3        2.976396e-01
        21         3       -2.786602e-01
        22         3       -5.309531e-01
        23         3       -1.801487e+00
        24         3       -7.461288e-01
        25         3        1.076990e-01
        26         3        1.720154e+00
        27         3        4.218726e-01
        28         3        3.342488e-01
        29         3        2.338623e-01
        30         3        1.540443e+00
        31         3        1.163187e+00
        32         3        4.181658e-01
        33         3       -3.274158e-01
        34         3        5.842152e-03
        35         3       -3.899157e-01
        36         3       -2.632992e+00
        37         3       -5.988923e-01
        38         3        1.369202e+00
        39         3        9.390653e-01
        40         3       -7.236138e-01
        41         3       -1.602984e-01
        42         3        2.931335e-01
        43         3        3.652156e-01
        44         3       -1.287666e+00
        45         3        5.452372e-02
        46         3       -1.171226e-02
        47         3       -9.804585e-01
        48         3        1.258890e-01
        49         3        2.617346e+00
        50         3       -8.193821e-01
        51         3        5.180290e-01
        52         3        7.129848e-01
        53         3       -1.488035e+00
        54         3       -1.285652e+00
        55         3       -1.527875e+00
        56         3        2.144420e+00
        57         3        2.802541e-01
        58         3        1.634543e-01
        59         3        2.114889e+00
        60         3        1.139957e+00
        61         3       -4.291284e-01
        62         3        2.315138e-01
        63         3        1.996702e-01
        64         3        3.015190e-01
        65         3        3.636333e-01
        66         3        7.244493e-01
        67         3       -1.586875e+00
        68         3        7.726864e-01
        69         3       -1.387575e+00
        70         3       -2.226164e+00
        71         3        1.086478e+00
        72         3        1.156768e-01
        73         3        3.884705e-01
        74         3       -8.166178e-01
        75         3       -7.886472e-01
        76         3        1.245728e+00
        77         3        1.309315e+00
        78         3       -1.254087e-01
        79         3       -7.377208e-01
        80         3        6.575654e-02
        81         3       -2.558238e-01
        82         3       -1.191897e+00
        83         3        9.616336e-01
        84         3       -1.379522e+00
        85         3        1.641591e+00
        86         3       -1.405107e-01
        87         3       -1.075940e-01
        88         3       -4.889375e-01
        89         3       -2.360046e+00
        90         3       -4.677172e-01
        91         3       -4.190768e-01
        92         3       -2.833988e+00
        93         3       -1.277246e+00
        94         3       -5.441920e-02
        95         3       -3.037679e-01
        96         3       -1.683777e+00
        97         3       -1.898936e+00
        98         3       -1.256770e+00
        99         3       -2.613139e-01
       100         3       -1.569508e+00
         1         4        3.933754e-01
         2         4       -1.377967e-01
         3         4        9.518386e-01
         4         4        1.266788e+00
         5         4       -3.984149e-01
         6         4        2.029035e-01
         7         4        5.939452e-01
         8         4       -3.436902e-01
         9         4        2.338633e-01
        10         4       -8.390327e-01
        11         4       -5.638558e-02
        12         4        3.156748e-01
        13         4        5.576771e-01
        14         4        4.182582e-01
        15         4       -2.182186e+00
        16         4       -1.293291e+00
        17         4       -4.669445e-01
        18         4       -1.125307e+00
        19         4       -1.827389e+00
        20         4        3.350061e-01
        21         4        2.065648e+00
        22         4        1.055479e+00
        23         4        1.219360e+00
        24         4        2.405497e+00
        25         4       -3.237011e-02
        26         4       -2.276361e-01
        27         4        5.505295e-01
        28         4       -1.730858e-01
        29         4       -1.870372e+00
        30         4       -6.570032e-01
        31         4       -5.358945e-01
        32         4       -1.012557e+00
        33         4       -3.574907e-01
        34         4       -1.129655e+00
        35         4       -1.256249e-01
        36         4       -5.253283e-01
        37         4       -3.904526e-01
        38         4        5.550671e-01
        39         4       -5.589722e-01
        40         4       -7.990264e-01
        41         4       -1.971278e+00
        42         4        3.185269e+00
        43         4       -2.399655e+00
        44         4        1.479421e+00
        45         4       -9.334279e-02
        46         4       -3.571095e-01
        47         4        1.990602e+00
        48         4        4.625606e-01
        49         4       -3.299436e+00
        50         4       -2.353035e+00
        51         4        1.419439e-01
        52         4        3.124036e-01
        53         4       -3.042712e-01
        54         4       -8.879756e-01
        55         4        4.394254e-01
        56         4        1.274450e+00
        57         4       -3.780783e-01
        58         4        6.976179e-01
        59         4       -3.265815e-01
        60         4        1.186685e+00
        61         4        7.339078e-01
        62         4       -3.090766e-02
        63         4       -1.134829e-01
        64         4        1.449926e+00
        65         4        1.740684e+00
        66         4        1.798296e+00
        67         4       -6.085637e-01
        68         4        1.204493e+00
        69         4        4.902770e-01
        70         4       -1.253266e+00
        71         4       -1.255722e+00
        72         4        8.242982e-01
        73         4        9.316195e-01
        74         4       -1.469483e+00
        75         4        1.059234e+00
        76         4       -1.489109e+00
        77         4       -7.851670e-01
        78         4        3.527622e-01
        79         4        5.662158e-01
        80         4        3.798992e-01
        81         4        1.440197e-01
        82         4        1.209483e+00
        83         4       -3.707869e-01
        84         4       -7.090577e-01
        85         4        1.663719e+00
        86         4       -7.745833e-01
        87         4        1.510419e+00
        88         4        1.116977e-01
        89         4       -1.293752e+00
        90         4       -1.206837e-01
        91         4        1.456876e-01
        92         4        4.043867e-01
        93         4       -1.136139e-01
        94         4       -1.575395e+00
        95         4       -5.346397e-01
        96         4       -7.385118e-01
        97         4       -4.600997e-01
        98         4       -3.322498e-02
        99         4       -6.829471e-01
       100         4        1.257451e+00
         1         5        1.183895e-01
         2         5       -1.708196e+00
         3         5        1.257476e+00
         4         5        4.392694e-01
         5         5       -1.807719e-02
         6         5       -9.766334e-01
         7         5       -5.086483e-01
         8         5       -8.896716e-01
         9         5       -9.093415e-01
        10         5        1.953868e-01
        11         5        3.484442e-01
        12         5       -8.246200e-01
        13         5        9.620046e-01
        14         5        1.700943e+00
        15         5        7.492851e-01
        16         5        1.380906e+00
        17         5       -1.313666e+00
        18         5       -2.321525e-01
        19         5        1.148477e+00
        20         5       -8.908960e-01
        21         5        1.402780e+00
        22         5       -6.844847e-01
        23         5       -7.566110e-01
        24         5        1.071985e+00
        25         5       -1.230079e-01
        26         5        7.540156e-01
        27         5        1.552567e-01
        28         5        2.297320e+00
        29         5       -2.486663e-01
        30         5        9.838645e-02
        31         5        7.705914e-01
        32         5        6.649388e-01
        33         5        6.022473e-01
        34         5        3.033251e-01
        35         5        9.207766e-01
        36         5        8.944943e-02
        37         5       -9.665647e-01
        38         5        1.781748e+00
        39         5       -4.286888e-01
        40         5        7.341268e-01
        41         5        1.480391e+00
        42         5        2.079836e-01
        43         5       -1.318294e+00
        44         5       -1.575509e+00
        45         5       -4.605714e-01
        46         5       -1.525927e+00
        47         5        3.313743e-01
        48         5       -3.869398e-01
        49         5        1.061879e+00
        50         5       -1.033840e+00
        51         5       -7.681760e-02
        52         5       -6.269590e-01
        53         5       -1.564824e+00
        54         5       -4.565677e-01
        55         5        3.905197e-01
        56         5        9.399681e-01
        57         5        1.314747e+00
        58         5       -1.215506e-02
        59         5       -5.236515e-01
        60         5       -1.782113e+00
        61         5        1.950829e+00
        62         5       -9.202994e-01
        63         5        1.297909e-01
        64         5       -1.149075e-01
        65         5       -9.681026e-01
        66         5       -1.403972e-01
        67         5       -8.710174e-01
        68         5       -8.751668e-01
        69         5       -6.408107e-01
        70         5       -4.123013e-01
        71         5       -4.524968e-01
        72         5        4.963082e-01
        73         5        1.032500e+00
        74         5       -1.429595e+00
        75         5       -5.501304e-01
        76         5        1.497588e+00
        77         5        1.867937e-01
        78         5       -2.892899e-01
        79         5       -9.265393e-01
        80         5        6.863980e-01
        81         5        9.135335e-01
        82         5       -1.201641e+00
        83         5       -6.005248e-01
        84         5        8.629676e-01
        85         5        3.330529e-01
        86         5       -1.055696e+00
        87         5        1.275417e+00
        88         5        1.188721e+00
        89         5        1.289870e+00
        90         5       -1.412028e+00
        91         5       -5.550538e-01
        92         5       -8.586960e-01
        93         5        8.765001e-01
        94         5        2.795698e-01
        95         5       -1.117281e+00
        96         5        2.553622e-01
        97         5       -2.906036e-01
        98         5        1.874731e+00
        99         5        1.070696e+00
       100         5        3.678163e-01
;
param X_Original:=
    1        2.046788e-01
    2        2.281813e+00
    3       -1.758347e+00
    4       -1.539410e+00
    5        3.927393e-01
    6       -6.222041e-02
    7        1.876127e+00
    8       -1.335172e-01
    9        1.244973e+00
   10        5.240009e-01
   11       -9.644495e-01
   12        5.693435e-01
   13        6.813105e-01
   14       -3.174361e+00
   15       -3.053318e-01
   16       -9.633396e-02
   17        6.894947e-02
   18       -1.263813e+00
   19       -3.829616e+00
   20       -6.220298e-02
   21       -9.203539e-01
   22        4.271606e-01
   23        2.005416e+00
   24        1.766094e+00
   25       -9.074125e-01
   26       -2.592028e+00
   27        1.219956e+00
   28       -2.453254e+00
   29       -3.445942e-01
   30       -2.398862e+00
   31       -1.062916e+00
   32       -1.122721e+00
   33       -2.149195e+00
   34        1.673623e-01
   35       -1.572375e+00
   36        1.114276e+00
   37       -4.409347e-01
   38        2.237938e+00
   39        1.399699e+00
   40       -3.944645e-01
   41        3.108721e-02
   42        8.976089e-01
   43        4.659671e-01
   44        2.027453e-01
   45       -8.965465e-01
   46        2.771246e+00
   47       -1.077138e+00
   48        2.135851e-01
   49        1.541354e+00
   50       -3.328865e-01
   51       -1.247711e+00
   52        3.175913e+00
   53        3.067581e+00
   54        8.605011e-01
   55       -6.415466e-01
   56        1.057651e+00
   57       -3.373418e+00
   58        1.029415e+00
   59        1.202928e+00
   60        4.675849e+00
   61        5.957540e-02
   62        2.238019e+00
   63        9.084053e-01
   64       -1.575316e+00
   65        2.815394e+00
   66        1.336989e+00
   67       -3.776667e-01
   68        1.237084e+00
   69        6.058043e-01
   70       -3.165442e-01
   71       -1.153318e+00
   72        8.968198e-01
   73       -3.288712e+00
   74        5.171683e+00
   75        5.981489e-01
   76       -3.260879e-01
   77        1.216012e-03
   78        8.749821e-01
   79        1.420405e+00
   80        6.667143e-01
   81       -9.920116e-01
   82        1.170306e+00
   83        2.548304e-01
   84        1.070107e+00
   85       -8.470514e-01
   86       -1.873838e-01
   87       -1.688598e+00
   88       -1.187595e+00
   89       -3.318734e+00
   90       -1.750571e+00
   91        1.577779e+00
   92       -1.421103e-01
   93       -1.025448e+00
   94        1.292988e+00
   95        1.239613e+00
   96       -1.616411e-01
   97       -9.389794e-01
   98       -3.087695e+00
   99       -9.821185e-01
  100        5.221395e-01
;
param outliervec_original :=
    1    1
    2    0
    3    0
    4    0
    5    1
    6    1
    7    0
    8    1
    9    1
   10    1
   11    1
   12    1
   13    1
   14    0
   15    1
   16    1
   17    1
   18    1
   19    0
   20    0
   21    1
   22    0
   23    0
   24    1
   25    1
   26    0
   27    1
   28    0
   29    1
   30    0
   31    1
   32    0
   33    0
   34    0
   35    1
   36    0
   37    1
   38    1
   39    1
   40    1
   41    1
   42    1
   43    0
   44    1
   45    1
   46    0
   47    0
   48    1
   49    1
   50    1
   51    1
   52    0
   53    0
   54    1
   55    0
   56    1
   57    0
   58    0
   59    1
   60    0
   61    1
   62    0
   63    1
   64    1
   65    0
   66    1
   67    1
   68    1
   69    0
   70    1
   71    0
   72    0
   73    0
   74    0
   75    0
   76    1
   77    1
   78    1
   79    1
   80    1
   81    0
   82    1
   83    1
   84    1
   85    0
   86    1
   87    0
   88    1
   89    0
   90    1
   91    1
   92    1
   93    1
   94    0
   95    1
   96    1
   97    1
   98    0
   99    0
  100    1
;
param d:= 76;
param r:=5;
param p:=0.600000;
param M:=1000;
param U:=
         1         1        3.246521e-02
         2         1       -9.352971e-01
         3         1        8.415848e-02
         4         1       -5.428048e-01
         5         1       -5.026842e-01
         6         1        3.023858e-01
         7         1       -4.716169e-01
         8         1        8.524867e-01
         9         1       -7.350630e-01
        10         1        1.725988e-01
        11         1        2.393233e+00
        12         1        9.190305e-02
        13         1        7.533753e-02
        14         1       -8.388042e-01
        15         1       -3.701248e-01
        16         1        1.010857e+00
        17         1        1.114473e+00
        18         1        4.446376e-01
        19         1       -1.235503e+00
        20         1       -1.011626e+00
        21         1        6.602714e-01
        22         1        3.945090e-01
        23         1       -6.433426e-01
        24         1       -6.085916e-01
        25         1        8.792804e-02
        26         1        6.154539e-01
        27         1        4.583644e-01
        28         1        8.614837e-01
        29         1        5.487074e-01
        30         1       -1.158381e+00
        31         1        7.223508e-01
        32         1        5.573585e-01
        33         1       -6.743185e-01
        34         1        5.219201e-01
        35         1        8.549585e-01
        36         1        6.011557e-01
        37         1        5.439225e-01
        38         1       -1.269403e+00
        39         1        8.282495e-02
        40         1        6.235430e-01
        41         1       -2.048502e-01
        42         1       -4.017125e-03
        43         1       -1.116617e-01
        44         1        1.422922e+00
        45         1       -1.124385e+00
        46         1        4.411022e-01
        47         1       -4.418290e-01
        48         1        1.193409e+00
        49         1       -8.462117e-01
        50         1        4.429766e-01
        51         1        9.977259e-01
        52         1       -9.340599e-02
        53         1       -4.232046e-02
        54         1       -3.994431e-01
        55         1       -4.588629e-01
        56         1       -2.098101e+00
        57         1        2.604533e-01
        58         1        3.132524e-01
        59         1        2.971775e-01
        60         1       -2.080918e+00
        61         1       -8.028974e-01
        62         1        1.563646e+00
        63         1        4.091697e-01
        64         1        1.356517e+00
        65         1        5.419709e-01
        66         1        3.671783e-01
        67         1       -1.337008e+00
        68         1        1.887570e+00
        69         1       -6.337174e-01
        70         1       -1.057568e+00
        71         1        2.170854e+00
        72         1       -2.418919e-01
        73         1       -1.310022e+00
        74         1        1.008743e+00
        75         1        1.689691e+00
        76         1        3.232949e-01
         1         2       -3.142356e-01
         2         2        3.192764e-01
         3         2        3.660288e-01
         4         2        8.201787e-01
         5         2        3.240794e-01
         6         2       -7.016812e-01
         7         2        2.059628e+00
         8         2       -4.250986e-01
         9         2       -1.052375e+00
        10         2        3.486037e-01
        11         2        4.655516e-01
        12         2        8.196555e-01
        13         2        1.405146e+00
        14         2        5.182631e-01
        15         2        1.380950e+00
        16         2       -7.456344e-01
        17         2        1.474949e+00
        18         2        4.702381e-01
        19         2        2.784181e-01
        20         2        3.479170e-01
        21         2       -1.336784e+00
        22         2        6.412003e-01
        23         2        1.150176e+00
        24         2        7.777453e-01
        25         2       -5.051690e-01
        26         2        1.115443e+00
        27         2       -9.538796e-01
        28         2       -8.611910e-01
        29         2       -4.133739e-01
        30         2       -1.743914e+00
        31         2        5.093964e-01
        32         2       -3.043649e-01
        33         2        4.228293e-01
        34         2       -1.836718e-01
        35         2        1.717580e+00
        36         2        8.794848e-01
        37         2        1.044790e+00
        38         2        3.092535e-01
        39         2       -1.991903e+00
        40         2        1.072498e-01
        41         2       -1.445723e+00
        42         2        6.212425e-01
        43         2        7.755014e-01
        44         2       -3.878515e-01
        45         2        2.105358e-01
        46         2       -1.293494e+00
        47         2       -7.894017e-01
        48         2       -2.457848e-01
        49         2       -4.342712e-01
        50         2        1.169566e+00
        51         2        1.763009e+00
        52         2        1.033812e+00
        53         2        1.331363e+00
        54         2        8.329906e-01
        55         2       -1.391275e+00
        56         2        1.173249e+00
        57         2       -2.736684e+00
        58         2        1.022365e+00
        59         2       -5.111911e-02
        60         2       -1.050386e-01
        61         2        1.687473e+00
        62         2       -3.391051e-02
        63         2        1.617924e+00
        64         2        6.780678e-01
        65         2        2.987607e-01
        66         2       -9.636582e-01
        67         2        9.654123e-01
        68         2        3.328089e-01
        69         2        1.226500e+00
        70         2        1.031630e+00
        71         2       -1.718318e+00
        72         2        1.561601e-01
        73         2       -1.850018e-01
        74         2        5.071449e-01
        75         2       -5.728991e-01
        76         2       -8.764317e-01
         1         3        5.927632e-01
         2         3       -4.615006e-02
         3         3       -1.044401e+00
         4         3        8.617469e-01
         5         3       -2.692637e+00
         6         3        2.571992e-01
         7         3       -2.244208e+00
         8         3       -7.722985e-01
         9         3       -4.713645e-01
        10         3       -4.737470e-01
        11         3       -8.237342e-01
        12         3       -1.229931e+00
        13         3       -1.626838e+00
        14         3        9.638185e-01
        15         3        2.976396e-01
        16         3       -2.786602e-01
        17         3       -5.309531e-01
        18         3       -1.801487e+00
        19         3        1.076990e-01
        20         3        1.720154e+00
        21         3        3.342488e-01
        22         3        2.338623e-01
        23         3        1.540443e+00
        24         3        1.163187e+00
        25         3        4.181658e-01
        26         3       -3.274158e-01
        27         3        5.842152e-03
        28         3       -3.899157e-01
        29         3       -2.632992e+00
        30         3        9.390653e-01
        31         3       -7.236138e-01
        32         3        2.931335e-01
        33         3        3.652156e-01
        34         3       -1.171226e-02
        35         3       -9.804585e-01
        36         3        1.258890e-01
        37         3       -8.193821e-01
        38         3        5.180290e-01
        39         3        7.129848e-01
        40         3       -1.488035e+00
        41         3       -1.285652e+00
        42         3       -1.527875e+00
        43         3        2.802541e-01
        44         3        1.634543e-01
        45         3        2.114889e+00
        46         3        1.139957e+00
        47         3        2.315138e-01
        48         3        3.636333e-01
        49         3        7.244493e-01
        50         3       -1.586875e+00
        51         3        7.726864e-01
        52         3       -1.387575e+00
        53         3       -2.226164e+00
        54         3        1.086478e+00
        55         3        1.156768e-01
        56         3        3.884705e-01
        57         3       -8.166178e-01
        58         3       -7.886472e-01
        59         3        1.309315e+00
        60         3       -1.254087e-01
        61         3       -7.377208e-01
        62         3       -2.558238e-01
        63         3        9.616336e-01
        64         3        1.641591e+00
        65         3       -1.075940e-01
        66         3       -4.889375e-01
        67         3       -2.360046e+00
        68         3       -4.190768e-01
        69         3       -2.833988e+00
        70         3       -1.277246e+00
        71         3       -5.441920e-02
        72         3       -3.037679e-01
        73         3       -1.683777e+00
        74         3       -1.256770e+00
        75         3       -2.613139e-01
        76         3       -1.569508e+00
         1         4        3.933754e-01
         2         4       -1.377967e-01
         3         4        9.518386e-01
         4         4        1.266788e+00
         5         4       -3.984149e-01
         6         4        5.939452e-01
         7         4       -3.436902e-01
         8         4        2.338633e-01
         9         4       -8.390327e-01
        10         4       -5.638558e-02
        11         4        3.156748e-01
        12         4        4.182582e-01
        13         4       -1.125307e+00
        14         4       -1.827389e+00
        15         4        3.350061e-01
        16         4        2.065648e+00
        17         4        1.055479e+00
        18         4        1.219360e+00
        19         4       -3.237011e-02
        20         4       -2.276361e-01
        21         4       -1.730858e-01
        22         4       -1.870372e+00
        23         4       -6.570032e-01
        24         4       -5.358945e-01
        25         4       -1.012557e+00
        26         4       -3.574907e-01
        27         4       -1.129655e+00
        28         4       -1.256249e-01
        29         4       -5.253283e-01
        30         4       -5.589722e-01
        31         4       -7.990264e-01
        32         4        3.185269e+00
        33         4       -2.399655e+00
        34         4       -3.571095e-01
        35         4        1.990602e+00
        36         4        4.625606e-01
        37         4       -2.353035e+00
        38         4        1.419439e-01
        39         4        3.124036e-01
        40         4       -3.042712e-01
        41         4       -8.879756e-01
        42         4        4.394254e-01
        43         4       -3.780783e-01
        44         4        6.976179e-01
        45         4       -3.265815e-01
        46         4        1.186685e+00
        47         4       -3.090766e-02
        48         4        1.740684e+00
        49         4        1.798296e+00
        50         4       -6.085637e-01
        51         4        1.204493e+00
        52         4        4.902770e-01
        53         4       -1.253266e+00
        54         4       -1.255722e+00
        55         4        8.242982e-01
        56         4        9.316195e-01
        57         4       -1.469483e+00
        58         4        1.059234e+00
        59         4       -7.851670e-01
        60         4        3.527622e-01
        61         4        5.662158e-01
        62         4        1.440197e-01
        63         4       -3.707869e-01
        64         4        1.663719e+00
        65         4        1.510419e+00
        66         4        1.116977e-01
        67         4       -1.293752e+00
        68         4        1.456876e-01
        69         4        4.043867e-01
        70         4       -1.136139e-01
        71         4       -1.575395e+00
        72         4       -5.346397e-01
        73         4       -7.385118e-01
        74         4       -3.322498e-02
        75         4       -6.829471e-01
        76         4        1.257451e+00
         1         5        1.183895e-01
         2         5       -1.708196e+00
         3         5        1.257476e+00
         4         5        4.392694e-01
         5         5       -1.807719e-02
         6         5       -5.086483e-01
         7         5       -8.896716e-01
         8         5       -9.093415e-01
         9         5        1.953868e-01
        10         5        3.484442e-01
        11         5       -8.246200e-01
        12         5        1.700943e+00
        13         5       -2.321525e-01
        14         5        1.148477e+00
        15         5       -8.908960e-01
        16         5        1.402780e+00
        17         5       -6.844847e-01
        18         5       -7.566110e-01
        19         5       -1.230079e-01
        20         5        7.540156e-01
        21         5        2.297320e+00
        22         5       -2.486663e-01
        23         5        9.838645e-02
        24         5        7.705914e-01
        25         5        6.649388e-01
        26         5        6.022473e-01
        27         5        3.033251e-01
        28         5        9.207766e-01
        29         5        8.944943e-02
        30         5       -4.286888e-01
        31         5        7.341268e-01
        32         5        2.079836e-01
        33         5       -1.318294e+00
        34         5       -1.525927e+00
        35         5        3.313743e-01
        36         5       -3.869398e-01
        37         5       -1.033840e+00
        38         5       -7.681760e-02
        39         5       -6.269590e-01
        40         5       -1.564824e+00
        41         5       -4.565677e-01
        42         5        3.905197e-01
        43         5        1.314747e+00
        44         5       -1.215506e-02
        45         5       -5.236515e-01
        46         5       -1.782113e+00
        47         5       -9.202994e-01
        48         5       -9.681026e-01
        49         5       -1.403972e-01
        50         5       -8.710174e-01
        51         5       -8.751668e-01
        52         5       -6.408107e-01
        53         5       -4.123013e-01
        54         5       -4.524968e-01
        55         5        4.963082e-01
        56         5        1.032500e+00
        57         5       -1.429595e+00
        58         5       -5.501304e-01
        59         5        1.867937e-01
        60         5       -2.892899e-01
        61         5       -9.265393e-01
        62         5        9.135335e-01
        63         5       -6.005248e-01
        64         5        3.330529e-01
        65         5        1.275417e+00
        66         5        1.188721e+00
        67         5        1.289870e+00
        68         5       -5.550538e-01
        69         5       -8.586960e-01
        70         5        8.765001e-01
        71         5        2.795698e-01
        72         5       -1.117281e+00
        73         5        2.553622e-01
        74         5        1.874731e+00
        75         5        1.070696e+00
        76         5        3.678163e-01
;

param theta:=
    1        2.385938e-01
    2       -1.105894e+00
    3       -3.422840e-01
    4        4.247286e-01
    5       -1.698157e+00
;
param X_true:=
    1        1.183978e-01
    2        2.281813e+00
    3       -1.758347e+00
    4       -1.539410e+00
    5        3.047915e-01
    6        1.876127e+00
    7       -2.572718e-01
    8        2.581390e+00
    9        4.616160e-01
   10       -7.978431e-01
   11        1.872521e+00
   12       -3.174361e+00
   13       -1.062845e+00
   14       -3.829616e+00
   15       -6.220298e-02
   16       -3.436429e-01
   17        4.271606e-01
   18        2.005416e+00
   19       -4.444098e-01
   20       -2.592028e+00
   21       -2.453254e+00
   22       -1.067145e+00
   23       -2.398862e+00
   24       -2.939645e+00
   25       -1.122721e+00
   26       -2.149195e+00
   27        1.673623e-01
   28       -3.255870e-01
   29        1.114276e+00
   30        1.821344e+00
   31       -1.729340e+00
   32        1.368928e+00
   33        4.659671e-01
   34        2.771246e+00
   35       -1.077138e+00
   36       -1.872734e-02
   37        1.103238e-02
   38       -6.314504e-01
   39        3.175913e+00
   40        3.067581e+00
   41        2.388172e+00
   42       -6.415466e-01
   43       -3.373418e+00
   44        1.029415e+00
   45       -4.744604e-01
   46        4.675849e+00
   47        2.238019e+00
   48        2.815394e+00
   49        1.032594e+00
   50        5.760871e-01
   51        2.162507e-02
   52        6.058043e-01
   53       -5.526096e-01
   54       -1.153318e+00
   55        8.968198e-01
   56       -3.288712e+00
   57        5.171683e+00
   58        5.981489e-01
   59       -9.714083e-01
   60        3.036805e-01
   61        8.674438e-03
   62       -9.920116e-01
   63       -1.158477e+00
   64       -8.470514e-01
   65       -1.688598e+00
   66       -6.505284e-01
   67       -3.318734e+00
   68        1.230200e+00
   69        1.092404e+00
   70       -2.492711e+00
   71        1.292988e+00
   72        1.543806e+00
   73       -2.789529e-01
   74       -3.087695e+00
   75       -9.821185e-01
   76        1.493059e+00
;
param X:=
    1        2.046788e-01
    2        2.281813e+00
    3       -1.758347e+00
    4       -1.539410e+00
    5        3.927393e-01
    6        1.876127e+00
    7       -1.335172e-01
    8        1.244973e+00
    9        5.240009e-01
   10       -9.644495e-01
   11        5.693435e-01
   12       -3.174361e+00
   13       -1.263813e+00
   14       -3.829616e+00
   15       -6.220298e-02
   16       -9.203539e-01
   17        4.271606e-01
   18        2.005416e+00
   19       -9.074125e-01
   20       -2.592028e+00
   21       -2.453254e+00
   22       -3.445942e-01
   23       -2.398862e+00
   24       -1.062916e+00
   25       -1.122721e+00
   26       -2.149195e+00
   27        1.673623e-01
   28       -1.572375e+00
   29        1.114276e+00
   30        1.399699e+00
   31       -3.944645e-01
   32        8.976089e-01
   33        4.659671e-01
   34        2.771246e+00
   35       -1.077138e+00
   36        2.135851e-01
   37       -3.328865e-01
   38       -1.247711e+00
   39        3.175913e+00
   40        3.067581e+00
   41        8.605011e-01
   42       -6.415466e-01
   43       -3.373418e+00
   44        1.029415e+00
   45        1.202928e+00
   46        4.675849e+00
   47        2.238019e+00
   48        2.815394e+00
   49        1.336989e+00
   50       -3.776667e-01
   51        1.237084e+00
   52        6.058043e-01
   53       -3.165442e-01
   54       -1.153318e+00
   55        8.968198e-01
   56       -3.288712e+00
   57        5.171683e+00
   58        5.981489e-01
   59        1.216012e-03
   60        8.749821e-01
   61        1.420405e+00
   62       -9.920116e-01
   63        2.548304e-01
   64       -8.470514e-01
   65       -1.688598e+00
   66       -1.187595e+00
   67       -3.318734e+00
   68        1.577779e+00
   69       -1.421103e-01
   70       -1.025448e+00
   71        1.292988e+00
   72        1.239613e+00
   73       -1.616411e-01
   74       -3.087695e+00
   75       -9.821185e-01
   76        5.221395e-01
;
param outliervec:=
    1    1
    2    0
    3    0
    4    0
    5    1
    6    0
    7    1
    8    1
    9    1
   10    1
   11    1
   12    0
   13    1
   14    0
   15    0
   16    1
   17    0
   18    0
   19    1
   20    0
   21    0
   22    1
   23    0
   24    1
   25    0
   26    0
   27    0
   28    1
   29    0
   30    1
   31    1
   32    1
   33    0
   34    0
   35    0
   36    1
   37    1
   38    1
   39    0
   40    0
   41    1
   42    0
   43    0
   44    0
   45    1
   46    0
   47    0
   48    0
   49    1
   50    1
   51    1
   52    0
   53    1
   54    0
   55    0
   56    0
   57    0
   58    0
   59    1
   60    1
   61    1
   62    0
   63    1
   64    0
   65    0
   66    1
   67    0
   68    1
   69    1
   70    1
   71    0
   72    1
   73    1
   74    0
   75    0
   76    1
; 
param greedy_time :=         3.597955e-01
;