data;


param FN:= 0;
param D:= 100;
param U_Original:=
         1         1        3.803365e-01
         2         1       -4.664657e-01
         3         1       -4.469502e-01
         4         1        2.390434e-01
         5         1       -2.014798e+00
         6         1        3.122772e-01
         7         1       -7.279720e-01
         8         1       -7.491121e-01
         9         1       -3.881076e-01
        10         1       -6.091231e-01
        11         1       -7.489992e-01
        12         1        1.031572e-02
        13         1        1.246726e-01
        14         1       -2.592016e+00
        15         1        7.203191e-01
        16         1       -5.344219e-01
        17         1       -1.163442e+00
        18         1       -7.088669e-01
        19         1        6.309650e-02
        20         1        1.274970e-01
        21         1       -7.077071e-01
        22         1       -5.623752e-01
        23         1        1.363971e+00
        24         1        9.738121e-01
        25         1       -3.742001e-01
        26         1        6.744306e-01
        27         1        1.797007e+00
        28         1       -1.877621e-01
        29         1       -4.419937e-01
        30         1        1.021993e+00
        31         1       -1.342823e+00
        32         1       -2.107397e+00
        33         1        2.453068e+00
        34         1        7.483963e-01
        35         1        1.080088e-02
        36         1       -2.646326e-01
        37         1       -8.632943e-01
        38         1       -1.569790e+00
        39         1       -1.874668e+00
        40         1       -2.994721e-01
        41         1       -4.871087e-01
        42         1        4.561010e-01
        43         1       -1.459944e+00
        44         1        2.030867e+00
        45         1       -3.988939e-01
        46         1       -6.490265e-03
        47         1       -5.900110e-01
        48         1       -4.436421e-01
        49         1       -1.637321e+00
        50         1        1.312235e-01
        51         1        2.369583e+00
        52         1       -2.428712e-01
        53         1        6.222640e-01
        54         1       -1.128886e+00
        55         1       -5.762463e-01
        56         1       -6.210883e-01
        57         1       -8.434710e-01
        58         1       -3.420901e-01
        59         1        3.552860e-01
        60         1        6.577806e-01
        61         1       -3.980117e-01
        62         1       -4.183337e-01
        63         1        1.189109e+00
        64         1        9.909890e-01
        65         1        1.146396e+00
        66         1       -9.249401e-01
        67         1       -1.821366e+00
        68         1        1.077565e+00
        69         1        7.480881e-01
        70         1       -1.840246e+00
        71         1        1.841754e+00
        72         1       -1.760407e+00
        73         1       -1.446517e-01
        74         1       -2.669984e+00
        75         1        8.807279e-01
        76         1       -9.948243e-01
        77         1        7.682686e-01
        78         1        4.393606e-01
        79         1        2.872156e-01
        80         1        1.859186e+00
        81         1       -5.573653e-01
        82         1        1.008561e+00
        83         1       -7.616674e-01
        84         1        7.886122e-01
        85         1        8.883163e-01
        86         1        2.795415e-01
        87         1        2.348088e+00
        88         1        9.430959e-01
        89         1       -2.261788e-01
        90         1       -1.064885e+00
        91         1        3.227042e-01
        92         1       -1.373638e-01
        93         1        4.753800e-01
        94         1       -1.138763e+00
        95         1       -2.154848e-01
        96         1       -1.259335e+00
        97         1        6.619071e-01
        98         1        1.276944e+00
        99         1       -2.753917e+00
       100         1       -1.410100e+00
         1         2        1.815871e+00
         2         2       -6.036018e-01
         3         2        3.734937e-01
         4         2       -1.237554e+00
         5         2        1.763028e+00
         6         2        5.399860e-01
         7         2       -3.257171e-01
         8         2        1.414788e+00
         9         2        5.204952e-02
        10         2        1.613843e-02
        11         2       -1.527533e+00
        12         2        4.146613e-01
        13         2       -8.843918e-01
        14         2        1.070132e+00
        15         2       -2.450734e-02
        16         2       -1.845175e-01
        17         2       -8.611282e-01
        18         2        1.807444e-01
        19         2        7.187256e-01
        20         2        1.328773e+00
        21         2       -1.681498e+00
        22         2       -8.429630e-01
        23         2        1.079563e+00
        24         2        6.719860e-01
        25         2        1.406748e-01
        26         2        9.432707e-01
        27         2       -6.405563e-01
        28         2       -8.271932e-01
        29         2       -1.184957e+00
        30         2        2.329085e+00
        31         2        5.925974e-01
        32         2        7.387917e-01
        33         2        1.358039e-01
        34         2        3.225423e-01
        35         2       -3.926290e-01
        36         2        1.066988e+00
        37         2       -2.565396e+00
        38         2       -3.761311e-01
        39         2       -1.113232e-01
        40         2        9.240505e-01
        41         2        3.246424e-01
        42         2       -7.083650e-01
        43         2        1.156660e+00
        44         2       -4.200964e-01
        45         2       -6.702392e-01
        46         2       -1.428240e+00
        47         2        8.736573e-01
        48         2       -1.204879e+00
        49         2        1.961023e+00
        50         2        2.841472e-02
        51         2       -3.480824e-02
        52         2        7.446419e-01
        53         2        4.697253e-01
        54         2       -9.042875e-01
        55         2       -7.352951e-02
        56         2        1.513378e+00
        57         2       -6.464116e-01
        58         2       -5.766383e-01
        59         2       -2.394730e+00
        60         2       -4.968816e-01
        61         2       -1.075934e+00
        62         2        8.442925e-01
        63         2       -4.366908e-01
        64         2       -9.937860e-01
        65         2        2.361489e+00
        66         2       -9.218662e-01
        67         2        7.849598e-02
        68         2        5.009387e-01
        69         2        2.174953e-01
        70         2       -8.900666e-01
        71         2       -6.962135e-01
        72         2       -5.636601e-01
        73         2       -2.974270e-02
        74         2        8.602113e-01
        75         2        2.269555e-01
        76         2       -9.804951e-01
        77         2        2.543451e-01
        78         2        9.244852e-01
        79         2       -5.329215e-01
        80         2       -2.308698e+00
        81         2       -6.347753e-01
        82         2        5.178578e-01
        83         2        5.640687e-01
        84         2       -1.904281e-02
        85         2        1.036463e+00
        86         2       -1.561122e+00
        87         2       -1.465514e+00
        88         2        4.873276e-01
        89         2       -7.302568e-01
        90         2       -1.947906e-01
        91         2       -5.554777e-01
        92         2       -4.536753e-01
        93         2       -1.046856e+00
        94         2        2.090648e+00
        95         2        8.631169e-01
        96         2       -1.333173e-01
        97         2        1.135059e+00
        98         2       -3.188653e+00
        99         2       -3.226015e+00
       100         2        7.776802e-01
         1         3       -1.748681e-01
         2         3       -7.685156e-01
         3         3        2.928143e-01
         4         3        1.542603e+00
         5         3        2.602089e+00
         6         3        1.183160e+00
         7         3       -1.393368e+00
         8         3        6.383244e-01
         9         3        3.607034e-02
        10         3        5.884082e-01
        11         3        1.167488e+00
        12         3       -6.406282e-01
        13         3        5.276143e-02
        14         3       -2.859859e-02
        15         3       -1.614066e+00
        16         3        4.267293e-01
        17         3       -1.953130e+00
        18         3        1.801118e+00
        19         3       -1.433294e+00
        20         3       -1.520127e+00
        21         3       -4.994847e-01
        22         3       -1.283903e+00
        23         3        1.263413e-02
        24         3        5.587865e-01
        25         3        3.298653e-01
        26         3        6.612509e-01
        27         3        6.885024e-01
        28         3        1.040244e+00
        29         3       -2.139979e+00
        30         3        8.274663e-01
        31         3       -5.857789e-01
        32         3        7.210595e-01
        33         3       -9.234842e-01
        34         3        1.247426e+00
        35         3        6.133611e-01
        36         3       -1.540160e+00
        37         3       -3.681217e-01
        38         3       -1.548539e+00
        39         3       -1.037345e+00
        40         3       -1.929194e+00
        41         3       -7.937672e-02
        42         3       -1.392024e+00
        43         3        2.897367e-01
        44         3        6.110374e-01
        45         3       -5.404665e-01
        46         3       -7.409692e-01
        47         3        7.525438e-01
        48         3       -3.061193e+00
        49         3       -9.338669e-02
        50         3       -1.305451e+00
        51         3        1.036147e+00
        52         3       -6.897349e-01
        53         3       -5.537572e-01
        54         3       -6.435934e-01
        55         3       -5.670609e-02
        56         3        1.414771e+00
        57         3       -1.680723e+00
        58         3        7.520482e-01
        59         3       -6.973508e-01
        60         3       -7.618520e-01
        61         3        2.412993e-01
        62         3       -6.762180e-01
        63         3        5.983319e-01
        64         3        1.366599e+00
        65         3       -1.546147e+00
        66         3       -1.260274e+00
        67         3        1.411326e+00
        68         3        7.357303e-01
        69         3       -6.497407e-01
        70         3        2.770162e-01
        71         3        5.600841e-01
        72         3       -3.726070e-01
        73         3       -1.590932e+00
        74         3       -7.000605e-01
        75         3       -2.240039e-01
        76         3       -4.791614e-01
        77         3        2.379586e-01
        78         3       -1.206661e+00
        79         3       -8.252006e-01
        80         3        9.797833e-01
        81         3        1.018183e+00
        82         3       -2.191417e+00
        83         3       -1.402769e+00
        84         3       -3.292559e-01
        85         3       -5.924435e-01
        86         3        1.397760e+00
        87         3        1.522121e+00
        88         3        9.647385e-01
        89         3       -8.799400e-01
        90         3        1.490555e+00
        91         3        1.553426e+00
        92         3        5.352464e-01
        93         3       -7.423113e-01
        94         3        7.233971e-01
        95         3        4.569321e-01
        96         3        3.793073e-01
        97         3       -3.189592e-01
        98         3       -8.658353e-01
        99         3        1.133875e+00
       100         3       -3.541568e+00
         1         4       -1.515344e+00
         2         4       -6.645690e-01
         3         4       -6.065411e-01
         4         4       -7.637227e-01
         5         4        2.237814e-02
         6         4        1.656280e+00
         7         4        1.061302e+00
         8         4       -3.126813e-01
         9         4        9.220487e-01
        10         4       -4.837502e-01
        11         4        1.215283e+00
        12         4       -1.178064e+00
        13         4        5.543714e-01
        14         4        3.243354e-01
        15         4       -6.685158e-03
        16         4        5.336848e-01
        17         4        7.524598e-02
        18         4        5.184779e-02
        19         4       -1.555919e+00
        20         4       -2.074056e-01
        21         4       -1.061100e+00
        22         4       -1.458417e+00
        23         4        9.275817e-01
        24         4        2.023285e-01
        25         4        1.712441e-01
        26         4        1.372650e-01
        27         4        2.780914e+00
        28         4       -1.736061e+00
        29         4        1.900797e-01
        30         4       -7.881285e-02
        31         4       -3.592819e-01
        32         4        1.051509e+00
        33         4       -3.885584e-01
        34         4        1.044234e+00
        35         4       -3.093540e-01
        36         4       -4.336423e-01
        37         4       -5.767364e-01
        38         4        4.565179e-01
        39         4        5.066846e-01
        40         4       -1.470062e+00
        41         4        1.212440e+00
        42         4       -8.657541e-01
        43         4        2.002222e+00
        44         4        5.729375e-01
        45         4        1.896928e-01
        46         4       -7.258934e-01
        47         4        1.747648e+00
        48         4        8.417408e-02
        49         4        1.087364e+00
        50         4       -1.666317e+00
        51         4       -1.785581e+00
        52         4       -7.609375e-01
        53         4        6.612300e-01
        54         4       -3.104183e+00
        55         4       -5.421573e-02
        56         4        6.606663e-01
        57         4        1.480643e+00
        58         4        2.082856e-01
        59         4        1.219160e+00
        60         4       -1.024781e+00
        61         4       -8.383399e-01
        62         4        4.199524e-01
        63         4       -8.917575e-01
        64         4        1.168495e+00
        65         4       -6.660456e-01
        66         4        6.411510e-01
        67         4       -9.873714e-01
        68         4        3.418495e-01
        69         4        3.002267e-01
        70         4       -1.033600e+00
        71         4       -6.657806e-01
        72         4        2.145108e+00
        73         4        5.228531e-01
        74         4       -1.275435e-01
        75         4        7.678914e-01
        76         4        2.041455e-01
        77         4       -8.619017e-01
        78         4       -4.847689e-01
        79         4        1.247485e-01
        80         4       -1.732529e+00
        81         4        4.781953e-01
        82         4       -4.682997e-01
        83         4        2.103209e-01
        84         4       -1.255784e+00
        85         4       -6.811118e-01
        86         4        1.125457e+00
        87         4        4.473637e-01
        88         4       -7.990176e-01
        89         4        1.110428e+00
        90         4        3.219804e-01
        91         4       -6.966160e-02
        92         4        8.477310e-01
        93         4       -1.478881e+00
        94         4        2.910668e-01
        95         4       -6.255052e-01
        96         4        1.299227e+00
        97         4       -3.301619e-01
        98         4       -1.096970e+00
        99         4       -1.174139e-02
       100         4       -4.413868e-01
         1         5       -1.806112e+00
         2         5       -1.122466e+00
         3         5       -1.078570e+00
         4         5       -1.067215e+00
         5         5       -1.898259e-02
         6         5        4.018865e-01
         7         5        9.736560e-01
         8         5       -7.724689e-01
         9         5       -9.780753e-01
        10         5       -4.822072e-01
        11         5        4.713751e-01
        12         5       -4.590468e-01
        13         5        5.098795e-01
        14         5        8.414171e-01
        15         5       -1.720225e-01
        16         5       -2.500217e-01
        17         5        1.279411e-01
        18         5       -9.841575e-01
        19         5       -3.154683e-01
        20         5       -5.890549e-01
        21         5       -5.105983e-01
        22         5       -1.591519e+00
        23         5       -6.883673e-01
        24         5        9.132136e-01
        25         5        4.484156e-01
        26         5        1.458625e+00
        27         5        1.611686e-01
        28         5       -6.484321e-01
        29         5       -4.456616e-01
        30         5        1.656063e+00
        31         5        2.370124e+00
        32         5        8.379258e-01
        33         5        9.463121e-01
        34         5       -6.821375e-01
        35         5        5.412879e-01
        36         5        1.682204e+00
        37         5        9.026677e-01
        38         5        1.346799e+00
        39         5       -4.915959e-02
        40         5       -1.655975e+00
        41         5       -4.888168e-01
        42         5        6.764503e-02
        43         5        1.079095e+00
        44         5        1.143998e+00
        45         5       -9.160003e-01
        46         5        2.696779e-01
        47         5       -1.837225e+00
        48         5       -1.639420e-01
        49         5       -4.851584e-01
        50         5        9.157818e-01
        51         5        5.950501e-01
        52         5       -1.563162e+00
        53         5        2.816687e-01
        54         5       -1.347810e+00
        55         5        1.212597e-01
        56         5       -3.588228e-01
        57         5        4.175085e-01
        58         5        3.083420e-01
        59         5        1.114259e+00
        60         5       -8.243119e-01
        61         5       -1.003535e-01
        62         5       -2.083931e-01
        63         5       -1.481099e-01
        64         5       -1.903515e+00
        65         5        7.060570e-01
        66         5       -2.659482e-01
        67         5       -5.067744e-01
        68         5        1.126877e+00
        69         5        4.029275e-01
        70         5        1.872915e-01
        71         5       -8.440110e-01
        72         5        3.127379e-01
        73         5       -6.761150e-01
        74         5        5.428429e-01
        75         5        1.209731e+00
        76         5       -4.384703e-01
        77         5       -1.327733e+00
        78         5        1.653118e+00
        79         5       -2.275003e+00
        80         5        4.532448e-01
        81         5        4.710626e-03
        82         5       -1.610235e+00
        83         5       -8.201740e-01
        84         5        1.314260e+00
        85         5       -8.556845e-01
        86         5        1.140442e+00
        87         5       -1.524924e-01
        88         5        1.143113e-01
        89         5        7.904607e-02
        90         5        8.224849e-01
        91         5       -3.306076e-01
        92         5        9.902963e-01
        93         5        1.442646e+00
        94         5       -2.315268e-01
        95         5       -4.582416e-01
        96         5        2.775223e-01
        97         5       -3.212743e-01
        98         5       -1.733255e+00
        99         5        2.195008e+00
       100         5       -2.668430e+00
;
param X_Original:=
    1       -6.743235e-03
    2       -9.356705e-01
    3        9.252605e-01
    4       -1.032725e+00
    5       -2.310294e-01
    6        1.105587e+00
    7        1.135608e-01
    8       -4.299348e-01
    9       -1.572038e+00
   10       -1.977337e-01
   11        9.665763e-01
   12       -9.110023e-01
   13       -8.330388e-02
   14       -3.393369e-02
   15       -1.277652e+00
   16       -9.696774e-01
   17       -9.127905e-01
   18       -1.274684e-01
   19        2.036857e+00
   20       -2.226733e+00
   21        6.012096e-01
   22        6.199234e-01
   23       -1.466624e+00
   24        4.992726e-01
   25        2.375752e-01
   26        1.339981e+00
   27        5.988672e-01
   28       -1.177546e+00
   29       -1.141681e+00
   30       -1.294677e+00
   31        5.028015e-01
   32        2.393299e+00
   33       -1.874390e-01
   34       -9.702685e-02
   35       -3.770162e-01
   36        5.392275e-01
   37        5.487131e-01
   38       -7.943040e-01
   39       -1.141786e+00
   40       -2.620674e+00
   41        3.584341e-01
   42       -1.624209e+00
   43        7.350923e-01
   44        2.317364e+00
   45        2.575461e+00
   46        1.082699e+00
   47        1.539658e-01
   48        4.594924e-01
   49        1.558749e+00
   50        1.285269e+00
   51        5.419207e-01
   52       -5.762210e-01
   53       -1.067199e+00
   54        1.012083e+00
   55        1.474179e+00
   56       -1.344970e+00
   57       -3.633049e-01
   58        1.261495e+00
   59       -5.877727e-02
   60        5.190821e-01
   61        2.692644e-01
   62        2.786535e+00
   63        2.063859e-03
   64       -2.927963e+00
   65       -1.476901e+00
   66       -1.491119e+00
   67        2.254315e+00
   68       -2.410890e+00
   69        1.634546e+00
   70        2.967988e+00
   71       -1.668885e+00
   72        5.986657e-01
   73       -2.051080e+00
   74       -9.042888e-03
   75       -4.627176e-01
   76        8.140490e-02
   77        2.206578e-01
   78        2.780695e-01
   79        9.133067e-01
   80       -3.411215e-01
   81        1.044800e+00
   82       -4.264425e+00
   83       -9.218249e-01
   84       -4.658442e-01
   85       -3.093691e+00
   86        2.193773e-01
   87       -9.571813e-01
   88        6.392839e-01
   89       -1.761796e+00
   90        5.440625e-02
   91        4.689984e-01
   92        1.445857e+00
   93        2.462213e+00
   94        9.436119e-01
   95       -6.616296e-01
   96       -1.730202e+00
   97        1.503977e-01
   98       -2.517038e-01
   99        6.236590e-01
  100        1.261118e+00
;
param outliervec_original :=
    1    1
    2    0
    3    1
    4    1
    5    1
    6    1
    7    1
    8    0
    9    0
   10    1
   11    1
   12    1
   13    1
   14    1
   15    1
   16    1
   17    1
   18    1
   19    1
   20    0
   21    1
   22    1
   23    1
   24    1
   25    1
   26    0
   27    1
   28    1
   29    1
   30    1
   31    1
   32    0
   33    1
   34    1
   35    1
   36    1
   37    1
   38    1
   39    1
   40    0
   41    1
   42    1
   43    1
   44    1
   45    1
   46    1
   47    1
   48    1
   49    1
   50    1
   51    0
   52    1
   53    0
   54    0
   55    1
   56    1
   57    0
   58    0
   59    1
   60    1
   61    1
   62    1
   63    1
   64    0
   65    0
   66    1
   67    0
   68    1
   69    1
   70    0
   71    1
   72    0
   73    0
   74    1
   75    1
   76    1
   77    1
   78    1
   79    1
   80    1
   81    0
   82    0
   83    1
   84    1
   85    1
   86    1
   87    0
   88    1
   89    1
   90    1
   91    0
   92    0
   93    0
   94    1
   95    1
   96    1
   97    1
   98    1
   99    1
  100    1
;
param d:= 69;
param r:=5;
param p:=0.760000;
param M:=1000;
param U:=
         1         1       -4.664657e-01
         2         1       -4.469502e-01
         3         1        2.390434e-01
         4         1        3.122772e-01
         5         1       -7.279720e-01
         6         1       -7.491121e-01
         7         1       -3.881076e-01
         8         1       -6.091231e-01
         9         1       -7.489992e-01
        10         1        1.031572e-02
        11         1        1.246726e-01
        12         1        7.203191e-01
        13         1       -5.344219e-01
        14         1       -1.163442e+00
        15         1       -7.088669e-01
        16         1        1.274970e-01
        17         1       -7.077071e-01
        18         1        1.363971e+00
        19         1        9.738121e-01
        20         1       -3.742001e-01
        21         1        6.744306e-01
        22         1       -4.419937e-01
        23         1       -2.107397e+00
        24         1        7.483963e-01
        25         1       -2.646326e-01
        26         1       -8.632943e-01
        27         1       -2.994721e-01
        28         1       -4.871087e-01
        29         1        4.561010e-01
        30         1       -1.459944e+00
        31         1       -6.490265e-03
        32         1       -1.637321e+00
        33         1        1.312235e-01
        34         1        2.369583e+00
        35         1       -2.428712e-01
        36         1        6.222640e-01
        37         1       -1.128886e+00
        38         1       -5.762463e-01
        39         1       -8.434710e-01
        40         1       -3.420901e-01
        41         1        3.552860e-01
        42         1       -3.980117e-01
        43         1        1.189109e+00
        44         1        9.909890e-01
        45         1        1.146396e+00
        46         1       -9.249401e-01
        47         1       -1.821366e+00
        48         1       -1.840246e+00
        49         1        1.841754e+00
        50         1       -1.760407e+00
        51         1       -1.446517e-01
        52         1        8.807279e-01
        53         1       -9.948243e-01
        54         1        4.393606e-01
        55         1        1.859186e+00
        56         1       -5.573653e-01
        57         1        1.008561e+00
        58         1       -7.616674e-01
        59         1        8.883163e-01
        60         1        2.795415e-01
        61         1        2.348088e+00
        62         1        9.430959e-01
        63         1       -2.261788e-01
        64         1        3.227042e-01
        65         1       -1.373638e-01
        66         1        4.753800e-01
        67         1       -1.138763e+00
        68         1       -2.154848e-01
        69         1        6.619071e-01
         1         2       -6.036018e-01
         2         2        3.734937e-01
         3         2       -1.237554e+00
         4         2        5.399860e-01
         5         2       -3.257171e-01
         6         2        1.414788e+00
         7         2        5.204952e-02
         8         2        1.613843e-02
         9         2       -1.527533e+00
        10         2        4.146613e-01
        11         2       -8.843918e-01
        12         2       -2.450734e-02
        13         2       -1.845175e-01
        14         2       -8.611282e-01
        15         2        1.807444e-01
        16         2        1.328773e+00
        17         2       -1.681498e+00
        18         2        1.079563e+00
        19         2        6.719860e-01
        20         2        1.406748e-01
        21         2        9.432707e-01
        22         2       -1.184957e+00
        23         2        7.387917e-01
        24         2        3.225423e-01
        25         2        1.066988e+00
        26         2       -2.565396e+00
        27         2        9.240505e-01
        28         2        3.246424e-01
        29         2       -7.083650e-01
        30         2        1.156660e+00
        31         2       -1.428240e+00
        32         2        1.961023e+00
        33         2        2.841472e-02
        34         2       -3.480824e-02
        35         2        7.446419e-01
        36         2        4.697253e-01
        37         2       -9.042875e-01
        38         2       -7.352951e-02
        39         2       -6.464116e-01
        40         2       -5.766383e-01
        41         2       -2.394730e+00
        42         2       -1.075934e+00
        43         2       -4.366908e-01
        44         2       -9.937860e-01
        45         2        2.361489e+00
        46         2       -9.218662e-01
        47         2        7.849598e-02
        48         2       -8.900666e-01
        49         2       -6.962135e-01
        50         2       -5.636601e-01
        51         2       -2.974270e-02
        52         2        2.269555e-01
        53         2       -9.804951e-01
        54         2        9.244852e-01
        55         2       -2.308698e+00
        56         2       -6.347753e-01
        57         2        5.178578e-01
        58         2        5.640687e-01
        59         2        1.036463e+00
        60         2       -1.561122e+00
        61         2       -1.465514e+00
        62         2        4.873276e-01
        63         2       -7.302568e-01
        64         2       -5.554777e-01
        65         2       -4.536753e-01
        66         2       -1.046856e+00
        67         2        2.090648e+00
        68         2        8.631169e-01
        69         2        1.135059e+00
         1         3       -7.685156e-01
         2         3        2.928143e-01
         3         3        1.542603e+00
         4         3        1.183160e+00
         5         3       -1.393368e+00
         6         3        6.383244e-01
         7         3        3.607034e-02
         8         3        5.884082e-01
         9         3        1.167488e+00
        10         3       -6.406282e-01
        11         3        5.276143e-02
        12         3       -1.614066e+00
        13         3        4.267293e-01
        14         3       -1.953130e+00
        15         3        1.801118e+00
        16         3       -1.520127e+00
        17         3       -4.994847e-01
        18         3        1.263413e-02
        19         3        5.587865e-01
        20         3        3.298653e-01
        21         3        6.612509e-01
        22         3       -2.139979e+00
        23         3        7.210595e-01
        24         3        1.247426e+00
        25         3       -1.540160e+00
        26         3       -3.681217e-01
        27         3       -1.929194e+00
        28         3       -7.937672e-02
        29         3       -1.392024e+00
        30         3        2.897367e-01
        31         3       -7.409692e-01
        32         3       -9.338669e-02
        33         3       -1.305451e+00
        34         3        1.036147e+00
        35         3       -6.897349e-01
        36         3       -5.537572e-01
        37         3       -6.435934e-01
        38         3       -5.670609e-02
        39         3       -1.680723e+00
        40         3        7.520482e-01
        41         3       -6.973508e-01
        42         3        2.412993e-01
        43         3        5.983319e-01
        44         3        1.366599e+00
        45         3       -1.546147e+00
        46         3       -1.260274e+00
        47         3        1.411326e+00
        48         3        2.770162e-01
        49         3        5.600841e-01
        50         3       -3.726070e-01
        51         3       -1.590932e+00
        52         3       -2.240039e-01
        53         3       -4.791614e-01
        54         3       -1.206661e+00
        55         3        9.797833e-01
        56         3        1.018183e+00
        57         3       -2.191417e+00
        58         3       -1.402769e+00
        59         3       -5.924435e-01
        60         3        1.397760e+00
        61         3        1.522121e+00
        62         3        9.647385e-01
        63         3       -8.799400e-01
        64         3        1.553426e+00
        65         3        5.352464e-01
        66         3       -7.423113e-01
        67         3        7.233971e-01
        68         3        4.569321e-01
        69         3       -3.189592e-01
         1         4       -6.645690e-01
         2         4       -6.065411e-01
         3         4       -7.637227e-01
         4         4        1.656280e+00
         5         4        1.061302e+00
         6         4       -3.126813e-01
         7         4        9.220487e-01
         8         4       -4.837502e-01
         9         4        1.215283e+00
        10         4       -1.178064e+00
        11         4        5.543714e-01
        12         4       -6.685158e-03
        13         4        5.336848e-01
        14         4        7.524598e-02
        15         4        5.184779e-02
        16         4       -2.074056e-01
        17         4       -1.061100e+00
        18         4        9.275817e-01
        19         4        2.023285e-01
        20         4        1.712441e-01
        21         4        1.372650e-01
        22         4        1.900797e-01
        23         4        1.051509e+00
        24         4        1.044234e+00
        25         4       -4.336423e-01
        26         4       -5.767364e-01
        27         4       -1.470062e+00
        28         4        1.212440e+00
        29         4       -8.657541e-01
        30         4        2.002222e+00
        31         4       -7.258934e-01
        32         4        1.087364e+00
        33         4       -1.666317e+00
        34         4       -1.785581e+00
        35         4       -7.609375e-01
        36         4        6.612300e-01
        37         4       -3.104183e+00
        38         4       -5.421573e-02
        39         4        1.480643e+00
        40         4        2.082856e-01
        41         4        1.219160e+00
        42         4       -8.383399e-01
        43         4       -8.917575e-01
        44         4        1.168495e+00
        45         4       -6.660456e-01
        46         4        6.411510e-01
        47         4       -9.873714e-01
        48         4       -1.033600e+00
        49         4       -6.657806e-01
        50         4        2.145108e+00
        51         4        5.228531e-01
        52         4        7.678914e-01
        53         4        2.041455e-01
        54         4       -4.847689e-01
        55         4       -1.732529e+00
        56         4        4.781953e-01
        57         4       -4.682997e-01
        58         4        2.103209e-01
        59         4       -6.811118e-01
        60         4        1.125457e+00
        61         4        4.473637e-01
        62         4       -7.990176e-01
        63         4        1.110428e+00
        64         4       -6.966160e-02
        65         4        8.477310e-01
        66         4       -1.478881e+00
        67         4        2.910668e-01
        68         4       -6.255052e-01
        69         4       -3.301619e-01
         1         5       -1.122466e+00
         2         5       -1.078570e+00
         3         5       -1.067215e+00
         4         5        4.018865e-01
         5         5        9.736560e-01
         6         5       -7.724689e-01
         7         5       -9.780753e-01
         8         5       -4.822072e-01
         9         5        4.713751e-01
        10         5       -4.590468e-01
        11         5        5.098795e-01
        12         5       -1.720225e-01
        13         5       -2.500217e-01
        14         5        1.279411e-01
        15         5       -9.841575e-01
        16         5       -5.890549e-01
        17         5       -5.105983e-01
        18         5       -6.883673e-01
        19         5        9.132136e-01
        20         5        4.484156e-01
        21         5        1.458625e+00
        22         5       -4.456616e-01
        23         5        8.379258e-01
        24         5       -6.821375e-01
        25         5        1.682204e+00
        26         5        9.026677e-01
        27         5       -1.655975e+00
        28         5       -4.888168e-01
        29         5        6.764503e-02
        30         5        1.079095e+00
        31         5        2.696779e-01
        32         5       -4.851584e-01
        33         5        9.157818e-01
        34         5        5.950501e-01
        35         5       -1.563162e+00
        36         5        2.816687e-01
        37         5       -1.347810e+00
        38         5        1.212597e-01
        39         5        4.175085e-01
        40         5        3.083420e-01
        41         5        1.114259e+00
        42         5       -1.003535e-01
        43         5       -1.481099e-01
        44         5       -1.903515e+00
        45         5        7.060570e-01
        46         5       -2.659482e-01
        47         5       -5.067744e-01
        48         5        1.872915e-01
        49         5       -8.440110e-01
        50         5        3.127379e-01
        51         5       -6.761150e-01
        52         5        1.209731e+00
        53         5       -4.384703e-01
        54         5        1.653118e+00
        55         5        4.532448e-01
        56         5        4.710626e-03
        57         5       -1.610235e+00
        58         5       -8.201740e-01
        59         5       -8.556845e-01
        60         5        1.140442e+00
        61         5       -1.524924e-01
        62         5        1.143113e-01
        63         5        7.904607e-02
        64         5       -3.306076e-01
        65         5        9.902963e-01
        66         5        1.442646e+00
        67         5       -2.315268e-01
        68         5       -4.582416e-01
        69         5       -3.212743e-01
;

param theta:=
    1       -8.417154e-01
    2       -4.093266e-01
    3        5.926416e-01
    4       -6.148238e-01
    5        1.361744e+00
;
param X_true:=
    1       -9.356705e-01
    2       -6.989629e-01
    3        2.358485e-01
    4       -2.537430e-01
    5        5.936584e-01
    6       -4.299348e-01
    7       -1.572038e+00
    8        4.955960e-01
    9        1.842313e+00
   10       -4.588798e-01
   11        6.418195e-01
   12       -1.782975e+00
   13        1.096689e-01
   14        3.022240e-01
   15        2.180503e-01
   16       -2.226733e+00
   17        9.450399e-01
   18       -3.090161e+00
   19        3.555925e-01
   20        9.582222e-01
   21        1.339981e+00
   22       -1.134915e+00
   23        2.393299e+00
   24       -1.593602e+00
   25        1.430580e+00
   26        3.142362e+00
   27       -2.620674e+00
   28       -1.181000e+00
   29       -2.945245e-01
   30        1.165552e+00
   31        9.644793e-01
   32       -8.090841e-01
   33        1.375803e+00
   34        5.419207e-01
   35       -2.169922e+00
   36       -1.067199e+00
   37        1.012083e+00
   38        6.799843e-01
   39       -3.633049e-01
   40        1.261495e+00
   41        1.035664e+00
   42        1.297200e+00
   43       -1.209594e-01
   44       -2.927963e+00
   45       -1.476901e+00
   46       -3.473585e-01
   47        2.254315e+00
   48        2.967988e+00
   49       -1.673314e+00
   50        5.986657e-01
   51       -2.051080e+00
   52        2.082514e-01
   53        2.321328e-01
   54        1.085820e+00
   55        1.643169e+00
   56        1.044800e+00
   57       -4.264425e+00
   58       -1.667297e+00
   59       -2.269528e+00
   60        2.093118e+00
   61       -9.571813e-01
   62        2.253674e-01
   63       -6.072744e-01
   64        4.689984e-01
   65        1.445857e+00
   66        2.462213e+00
   67        3.723698e-02
   68       -1.405552e-01
   69       -1.445278e+00
;
param X:=
    1       -9.356705e-01
    2        9.252605e-01
    3       -1.032725e+00
    4        1.105587e+00
    5        1.135608e-01
    6       -4.299348e-01
    7       -1.572038e+00
    8       -1.977337e-01
    9        9.665763e-01
   10       -9.110023e-01
   11       -8.330388e-02
   12       -1.277652e+00
   13       -9.696774e-01
   14       -9.127905e-01
   15       -1.274684e-01
   16       -2.226733e+00
   17        6.012096e-01
   18       -1.466624e+00
   19        4.992726e-01
   20        2.375752e-01
   21        1.339981e+00
   22       -1.141681e+00
   23        2.393299e+00
   24       -9.702685e-02
   25        5.392275e-01
   26        5.487131e-01
   27       -2.620674e+00
   28        3.584341e-01
   29       -1.624209e+00
   30        7.350923e-01
   31        1.082699e+00
   32        1.558749e+00
   33        1.285269e+00
   34        5.419207e-01
   35       -5.762210e-01
   36       -1.067199e+00
   37        1.012083e+00
   38        1.474179e+00
   39       -3.633049e-01
   40        1.261495e+00
   41       -5.877727e-02
   42        2.692644e-01
   43        2.063859e-03
   44       -2.927963e+00
   45       -1.476901e+00
   46       -1.491119e+00
   47        2.254315e+00
   48        2.967988e+00
   49       -1.668885e+00
   50        5.986657e-01
   51       -2.051080e+00
   52       -4.627176e-01
   53        8.140490e-02
   54        2.780695e-01
   55       -3.411215e-01
   56        1.044800e+00
   57       -4.264425e+00
   58       -9.218249e-01
   59       -3.093691e+00
   60        2.193773e-01
   61       -9.571813e-01
   62        6.392839e-01
   63       -1.761796e+00
   64        4.689984e-01
   65        1.445857e+00
   66        2.462213e+00
   67        9.436119e-01
   68       -6.616296e-01
   69        1.503977e-01
;
param outliervec:=
    1    0
    2    1
    3    1
    4    1
    5    1
    6    0
    7    0
    8    1
    9    1
   10    1
   11    1
   12    1
   13    1
   14    1
   15    1
   16    0
   17    1
   18    1
   19    1
   20    1
   21    0
   22    1
   23    0
   24    1
   25    1
   26    1
   27    0
   28    1
   29    1
   30    1
   31    1
   32    1
   33    1
   34    0
   35    1
   36    0
   37    0
   38    1
   39    0
   40    0
   41    1
   42    1
   43    1
   44    0
   45    0
   46    1
   47    0
   48    0
   49    1
   50    0
   51    0
   52    1
   53    1
   54    1
   55    1
   56    0
   57    0
   58    1
   59    1
   60    1
   61    0
   62    1
   63    1
   64    0
   65    0
   66    0
   67    1
   68    1
   69    1
; 
param greedy_time :=         4.512311e-01
;