data;


param FN:= 0;
param D:= 100;
param U_Original:=
         1         1        1.223881e+00
         2         1       -9.971368e-02
         3         1        1.159471e-01
         4         1        6.246324e-01
         5         1       -1.178920e+00
         6         1        4.662070e-01
         7         1        5.513346e-02
         8         1       -1.019265e+00
         9         1       -3.455069e-01
        10         1       -3.062815e-01
        11         1       -9.117600e-02
        12         1       -9.641964e-02
        13         1        8.605878e-01
        14         1       -1.827370e-01
        15         1        5.526498e-01
        16         1        1.204000e+00
        17         1       -5.096455e-01
        18         1        1.710210e+00
        19         1       -9.019254e-02
        20         1       -4.392807e-02
        21         1       -1.639821e-01
        22         1        1.686746e+00
        23         1        1.762293e+00
        24         1        6.291342e-01
        25         1       -2.350110e+00
        26         1       -4.408585e-01
        27         1       -3.348740e-01
        28         1        7.729971e-01
        29         1        2.450851e-01
        30         1       -1.201107e+00
        31         1       -4.794889e-01
        32         1        4.606581e-01
        33         1       -7.821284e-01
        34         1        7.462841e-01
        35         1        3.986606e-01
        36         1       -1.300596e+00
        37         1        4.706033e-02
        38         1        2.806807e-01
        39         1       -9.121551e-01
        40         1        8.703010e-01
        41         1        1.990816e+00
        42         1       -2.485394e-01
        43         1        3.984235e-01
        44         1        7.647146e-01
        45         1       -3.673958e-01
        46         1       -9.134099e-01
        47         1       -1.544832e+00
        48         1        6.221184e-02
        49         1       -4.424154e-01
        50         1        4.230717e-01
        51         1       -1.268633e+00
        52         1        2.079824e+00
        53         1        5.651090e-01
        54         1        9.739130e-01
        55         1        2.432021e-03
        56         1        2.910864e+00
        57         1        2.569857e+00
        58         1        1.705357e+00
        59         1       -3.389583e-01
        60         1        3.145279e-01
        61         1        2.008774e-01
        62         1       -5.534421e-01
        63         1        7.454778e-01
        64         1       -2.449411e-02
        65         1       -4.330735e-01
        66         1       -4.098660e-01
        67         1       -1.172632e+00
        68         1        1.821087e+00
        69         1        3.753405e-01
        70         1       -2.825417e-01
        71         1       -1.068205e+00
        72         1       -7.732231e-01
        73         1        7.653898e-01
        74         1        1.530584e+00
        75         1       -3.677092e-01
        76         1       -1.083217e+00
        77         1        1.428242e+00
        78         1        3.108906e-01
        79         1        2.926642e-01
        80         1        2.624879e-01
        81         1       -5.361628e-01
        82         1        1.469896e+00
        83         1        1.472229e+00
        84         1        1.499950e+00
        85         1       -5.692492e-01
        86         1        8.749715e-01
        87         1       -6.865435e-01
        88         1        5.710782e-02
        89         1       -9.131969e-01
        90         1       -8.925544e-01
        91         1        9.741518e-01
        92         1       -1.546964e+00
        93         1        1.794342e-02
        94         1        2.742088e-01
        95         1        1.458368e+00
        96         1       -1.013727e+00
        97         1        6.883189e-01
        98         1        1.453824e+00
        99         1        7.039821e-01
       100         1       -2.823122e-01
         1         2       -1.207314e+00
         2         2        6.404021e-01
         3         2        1.722299e-01
         4         2       -3.513048e-01
         5         2        2.314558e-01
         6         2        4.471251e-01
         7         2        2.014122e+00
         8         2       -2.411705e+00
         9         2        1.176306e+00
        10         2        1.788812e+00
        11         2        1.212201e-02
        12         2       -7.411319e-01
        13         2        9.848818e-01
        14         2        2.215628e+00
        15         2       -1.122574e+00
        16         2        2.277466e-01
        17         2       -8.650737e-01
        18         2       -6.466345e-01
        19         2       -1.729085e+00
        20         2       -1.361817e+00
        21         2       -1.810160e+00
        22         2       -1.152038e-01
        23         2        6.054366e-01
        24         2        6.259963e-01
        25         2       -3.715911e-01
        26         2        3.507461e-01
        27         2        2.126219e+00
        28         2       -3.882736e-01
        29         2       -6.261768e-01
        30         2        6.673373e-01
        31         2        9.136491e-02
        32         2        1.254959e+00
        33         2        1.176223e+00
        34         2       -9.004768e-01
        35         2        2.372164e-01
        36         2        2.083352e-01
        37         2       -1.327582e-01
        38         2        2.354263e-01
        39         2        4.572325e-01
        40         2       -5.824515e-01
        41         2        7.028891e-01
        42         2        5.520194e-01
        43         2       -2.179184e-01
        44         2       -4.741266e-01
        45         2       -1.739420e+00
        46         2        1.432627e+00
        47         2       -1.222505e+00
        48         2        5.895316e-01
        49         2       -1.524927e+00
        50         2        4.810896e-01
        51         2        1.331776e-01
        52         2       -4.357079e-01
        53         2       -1.343246e+00
        54         2        6.340905e-01
        55         2       -8.709219e-01
        56         2       -5.871939e-01
        57         2       -3.082019e-01
        58         2       -9.344546e-01
        59         2        4.827927e-01
        60         2        3.534678e-01
        61         2       -6.124126e-01
        62         2       -4.633756e-01
        63         2       -4.918981e-01
        64         2        4.551715e-01
        65         2       -5.388157e-01
        66         2       -2.579672e+00
        67         2        7.276030e-01
        68         2       -1.369119e+00
        69         2        1.642843e+00
        70         2       -3.430759e-01
        71         2       -3.958751e-01
        72         2        2.726994e-01
        73         2       -6.254431e-02
        74         2        5.535285e-01
        75         2        1.967075e-01
        76         2       -5.049549e-02
        77         2       -1.047485e+00
        78         2       -9.264534e-02
        79         2        1.946193e-01
        80         2       -1.265186e+00
        81         2        2.290117e+00
        82         2        1.386441e+00
        83         2       -1.223572e-02
        84         2       -7.123888e-01
        85         2       -1.209179e+00
        86         2       -9.440414e-01
        87         2        1.401995e+00
        88         2        2.520391e-01
        89         2        5.235065e-01
        90         2        2.210852e+00
        91         2       -1.474344e+00
        92         2        8.863382e-01
        93         2        1.615773e+00
        94         2       -5.579546e-01
        95         2       -9.187091e-01
        96         2        2.214706e+00
        97         2       -2.895397e-01
        98         2        2.914133e-01
        99         2       -1.555416e+00
       100         2       -8.396438e-01
         1         3        4.720276e-01
         2         3       -5.709738e-01
         3         3        1.526466e-01
         4         3       -2.513923e-01
         5         3        1.710946e+00
         6         3       -7.732630e-01
         7         3        8.362618e-01
         8         3        7.123548e-01
         9         3        1.395850e+00
        10         3        9.276176e-01
        11         3        1.926174e+00
        12         3        1.597561e+00
        13         3       -1.557317e-01
        14         3        4.430357e-01
        15         3       -3.364134e-01
        16         3        1.136721e-03
        17         3       -7.886399e-01
        18         3        3.895105e-01
        19         3        3.661695e-01
        20         3       -1.246963e-01
        21         3       -1.989625e+00
        22         3       -9.122080e-01
        23         3        9.972769e-01
        24         3        1.298857e+00
        25         3       -5.977582e-01
        26         3       -3.201684e+00
        27         3        6.750148e-01
        28         3        1.335202e+00
        29         3       -1.096459e-01
        30         3       -9.299350e-01
        31         3        7.240627e-01
        32         3       -3.948989e-01
        33         3       -2.467694e-02
        34         3        5.232388e-01
        35         3        5.780491e-01
        36         3        7.389413e-01
        37         3       -1.756450e+00
        38         3        1.151075e+00
        39         3        5.241500e-01
        40         3        1.849025e+00
        41         3        4.217871e-01
        42         3        3.331001e-03
        43         3        5.761212e-01
        44         3       -1.334371e+00
        45         3       -1.195509e-01
        46         3       -1.863832e+00
        47         3       -6.714219e-01
        48         3       -7.829811e-01
        49         3       -1.081183e+00
        50         3        1.313644e-01
        51         3        6.357560e-01
        52         3       -2.544022e-01
        53         3        3.821405e-01
        54         3       -7.421444e-01
        55         3       -2.703197e+00
        56         3        1.586475e+00
        57         3        5.866843e-01
        58         3        1.142029e+00
        59         3       -9.549798e-01
        60         3       -4.852289e-01
        61         3       -2.713085e+00
        62         3        6.533704e-02
        63         3       -8.207575e-03
        64         3        1.105412e+00
        65         3       -1.447525e+00
        66         3       -8.240362e-01
        67         3       -4.220472e+00
        68         3        1.768417e+00
        69         3       -5.657580e-01
        70         3       -1.220515e+00
        71         3        1.982823e-01
        72         3       -7.854229e-02
        73         3        6.663718e-01
        74         3       -7.151419e-01
        75         3       -3.364888e-01
        76         3        6.619687e-01
        77         3       -6.298321e-01
        78         3        5.581549e-01
        79         3       -1.922683e+00
        80         3        1.028421e+00
        81         3        9.052697e-01
        82         3       -1.607748e-02
        83         3        1.370428e-01
        84         3       -7.693285e-01
        85         3       -7.593658e-01
        86         3       -1.754608e-01
        87         3       -1.302630e+00
        88         3        1.830901e+00
        89         3        1.556334e+00
        90         3       -6.893569e-01
        91         3       -5.687199e-01
        92         3       -2.301242e-01
        93         3       -3.247118e-01
        94         3        2.291062e+00
        95         3       -2.070004e+00
        96         3       -6.295481e-01
        97         3       -6.449667e-01
        98         3        1.446142e+00
        99         3       -1.067399e+00
       100         3        3.279409e-01
         1         4        2.689420e-01
         2         4        1.215820e+00
         3         4        7.841976e-02
         4         4        4.439009e-01
         5         4       -9.140965e-01
         6         4        1.389852e+00
         7         4        6.543647e-01
         8         4        1.389637e-01
         9         4       -2.446919e+00
        10         4        9.702538e-01
        11         4       -1.552628e+00
        12         4        2.201793e+00
        13         4       -1.042820e+00
        14         4        1.487343e+00
        15         4        2.908484e-01
        16         4        1.176702e+00
        17         4       -1.020381e+00
        18         4        1.043196e+00
        19         4        4.141169e-02
        20         4       -4.182747e-01
        21         4        2.892270e-01
        22         4       -7.498635e-01
        23         4       -2.046846e+00
        24         4        2.301585e-01
        25         4       -1.355649e-01
        26         4       -3.311140e-02
        27         4       -3.789446e-01
        28         4       -2.638865e-01
        29         4        3.140278e-01
        30         4        5.414805e-02
        31         4        4.806840e-01
        32         4       -1.463034e+00
        33         4        3.208498e-01
        34         4       -4.590745e-01
        35         4       -1.224230e+00
        36         4        4.336349e-01
        37         4        1.007264e+00
        38         4       -4.615988e-01
        39         4        1.159186e+00
        40         4       -2.049719e+00
        41         4       -8.333958e-01
        42         4        6.109462e-01
        43         4        4.050527e-02
        44         4        2.229558e-01
        45         4       -1.243920e+00
        46         4        5.861684e-01
        47         4       -1.447358e+00
        48         4        2.306629e-01
        49         4        5.664768e-01
        50         4       -6.980137e-01
        51         4       -1.047090e+00
        52         4        3.519967e-02
        53         4        7.706246e-02
        54         4        1.253372e+00
        55         4       -1.989915e+00
        56         4       -3.217902e-02
        57         4       -6.881754e-01
        58         4       -1.589703e+00
        59         4        7.579745e-01
        60         4        2.361619e-01
        61         4        9.082902e-01
        62         4       -1.274722e-01
        63         4       -1.246928e+00
        64         4       -1.639565e+00
        65         4        3.792860e-01
        66         4       -6.525847e-01
        67         4        1.077635e+00
        68         4        2.550297e-01
        69         4       -1.243540e-01
        70         4        8.305413e-01
        71         4       -1.089288e+00
        72         4        8.782200e-01
        73         4       -2.302461e-01
        74         4       -2.843157e-01
        75         4        9.673464e-02
        76         4       -6.491879e-01
        77         4       -2.391476e-01
        78         4       -1.229049e+00
        79         4        1.631664e+00
        80         4        1.547996e+00
        81         4       -6.310564e-01
        82         4        2.110912e-01
        83         4        5.817964e-01
        84         4       -1.199141e+00
        85         4       -1.854699e+00
        86         4       -4.594221e-01
        87         4        1.943132e+00
        88         4        1.710739e-01
        89         4        1.184185e+00
        90         4       -6.886348e-01
        91         4        1.021167e+00
        92         4       -5.273465e-01
        93         4       -4.913768e-01
        94         4        1.101015e-01
        95         4        9.304742e-01
        96         4       -1.709959e-01
        97         4       -3.835081e-01
        98         4       -5.782383e-01
        99         4        2.609730e-02
       100         4        3.050356e-01
         1         5        6.628648e-02
         2         5        2.205123e+00
         3         5        1.283401e+00
         4         5       -6.156613e-01
         5         5        5.839253e-01
         6         5        1.228746e+00
         7         5        1.458171e+00
         8         5        9.383617e-01
         9         5       -1.111257e-01
        10         5        5.802975e-01
        11         5       -1.148439e+00
        12         5        6.001454e-01
        13         5       -8.485607e-01
        14         5        1.598620e+00
        15         5       -9.536276e-01
        16         5       -2.866738e-01
        17         5       -1.046642e-01
        18         5       -3.596354e-01
        19         5        2.817753e-01
        20         5        1.041965e+00
        21         5       -5.522231e-01
        22         5       -3.499242e-01
        23         5       -5.531012e-01
        24         5       -5.434768e-01
        25         5       -2.322215e+00
        26         5        4.676553e-02
        27         5       -6.427251e-01
        28         5        1.818431e+00
        29         5        3.538640e-01
        30         5        9.030966e-01
        31         5       -4.687898e-01
        32         5       -6.007976e-01
        33         5        6.363834e-01
        34         5        1.548219e-01
        35         5       -1.412808e-01
        36         5        2.632367e-01
        37         5        4.605668e-01
        38         5       -1.341572e-01
        39         5       -1.397560e+00
        40         5       -1.805572e+00
        41         5        9.427798e-01
        42         5        3.210611e-02
        43         5        1.246335e+00
        44         5       -5.718999e-01
        45         5        1.061580e-01
        46         5       -3.822901e-01
        47         5        1.216176e-01
        48         5        7.056224e-02
        49         5        4.565016e-01
        50         5       -1.238684e-01
        51         5        1.539391e+00
        52         5       -1.065677e+00
        53         5        1.849365e-01
        54         5        2.781329e-01
        55         5       -1.841097e-01
        56         5        3.388144e-02
        57         5        1.004779e+00
        58         5        9.074652e-01
        59         5        1.242130e+00
        60         5        8.367878e-01
        61         5       -2.006360e+00
        62         5        4.800979e-02
        63         5        5.022218e-01
        64         5       -1.326939e+00
        65         5        1.485499e+00
        66         5        3.447153e-01
        67         5        1.746489e+00
        68         5        1.632551e+00
        69         5        7.154557e-02
        70         5        9.653470e-01
        71         5        7.806047e-01
        72         5        2.344480e+00
        73         5        2.696384e-01
        74         5        5.012857e-01
        75         5        1.467886e+00
        76         5        1.337221e-01
        77         5        5.646994e-01
        78         5        1.767097e+00
        79         5        8.590419e-01
        80         5        8.848928e-01
        81         5        1.592667e-01
        82         5       -1.044550e+00
        83         5        1.151633e+00
        84         5        5.090820e-01
        85         5       -1.180714e+00
        86         5       -1.198513e+00
        87         5       -6.613715e-01
        88         5        4.397225e-01
        89         5        7.381569e-01
        90         5        2.298916e-01
        91         5       -9.648657e-01
        92         5       -1.337800e-01
        93         5       -8.166794e-02
        94         5       -1.362697e+00
        95         5       -1.283065e-01
        96         5       -9.525986e-01
        97         5        1.174762e+00
        98         5       -6.646807e-01
        99         5        5.935059e-01
       100         5        1.660279e-01
;
param X_Original:=
    1        1.938424e+00
    2       -1.703975e-01
    3       -3.796324e-01
    4        1.102950e+00
    5        7.004642e-01
    6       -1.169580e-01
    7        2.129262e-01
    8       -1.812745e-01
    9        6.809036e-01
   10        9.968317e-01
   11        2.241336e-01
   12        7.263146e-01
   13        1.426977e-01
   14        8.192990e-01
   15        1.306714e+00
   16        7.922577e-01
   17        4.908492e-01
   18        8.440582e-01
   19       -1.788970e+00
   20        1.048887e+00
   21       -5.958377e-01
   22       -1.359215e+00
   23       -1.657280e+00
   24        1.937004e+00
   25       -3.550458e-01
   26       -3.918524e+00
   27       -7.406470e-01
   28        6.414407e-01
   29       -1.296726e+00
   30        1.160309e+00
   31        1.554233e+00
   32       -2.896193e+00
   33       -7.081534e-01
   34       -2.644546e+00
   35       -1.179216e+00
   36        8.066993e-01
   37       -7.707917e-01
   38        5.871624e-01
   39        1.245768e+00
   40        1.516212e+00
   41       -9.658135e-01
   42        5.649498e-01
   43        3.418497e-01
   44        5.465374e-01
   45       -1.340933e+00
   46       -8.730055e-01
   47        4.120316e-01
   48       -9.647711e-01
   49        1.031780e-01
   50       -9.793987e-01
   51       -2.166524e+00
   52        1.222798e+00
   53        1.330604e+00
   54       -2.057499e+00
   55       -5.509243e+00
   56        2.968088e+00
   57        1.271161e-01
   58        6.886902e-01
   59       -8.375241e-01
   60       -6.456904e-01
   61       -2.195114e-01
   62       -1.463747e+00
   63       -2.063407e+00
   64       -9.282492e-01
   65       -1.587533e+00
   66       -6.118215e-02
   67       -4.576902e+00
   68        2.869929e+00
   69       -1.561382e+00
   70        4.004162e-03
   71       -2.006008e+00
   72       -2.601311e-01
   73        5.372374e-01
   74       -1.229987e+00
   75        1.642951e+00
   76       -1.770781e+00
   77       -3.091599e-01
   78       -1.005756e+00
   79        3.702988e-03
   80        3.836898e+00
   81       -1.416686e+00
   82        6.028449e-01
   83        8.170251e-01
   84       -2.069950e+00
   85       -2.709133e+00
   86        2.813627e-01
   87        9.447649e-01
   88        1.052949e+00
   89        2.605343e+00
   90       -3.372094e+00
   91        2.510533e+00
   92        6.011279e-01
   93       -1.900822e+00
   94        3.720383e+00
   95       -5.902979e-01
   96       -7.092583e-01
   97       -1.485466e+00
   98       -1.185640e-01
   99       -3.766868e-01
  100        4.462122e-01
;
param outliervec_original :=
    1    0
    2    0
    3    0
    4    0
    5    1
    6    1
    7    0
    8    1
    9    1
   10    1
   11    0
   12    1
   13    1
   14    0
   15    0
   16    1
   17    1
   18    1
   19    1
   20    1
   21    0
   22    0
   23    1
   24    0
   25    0
   26    0
   27    0
   28    0
   29    1
   30    1
   31    0
   32    0
   33    0
   34    1
   35    0
   36    0
   37    1
   38    0
   39    1
   40    1
   41    0
   42    0
   43    0
   44    1
   45    0
   46    1
   47    1
   48    1
   49    0
   50    0
   51    0
   52    0
   53    0
   54    1
   55    0
   56    0
   57    0
   58    1
   59    0
   60    0
   61    0
   62    1
   63    1
   64    0
   65    0
   66    1
   67    0
   68    0
   69    0
   70    1
   71    0
   72    0
   73    0
   74    0
   75    1
   76    1
   77    0
   78    1
   79    0
   80    0
   81    0
   82    0
   83    1
   84    0
   85    0
   86    1
   87    0
   88    1
   89    0
   90    0
   91    0
   92    1
   93    0
   94    0
   95    1
   96    1
   97    0
   98    1
   99    0
  100    1
;
param d:= 84;
param r:=5;
param p:=0.400000;
param M:=1000;
param U:=
         1         1        1.223881e+00
         2         1       -9.971368e-02
         3         1        1.159471e-01
         4         1        6.246324e-01
         5         1       -1.178920e+00
         6         1        4.662070e-01
         7         1        5.513346e-02
         8         1       -3.062815e-01
         9         1       -9.117600e-02
        10         1       -1.827370e-01
        11         1        5.526498e-01
        12         1        1.204000e+00
        13         1       -1.639821e-01
        14         1        1.686746e+00
        15         1        1.762293e+00
        16         1        6.291342e-01
        17         1       -2.350110e+00
        18         1       -4.408585e-01
        19         1       -3.348740e-01
        20         1        7.729971e-01
        21         1       -4.794889e-01
        22         1        4.606581e-01
        23         1       -7.821284e-01
        24         1        3.986606e-01
        25         1       -1.300596e+00
        26         1        4.706033e-02
        27         1        2.806807e-01
        28         1       -9.121551e-01
        29         1        8.703010e-01
        30         1        1.990816e+00
        31         1       -2.485394e-01
        32         1        3.984235e-01
        33         1        7.647146e-01
        34         1       -3.673958e-01
        35         1       -9.134099e-01
        36         1        6.221184e-02
        37         1       -4.424154e-01
        38         1        4.230717e-01
        39         1       -1.268633e+00
        40         1        2.079824e+00
        41         1        5.651090e-01
        42         1        2.432021e-03
        43         1        2.910864e+00
        44         1        2.569857e+00
        45         1        1.705357e+00
        46         1       -3.389583e-01
        47         1        3.145279e-01
        48         1        2.008774e-01
        49         1       -5.534421e-01
        50         1        7.454778e-01
        51         1       -2.449411e-02
        52         1       -4.330735e-01
        53         1       -4.098660e-01
        54         1       -1.172632e+00
        55         1        1.821087e+00
        56         1        3.753405e-01
        57         1       -2.825417e-01
        58         1       -1.068205e+00
        59         1       -7.732231e-01
        60         1        7.653898e-01
        61         1        1.530584e+00
        62         1       -1.083217e+00
        63         1        1.428242e+00
        64         1        3.108906e-01
        65         1        2.926642e-01
        66         1        2.624879e-01
        67         1       -5.361628e-01
        68         1        1.469896e+00
        69         1        1.472229e+00
        70         1        1.499950e+00
        71         1       -5.692492e-01
        72         1        8.749715e-01
        73         1       -6.865435e-01
        74         1        5.710782e-02
        75         1       -9.131969e-01
        76         1       -8.925544e-01
        77         1        9.741518e-01
        78         1        1.794342e-02
        79         1        2.742088e-01
        80         1        1.458368e+00
        81         1       -1.013727e+00
        82         1        6.883189e-01
        83         1        7.039821e-01
        84         1       -2.823122e-01
         1         2       -1.207314e+00
         2         2        6.404021e-01
         3         2        1.722299e-01
         4         2       -3.513048e-01
         5         2        2.314558e-01
         6         2        4.471251e-01
         7         2        2.014122e+00
         8         2        1.788812e+00
         9         2        1.212201e-02
        10         2        2.215628e+00
        11         2       -1.122574e+00
        12         2        2.277466e-01
        13         2       -1.810160e+00
        14         2       -1.152038e-01
        15         2        6.054366e-01
        16         2        6.259963e-01
        17         2       -3.715911e-01
        18         2        3.507461e-01
        19         2        2.126219e+00
        20         2       -3.882736e-01
        21         2        9.136491e-02
        22         2        1.254959e+00
        23         2        1.176223e+00
        24         2        2.372164e-01
        25         2        2.083352e-01
        26         2       -1.327582e-01
        27         2        2.354263e-01
        28         2        4.572325e-01
        29         2       -5.824515e-01
        30         2        7.028891e-01
        31         2        5.520194e-01
        32         2       -2.179184e-01
        33         2       -4.741266e-01
        34         2       -1.739420e+00
        35         2        1.432627e+00
        36         2        5.895316e-01
        37         2       -1.524927e+00
        38         2        4.810896e-01
        39         2        1.331776e-01
        40         2       -4.357079e-01
        41         2       -1.343246e+00
        42         2       -8.709219e-01
        43         2       -5.871939e-01
        44         2       -3.082019e-01
        45         2       -9.344546e-01
        46         2        4.827927e-01
        47         2        3.534678e-01
        48         2       -6.124126e-01
        49         2       -4.633756e-01
        50         2       -4.918981e-01
        51         2        4.551715e-01
        52         2       -5.388157e-01
        53         2       -2.579672e+00
        54         2        7.276030e-01
        55         2       -1.369119e+00
        56         2        1.642843e+00
        57         2       -3.430759e-01
        58         2       -3.958751e-01
        59         2        2.726994e-01
        60         2       -6.254431e-02
        61         2        5.535285e-01
        62         2       -5.049549e-02
        63         2       -1.047485e+00
        64         2       -9.264534e-02
        65         2        1.946193e-01
        66         2       -1.265186e+00
        67         2        2.290117e+00
        68         2        1.386441e+00
        69         2       -1.223572e-02
        70         2       -7.123888e-01
        71         2       -1.209179e+00
        72         2       -9.440414e-01
        73         2        1.401995e+00
        74         2        2.520391e-01
        75         2        5.235065e-01
        76         2        2.210852e+00
        77         2       -1.474344e+00
        78         2        1.615773e+00
        79         2       -5.579546e-01
        80         2       -9.187091e-01
        81         2        2.214706e+00
        82         2       -2.895397e-01
        83         2       -1.555416e+00
        84         2       -8.396438e-01
         1         3        4.720276e-01
         2         3       -5.709738e-01
         3         3        1.526466e-01
         4         3       -2.513923e-01
         5         3        1.710946e+00
         6         3       -7.732630e-01
         7         3        8.362618e-01
         8         3        9.276176e-01
         9         3        1.926174e+00
        10         3        4.430357e-01
        11         3       -3.364134e-01
        12         3        1.136721e-03
        13         3       -1.989625e+00
        14         3       -9.122080e-01
        15         3        9.972769e-01
        16         3        1.298857e+00
        17         3       -5.977582e-01
        18         3       -3.201684e+00
        19         3        6.750148e-01
        20         3        1.335202e+00
        21         3        7.240627e-01
        22         3       -3.948989e-01
        23         3       -2.467694e-02
        24         3        5.780491e-01
        25         3        7.389413e-01
        26         3       -1.756450e+00
        27         3        1.151075e+00
        28         3        5.241500e-01
        29         3        1.849025e+00
        30         3        4.217871e-01
        31         3        3.331001e-03
        32         3        5.761212e-01
        33         3       -1.334371e+00
        34         3       -1.195509e-01
        35         3       -1.863832e+00
        36         3       -7.829811e-01
        37         3       -1.081183e+00
        38         3        1.313644e-01
        39         3        6.357560e-01
        40         3       -2.544022e-01
        41         3        3.821405e-01
        42         3       -2.703197e+00
        43         3        1.586475e+00
        44         3        5.866843e-01
        45         3        1.142029e+00
        46         3       -9.549798e-01
        47         3       -4.852289e-01
        48         3       -2.713085e+00
        49         3        6.533704e-02
        50         3       -8.207575e-03
        51         3        1.105412e+00
        52         3       -1.447525e+00
        53         3       -8.240362e-01
        54         3       -4.220472e+00
        55         3        1.768417e+00
        56         3       -5.657580e-01
        57         3       -1.220515e+00
        58         3        1.982823e-01
        59         3       -7.854229e-02
        60         3        6.663718e-01
        61         3       -7.151419e-01
        62         3        6.619687e-01
        63         3       -6.298321e-01
        64         3        5.581549e-01
        65         3       -1.922683e+00
        66         3        1.028421e+00
        67         3        9.052697e-01
        68         3       -1.607748e-02
        69         3        1.370428e-01
        70         3       -7.693285e-01
        71         3       -7.593658e-01
        72         3       -1.754608e-01
        73         3       -1.302630e+00
        74         3        1.830901e+00
        75         3        1.556334e+00
        76         3       -6.893569e-01
        77         3       -5.687199e-01
        78         3       -3.247118e-01
        79         3        2.291062e+00
        80         3       -2.070004e+00
        81         3       -6.295481e-01
        82         3       -6.449667e-01
        83         3       -1.067399e+00
        84         3        3.279409e-01
         1         4        2.689420e-01
         2         4        1.215820e+00
         3         4        7.841976e-02
         4         4        4.439009e-01
         5         4       -9.140965e-01
         6         4        1.389852e+00
         7         4        6.543647e-01
         8         4        9.702538e-01
         9         4       -1.552628e+00
        10         4        1.487343e+00
        11         4        2.908484e-01
        12         4        1.176702e+00
        13         4        2.892270e-01
        14         4       -7.498635e-01
        15         4       -2.046846e+00
        16         4        2.301585e-01
        17         4       -1.355649e-01
        18         4       -3.311140e-02
        19         4       -3.789446e-01
        20         4       -2.638865e-01
        21         4        4.806840e-01
        22         4       -1.463034e+00
        23         4        3.208498e-01
        24         4       -1.224230e+00
        25         4        4.336349e-01
        26         4        1.007264e+00
        27         4       -4.615988e-01
        28         4        1.159186e+00
        29         4       -2.049719e+00
        30         4       -8.333958e-01
        31         4        6.109462e-01
        32         4        4.050527e-02
        33         4        2.229558e-01
        34         4       -1.243920e+00
        35         4        5.861684e-01
        36         4        2.306629e-01
        37         4        5.664768e-01
        38         4       -6.980137e-01
        39         4       -1.047090e+00
        40         4        3.519967e-02
        41         4        7.706246e-02
        42         4       -1.989915e+00
        43         4       -3.217902e-02
        44         4       -6.881754e-01
        45         4       -1.589703e+00
        46         4        7.579745e-01
        47         4        2.361619e-01
        48         4        9.082902e-01
        49         4       -1.274722e-01
        50         4       -1.246928e+00
        51         4       -1.639565e+00
        52         4        3.792860e-01
        53         4       -6.525847e-01
        54         4        1.077635e+00
        55         4        2.550297e-01
        56         4       -1.243540e-01
        57         4        8.305413e-01
        58         4       -1.089288e+00
        59         4        8.782200e-01
        60         4       -2.302461e-01
        61         4       -2.843157e-01
        62         4       -6.491879e-01
        63         4       -2.391476e-01
        64         4       -1.229049e+00
        65         4        1.631664e+00
        66         4        1.547996e+00
        67         4       -6.310564e-01
        68         4        2.110912e-01
        69         4        5.817964e-01
        70         4       -1.199141e+00
        71         4       -1.854699e+00
        72         4       -4.594221e-01
        73         4        1.943132e+00
        74         4        1.710739e-01
        75         4        1.184185e+00
        76         4       -6.886348e-01
        77         4        1.021167e+00
        78         4       -4.913768e-01
        79         4        1.101015e-01
        80         4        9.304742e-01
        81         4       -1.709959e-01
        82         4       -3.835081e-01
        83         4        2.609730e-02
        84         4        3.050356e-01
         1         5        6.628648e-02
         2         5        2.205123e+00
         3         5        1.283401e+00
         4         5       -6.156613e-01
         5         5        5.839253e-01
         6         5        1.228746e+00
         7         5        1.458171e+00
         8         5        5.802975e-01
         9         5       -1.148439e+00
        10         5        1.598620e+00
        11         5       -9.536276e-01
        12         5       -2.866738e-01
        13         5       -5.522231e-01
        14         5       -3.499242e-01
        15         5       -5.531012e-01
        16         5       -5.434768e-01
        17         5       -2.322215e+00
        18         5        4.676553e-02
        19         5       -6.427251e-01
        20         5        1.818431e+00
        21         5       -4.687898e-01
        22         5       -6.007976e-01
        23         5        6.363834e-01
        24         5       -1.412808e-01
        25         5        2.632367e-01
        26         5        4.605668e-01
        27         5       -1.341572e-01
        28         5       -1.397560e+00
        29         5       -1.805572e+00
        30         5        9.427798e-01
        31         5        3.210611e-02
        32         5        1.246335e+00
        33         5       -5.718999e-01
        34         5        1.061580e-01
        35         5       -3.822901e-01
        36         5        7.056224e-02
        37         5        4.565016e-01
        38         5       -1.238684e-01
        39         5        1.539391e+00
        40         5       -1.065677e+00
        41         5        1.849365e-01
        42         5       -1.841097e-01
        43         5        3.388144e-02
        44         5        1.004779e+00
        45         5        9.074652e-01
        46         5        1.242130e+00
        47         5        8.367878e-01
        48         5       -2.006360e+00
        49         5        4.800979e-02
        50         5        5.022218e-01
        51         5       -1.326939e+00
        52         5        1.485499e+00
        53         5        3.447153e-01
        54         5        1.746489e+00
        55         5        1.632551e+00
        56         5        7.154557e-02
        57         5        9.653470e-01
        58         5        7.806047e-01
        59         5        2.344480e+00
        60         5        2.696384e-01
        61         5        5.012857e-01
        62         5        1.337221e-01
        63         5        5.646994e-01
        64         5        1.767097e+00
        65         5        8.590419e-01
        66         5        8.848928e-01
        67         5        1.592667e-01
        68         5       -1.044550e+00
        69         5        1.151633e+00
        70         5        5.090820e-01
        71         5       -1.180714e+00
        72         5       -1.198513e+00
        73         5       -6.613715e-01
        74         5        4.397225e-01
        75         5        7.381569e-01
        76         5        2.298916e-01
        77         5       -9.648657e-01
        78         5       -8.166794e-02
        79         5       -1.362697e+00
        80         5       -1.283065e-01
        81         5       -9.525986e-01
        82         5        1.174762e+00
        83         5        5.935059e-01
        84         5        1.660279e-01
;

param theta:=
    1        3.406764e-01
    2       -5.130879e-01
    3        1.097126e+00
    4        1.548613e+00
    5       -4.823788e-01
;
param X_true:=
    1        1.938424e+00
    2       -1.703975e-01
    3       -3.796324e-01
    4        1.102950e+00
    5       -3.409349e-01
    6        6.381077e-01
    7        2.129262e-01
    8        1.217721e+00
    9        2.241336e-01
   10        8.192990e-01
   11        1.306714e+00
   12        2.255490e+00
   13       -5.958377e-01
   14       -1.359215e+00
   15       -1.519904e+00
   16        1.937004e+00
   17       -3.550458e-01
   18       -3.918524e+00
   19       -7.406470e-01
   20        6.414407e-01
   21        1.554233e+00
   22       -2.896193e+00
   23       -7.081534e-01
   24       -1.179216e+00
   25        8.066993e-01
   26       -5.041725e-01
   27        5.871624e-01
   28        2.499670e+00
   29        3.181178e-01
   30       -9.658135e-01
   31        5.649498e-01
   32        3.418497e-01
   33       -3.404895e-01
   34       -1.340933e+00
   35       -1.996368e+00
   36       -8.180452e-01
   37        1.031780e-01
   38       -9.793987e-01
   39       -2.166524e+00
   40        1.222798e+00
   41        1.330604e+00
   42       -5.509243e+00
   43        2.968088e+00
   44        1.271161e-01
   45       -5.862419e-01
   46       -8.375241e-01
   47       -6.456904e-01
   48       -2.195114e-01
   49       -1.015528e-01
   50       -1.676886e+00
   51       -9.282492e-01
   52       -1.587533e+00
   53       -8.962585e-01
   54       -4.576902e+00
   55        2.869929e+00
   56       -1.561382e+00
   57       -4.382524e-01
   58       -2.006008e+00
   59       -2.601311e-01
   60        5.372374e-01
   61       -1.229987e+00
   62       -6.868118e-01
   63       -3.091599e-01
   64       -1.989452e+00
   65        3.702988e-03
   66        3.836898e+00
   67       -1.416686e+00
   68        6.028449e-01
   69        1.003376e+00
   70       -2.069950e+00
   71       -2.709133e+00
   72        4.591429e-01
   73        9.447649e-01
   74        1.951131e+00
   75        2.605343e+00
   76       -3.372094e+00
   77        2.510533e+00
   78       -1.900822e+00
   79        3.720383e+00
   80        2.018769e-01
   81       -1.978277e+00
   82       -1.485466e+00
   83       -3.766868e-01
   84        1.086927e+00
;
param X:=
    1        1.938424e+00
    2       -1.703975e-01
    3       -3.796324e-01
    4        1.102950e+00
    5        7.004642e-01
    6       -1.169580e-01
    7        2.129262e-01
    8        9.968317e-01
    9        2.241336e-01
   10        8.192990e-01
   11        1.306714e+00
   12        7.922577e-01
   13       -5.958377e-01
   14       -1.359215e+00
   15       -1.657280e+00
   16        1.937004e+00
   17       -3.550458e-01
   18       -3.918524e+00
   19       -7.406470e-01
   20        6.414407e-01
   21        1.554233e+00
   22       -2.896193e+00
   23       -7.081534e-01
   24       -1.179216e+00
   25        8.066993e-01
   26       -7.707917e-01
   27        5.871624e-01
   28        1.245768e+00
   29        1.516212e+00
   30       -9.658135e-01
   31        5.649498e-01
   32        3.418497e-01
   33        5.465374e-01
   34       -1.340933e+00
   35       -8.730055e-01
   36       -9.647711e-01
   37        1.031780e-01
   38       -9.793987e-01
   39       -2.166524e+00
   40        1.222798e+00
   41        1.330604e+00
   42       -5.509243e+00
   43        2.968088e+00
   44        1.271161e-01
   45        6.886902e-01
   46       -8.375241e-01
   47       -6.456904e-01
   48       -2.195114e-01
   49       -1.463747e+00
   50       -2.063407e+00
   51       -9.282492e-01
   52       -1.587533e+00
   53       -6.118215e-02
   54       -4.576902e+00
   55        2.869929e+00
   56       -1.561382e+00
   57        4.004162e-03
   58       -2.006008e+00
   59       -2.601311e-01
   60        5.372374e-01
   61       -1.229987e+00
   62       -1.770781e+00
   63       -3.091599e-01
   64       -1.005756e+00
   65        3.702988e-03
   66        3.836898e+00
   67       -1.416686e+00
   68        6.028449e-01
   69        8.170251e-01
   70       -2.069950e+00
   71       -2.709133e+00
   72        2.813627e-01
   73        9.447649e-01
   74        1.052949e+00
   75        2.605343e+00
   76       -3.372094e+00
   77        2.510533e+00
   78       -1.900822e+00
   79        3.720383e+00
   80       -5.902979e-01
   81       -7.092583e-01
   82       -1.485466e+00
   83       -3.766868e-01
   84        4.462122e-01
;
param outliervec:=
    1    0
    2    0
    3    0
    4    0
    5    1
    6    1
    7    0
    8    1
    9    0
   10    0
   11    0
   12    1
   13    0
   14    0
   15    1
   16    0
   17    0
   18    0
   19    0
   20    0
   21    0
   22    0
   23    0
   24    0
   25    0
   26    1
   27    0
   28    1
   29    1
   30    0
   31    0
   32    0
   33    1
   34    0
   35    1
   36    1
   37    0
   38    0
   39    0
   40    0
   41    0
   42    0
   43    0
   44    0
   45    1
   46    0
   47    0
   48    0
   49    1
   50    1
   51    0
   52    0
   53    1
   54    0
   55    0
   56    0
   57    1
   58    0
   59    0
   60    0
   61    0
   62    1
   63    0
   64    1
   65    0
   66    0
   67    0
   68    0
   69    1
   70    0
   71    0
   72    1
   73    0
   74    1
   75    0
   76    0
   77    0
   78    0
   79    0
   80    1
   81    1
   82    0
   83    0
   84    1
; 
param greedy_time :=         2.295476e-01
;