data;


param FN:= 3;
param D:= 100;
param U_Original:=
         1         1       -1.064564e+00
         2         1        1.150111e+00
         3         1       -5.721128e-01
         4         1       -2.305073e-01
         5         1        7.552935e-01
         6         1       -5.457025e-01
         7         1       -1.269634e+00
         8         1       -2.806469e-01
         9         1        1.170320e+00
        10         1        4.466033e-01
        11         1       -2.520307e-01
        12         1        3.433695e-02
        13         1        8.165743e-01
        14         1       -1.336133e+00
        15         1       -4.237159e-01
        16         1       -1.879489e-01
        17         1        3.252236e-02
        18         1        1.117473e+00
        19         1        9.068249e-01
        20         1       -1.662260e-01
        21         1       -1.633185e-01
        22         1       -4.116712e-01
        23         1       -1.206884e-01
        24         1       -1.332543e-01
        25         1        3.389463e-01
        26         1        1.670077e+00
        27         1       -8.613738e-01
        28         1        2.132799e-02
        29         1        1.404964e-01
        30         1        6.342912e-01
        31         1        9.931900e-01
        32         1        4.952865e-01
        33         1       -1.136283e+00
        34         1       -1.504149e+00
        35         1        9.761209e-01
        36         1       -1.677391e-01
        37         1       -9.038804e-01
        38         1        1.386752e+00
        39         1       -5.755917e-01
        40         1        1.370100e-02
        41         1       -9.988098e-01
        42         1        4.509300e-01
        43         1        2.713916e-01
        44         1        7.590774e-01
        45         1       -5.823741e-01
        46         1       -3.748094e-01
        47         1       -1.334460e+00
        48         1        1.761647e+00
        49         1        7.995232e-01
        50         1       -2.367709e+00
        51         1       -2.160327e+00
        52         1       -8.463223e-01
        53         1       -4.989937e-01
        54         1        7.389368e-01
        55         1       -7.177709e-01
        56         1       -1.377485e+00
        57         1        1.667324e+00
        58         1        2.786916e-01
        59         1       -5.162309e-01
        60         1        1.157664e+00
        61         1       -1.643059e+00
        62         1       -1.435438e+00
        63         1       -1.354721e-01
        64         1        2.287991e+00
        65         1       -7.049558e-01
        66         1       -4.192128e-01
        67         1       -8.411840e-01
        68         1       -6.124105e-02
        69         1       -6.702112e-01
        70         1        5.164139e-01
        71         1       -1.351822e+00
        72         1        3.460578e+00
        73         1       -6.002378e-01
        74         1        1.851613e-01
        75         1       -8.965602e-01
        76         1       -1.270343e+00
        77         1       -1.258959e+00
        78         1       -2.162678e+00
        79         1       -1.449350e+00
        80         1       -2.039650e+00
        81         1       -1.318557e-02
        82         1        5.230990e-01
        83         1       -2.114591e-01
        84         1        5.398355e-01
        85         1        7.636144e-03
        86         1        1.181434e+00
        87         1        2.793910e-01
        88         1        2.323458e-01
        89         1        8.948289e-01
        90         1        1.574199e-01
        91         1        1.695788e+00
        92         1       -5.286298e-01
        93         1       -9.442630e-01
        94         1        6.254094e-01
        95         1        1.019422e+00
        96         1       -6.470479e-01
        97         1       -1.512455e+00
        98         1       -6.474178e-02
        99         1       -2.020113e+00
       100         1       -5.160485e-01
         1         2        1.841236e-01
         2         2       -4.644035e-01
         3         2       -6.151868e-01
         4         2       -1.201574e+00
         5         2       -2.586904e-01
         6         2       -1.442443e+00
         7         2       -9.946010e-01
         8         2       -9.149238e-01
         9         2       -2.463161e-01
        10         2       -2.187758e-01
        11         2       -1.965122e+00
        12         2        9.471481e-01
        13         2        1.710367e+00
        14         2       -1.601406e-02
        15         2        9.944099e-01
        16         2       -6.848254e-01
        17         2        8.110260e-01
        18         2        8.443670e-01
        19         2        6.789812e-01
        20         2       -1.551445e+00
        21         2       -1.179041e+00
        22         2        1.201837e+00
        23         2       -4.602599e-01
        24         2        6.318222e-01
        25         2       -1.107630e+00
        26         2        6.301126e-01
        27         2       -1.142750e+00
        28         2        2.119903e-01
        29         2       -8.284971e-01
        30         2       -6.839762e-01
        31         2       -2.748783e-01
        32         2       -4.911497e-01
        33         2       -1.081082e+00
        34         2       -1.752045e-01
        35         2       -5.817760e-01
        36         2        2.547300e+00
        37         2       -5.294549e-01
        38         2       -7.176479e-01
        39         2       -1.747218e+00
        40         2       -1.472550e-01
        41         2       -1.604740e-01
        42         2        9.422270e-01
        43         2       -3.084027e-01
        44         2       -3.844927e-01
        45         2       -1.144306e+00
        46         2        2.532005e-01
        47         2        1.236282e-01
        48         2        4.809153e-01
        49         2        3.392757e-01
        50         2        2.761587e-02
        51         2        1.209818e+00
        52         2        1.814164e+00
        53         2       -1.997364e-01
        54         2        1.406690e+00
        55         2        1.165608e+00
        56         2        2.883793e-01
        57         2        1.007134e+00
        58         2       -9.653543e-01
        59         2       -3.671457e-01
        60         2        5.976991e-01
        61         2        9.473319e-01
        62         2       -7.480127e-01
        63         2        2.269629e-01
        64         2       -2.645519e-01
        65         2       -1.911150e-01
        66         2       -5.167872e-01
        67         2       -5.175429e-01
        68         2       -7.742343e-01
        69         2        2.538363e+00
        70         2       -7.769928e-01
        71         2        2.385810e+00
        72         2        3.585955e-01
        73         2        9.203163e-01
        74         2        1.017631e+00
        75         2       -1.785488e+00
        76         2        6.700133e-01
        77         2        8.706840e-01
        78         2        1.381775e+00
        79         2       -3.203823e-01
        80         2        1.464812e-01
        81         2       -3.144994e-01
        82         2       -4.048214e-01
        83         2       -4.152578e-01
        84         2        9.747373e-01
        85         2       -1.319136e+00
        86         2        8.244459e-01
        87         2        1.666362e-02
        88         2       -8.946600e-01
        89         2        3.551252e-01
        90         2       -5.583345e-01
        91         2       -5.559770e-02
        92         2       -1.886966e+00
        93         2        2.004281e-01
        94         2       -2.445351e+00
        95         2       -1.320398e+00
        96         2        4.474006e-01
        97         2        2.673443e-01
        98         2        1.450475e-01
        99         2        1.999744e-01
       100         2        2.933898e-02
         1         3        1.026356e-01
         2         3       -3.049106e-01
         3         3       -8.622541e-01
         4         3        1.659645e+00
         5         3       -1.454663e+00
         6         3       -1.487045e+00
         7         3        1.507504e+00
         8         3       -1.507301e+00
         9         3       -2.077832e+00
        10         3       -1.063914e+00
        11         3        2.885687e-01
        12         3       -8.438307e-01
        13         3        1.492810e+00
        14         3       -4.238013e-02
        15         3        4.456566e-01
        16         3        1.559457e+00
        17         3       -2.700549e+00
        18         3       -1.387491e+00
        19         3        7.925678e-02
        20         3       -3.103362e-01
        21         3        1.218860e+00
        22         3       -1.524430e+00
        23         3       -1.056046e+00
        24         3        2.653764e-01
        25         3        1.459715e+00
        26         3       -2.207595e-01
        27         3        1.488067e+00
        28         3        2.980711e-01
        29         3        1.147530e+00
        30         3        1.686211e+00
        31         3        1.464882e+00
        32         3       -5.141710e-01
        33         3        5.147238e-01
        34         3        2.856361e-01
        35         3       -2.605483e-01
        36         3       -1.232602e+00
        37         3       -2.851129e-02
        38         3       -1.949317e+00
        39         3        1.542467e+00
        40         3        1.517667e+00
        41         3        1.418116e+00
        42         3        7.032828e-01
        43         3        8.258518e-01
        44         3        3.330506e-01
        45         3        4.240370e-01
        46         3        3.555187e-01
        47         3       -5.720287e-02
        48         3       -1.155980e+00
        49         3        1.255754e+00
        50         3       -1.201149e+00
        51         3        8.595409e-01
        52         3       -1.307534e-01
        53         3        9.126972e-01
        54         3        1.269784e+00
        55         3       -1.177352e-02
        56         3       -2.020212e-01
        57         3        1.014677e+00
        58         3       -1.928740e+00
        59         3       -9.280909e-01
        60         3        2.936275e+00
        61         3       -5.237218e-01
        62         3        1.305380e+00
        63         3        1.234114e+00
        64         3        1.433031e+00
        65         3       -8.173677e-01
        66         3        9.656848e-01
        67         3        1.849476e+00
        68         3        2.099481e-01
        69         3        2.033311e+00
        70         3       -3.920564e-01
        71         3       -1.304866e+00
        72         3        5.247976e-01
        73         3        1.356495e+00
        74         3        1.263189e+00
        75         3        1.124082e-01
        76         3        1.534627e+00
        77         3        2.150131e-01
        78         3        7.709539e-01
        79         3        1.123421e+00
        80         3        1.381214e-01
        81         3       -1.690569e+00
        82         3       -4.945218e-01
        83         3       -7.841812e-01
        84         3       -1.474184e+00
        85         3        2.291166e-01
        86         3        1.744611e-01
        87         3       -1.174793e+00
        88         3        6.009982e-01
        89         3        3.408671e-01
        90         3        1.772627e-01
        91         3        6.425178e-01
        92         3       -7.871282e-01
        93         3        7.301328e-01
        94         3        2.291862e-01
        95         3        3.009827e-01
        96         3       -8.296826e-01
        97         3       -7.081715e-01
        98         3        3.739268e-01
        99         3        7.480768e-01
       100         3        7.140011e-01
         1         4        6.005979e-01
         2         4        1.097922e+00
         3         4        7.537840e-01
         4         4        2.746713e-01
         5         4       -8.577630e-01
         6         4        1.074170e-01
         7         4        1.351204e+00
         8         4        7.169060e-01
         9         4       -1.963692e+00
        10         4        1.497462e+00
        11         4        1.471426e-01
        12         4       -6.316032e-01
        13         4       -9.066792e-01
        14         4       -4.737891e-01
        15         4        9.939092e-01
        16         4       -1.231904e+00
        17         4        1.033014e-01
        18         4        4.246271e-01
        19         4       -1.882778e-01
        20         4        4.825279e-01
        21         4        1.386711e+00
        22         4        1.016607e-01
        23         4       -8.429649e-01
        24         4       -1.214971e-01
        25         4       -4.712683e-01
        26         4        1.060025e+00
        27         4        1.056614e-01
        28         4       -1.091984e+00
        29         4        7.768244e-01
        30         4        1.942681e-01
        31         4        4.007356e-01
        32         4        9.422431e-01
        33         4       -2.119431e-01
        34         4        6.107714e-01
        35         4       -2.510401e-01
        36         4        1.725587e-01
        37         4       -1.134750e+00
        38         4       -1.696771e-01
        39         4        1.839535e+00
        40         4        2.466475e-01
        41         4        6.199390e-01
        42         4        3.678342e-01
        43         4        9.632201e-01
        44         4        8.744424e-02
        45         4       -5.636016e-01
        46         4       -5.030567e-01
        47         4        5.844192e-01
        48         4        2.439470e-01
        49         4       -7.793544e-01
        50         4       -7.071295e-01
        51         4        2.151704e-01
        52         4        4.310841e-01
        53         4       -1.361460e+00
        54         4       -8.952585e-01
        55         4        8.764138e-01
        56         4       -4.525087e-01
        57         4        1.463568e+00
        58         4        4.183962e-01
        59         4        1.813913e+00
        60         4       -1.563461e+00
        61         4       -9.932697e-01
        62         4        5.136313e-01
        63         4        1.086026e+00
        64         4        2.245611e-01
        65         4        1.107469e+00
        66         4        2.189265e+00
        67         4       -1.178683e-01
        68         4       -3.730521e-01
        69         4       -7.017670e-01
        70         4        3.320925e-01
        71         4        2.993060e-01
        72         4       -1.264798e-01
        73         4       -1.558151e+00
        74         4       -2.311204e-01
        75         4       -3.487389e-01
        76         4       -7.729576e-01
        77         4        1.650555e+00
        78         4       -1.045312e+00
        79         4        2.555671e-01
        80         4        1.338866e+00
        81         4        2.414671e+00
        82         4        2.509407e-02
        83         4        1.154394e+00
        84         4        8.246755e-01
        85         4       -1.779964e-01
        86         4       -6.491554e-01
        87         4       -3.255393e-01
        88         4        2.363637e-01
        89         4       -4.138299e-01
        90         4        1.003426e+00
        91         4       -1.502226e+00
        92         4       -1.192756e-01
        93         4        3.802516e-01
        94         4       -8.374968e-01
        95         4        5.800887e-01
        96         4        2.111932e-01
        97         4       -7.766907e-02
        98         4       -2.934746e-01
        99         4       -7.085304e-01
       100         4       -9.444656e-01
         1         5       -3.904456e-01
         2         5       -8.367741e-01
         3         5        5.881825e-01
         4         5       -1.642916e+00
         5         5        5.405968e-01
         6         5        2.020037e-01
         7         5        6.792065e-01
         8         5       -3.731470e-01
         9         5       -9.457328e-01
        10         5       -5.131890e-01
        11         5       -5.216857e-01
        12         5        5.804493e-01
        13         5       -1.560499e+00
        14         5        7.384839e-01
        15         5       -1.131160e-01
        16         5        1.456605e-01
        17         5        3.470343e-01
        18         5        7.328008e-01
        19         5       -2.011926e-01
        20         5        2.465104e-01
        21         5        4.717827e-01
        22         5        1.146841e-01
        23         5       -2.207042e+00
        24         5        5.153463e-01
        25         5        1.397897e+00
        26         5       -3.029012e-02
        27         5       -1.141494e+00
        28         5       -9.994409e-01
        29         5        4.242523e-01
        30         5        3.634543e-01
        31         5        8.504103e-01
        32         5       -8.711633e-01
        33         5       -7.987477e-01
        34         5        1.061689e-01
        35         5       -4.590105e-01
        36         5       -1.051058e+00
        37         5       -1.357956e-02
        38         5        2.312869e+00
        39         5        1.494329e+00
        40         5        4.714050e-01
        41         5        3.827648e-02
        42         5        6.038571e-01
        43         5        8.273623e-01
        44         5        8.108734e-01
        45         5        1.578612e-01
        46         5        5.053761e-01
        47         5        6.994808e-01
        48         5        1.683418e+00
        49         5        1.173662e+00
        50         5        1.683118e-01
        51         5       -1.106230e+00
        52         5        3.047655e-01
        53         5       -8.401622e-01
        54         5        6.882769e-01
        55         5       -8.430262e-02
        56         5        2.996130e-01
        57         5       -3.426701e-01
        58         5        7.733094e-01
        59         5        6.961291e-01
        60         5       -1.733223e+00
        61         5        1.365939e+00
        62         5       -2.071916e+00
        63         5        9.148616e-01
        64         5        3.133768e-01
        65         5       -7.243460e-01
        66         5        1.688234e+00
        67         5       -9.913230e-01
        68         5       -2.609670e-02
        69         5       -7.025004e-01
        70         5       -7.192546e-01
        71         5       -4.071352e-01
        72         5        5.022641e-01
        73         5       -2.622431e-01
        74         5       -3.358621e-01
        75         5       -7.143265e-01
        76         5       -6.260149e-01
        77         5        6.689438e-02
        78         5       -6.412289e-02
        79         5        8.336059e-01
        80         5        1.206722e+00
        81         5        3.857542e-01
        82         5       -1.123628e+00
        83         5       -5.123575e-01
        84         5       -5.553007e-02
        85         5       -2.010153e+00
        86         5       -2.151652e+00
        87         5        2.531869e+00
        88         5       -1.530495e+00
        89         5       -9.089809e-01
        90         5        3.540885e-02
        91         5        7.991378e-01
        92         5        1.638994e+00
        93         5       -7.653168e-01
        94         5        5.565073e-01
        95         5        8.738901e-02
        96         5       -7.020046e-01
        97         5        5.789510e-01
        98         5       -2.221844e+00
        99         5        1.302529e+00
       100         5        2.749273e-01
;
param X_Original:=
    1        2.221464e-01
    2       -4.485141e-01
    3       -1.355148e+00
    4        3.526493e+00
    5       -4.208776e-01
    6       -9.182004e-01
    7       -1.707902e+00
    8        3.711142e-01
    9       -1.195616e+00
   10       -1.190511e+00
   11        6.946830e-01
   12        1.171632e-01
   13       -1.575544e-01
   14       -9.817257e-01
   15        1.558891e+00
   16        1.740242e+00
   17        1.321440e-02
   18       -2.899620e-03
   19        1.008123e+00
   20        5.487206e-01
   21        1.863285e-01
   22       -2.602914e-01
   23        3.926020e-01
   24        1.305474e+00
   25        1.120622e+00
   26        1.152650e+00
   27        6.547748e-01
   28       -8.787376e-01
   29        2.920401e-01
   30        3.720040e-01
   31       -2.532789e+00
   32        1.238275e+00
   33        1.854403e+00
   34        3.533353e-01
   35        7.589378e-01
   36        2.750970e-01
   37       -1.567577e+00
   38       -1.444850e+00
   39        1.979811e-01
   40       -2.560360e-01
   41       -1.662649e+00
   42        8.392632e-01
   43        1.368632e+00
   44        2.029204e+00
   45       -1.167143e+00
   46       -1.388374e-01
   47        1.332632e+00
   48        4.322859e-01
   49       -2.274758e-01
   50        8.417427e-01
   51       -1.672848e+00
   52        6.248107e-01
   53        1.536023e-01
   54        9.640439e-01
   55       -4.203489e-01
   56        1.174451e+00
   57        6.420468e-01
   58        1.504739e-01
   59       -4.165435e-01
   60       -4.127415e-02
   61       -1.034110e+00
   62        1.314622e-01
   63        8.053632e-02
   64        2.355601e-01
   65       -7.461659e-02
   66       -1.822278e+00
   67        1.529302e+00
   68       -6.599946e-01
   69        1.444624e+00
   70       -1.843273e-01
   71        4.737765e-01
   72        4.408380e-01
   73        1.816880e+00
   74       -1.288914e+00
   75        1.821879e+00
   76       -8.344627e-01
   77       -6.301543e-01
   78        1.433238e+00
   79        9.758452e-01
   80        3.612021e-01
   81       -1.472481e+00
   82        4.504842e-01
   83       -4.148917e-01
   84       -1.532699e-02
   85       -2.043434e-01
   86       -9.700096e-01
   87       -2.953347e-01
   88        2.200102e+00
   89       -9.031321e-01
   90        7.981859e-02
   91       -7.347142e-01
   92        1.598578e-01
   93        2.410537e-01
   94        6.236335e-01
   95        2.604203e+00
   96       -8.906154e-01
   97        4.926129e-01
   98       -5.648960e-01
   99        8.460310e-01
  100       -9.109617e-01
;
param outliervec_original :=
    1    1
    2    1
    3    1
    4    0
    5    1
    6    1
    7    1
    8    1
    9    1
   10    1
   11    0
   12    1
   13    1
   14    1
   15    1
   16    1
   17    1
   18    1
   19    1
   20    1
   21    1
   22    1
   23    1
   24    1
   25    1
   26    1
   27    1
   28    1
   29    0
   30    0
   31    1
   32    1
   33    1
   34    1
   35    1
   36    1
   37    1
   38    1
   39    1
   40    1
   41    1
   42    1
   43    1
   44    1
   45    1
   46    0
   47    1
   48    1
   49    1
   50    1
   51    1
   52    0
   53    1
   54    1
   55    1
   56    1
   57    0
   58    1
   59    1
   60    1
   61    0
   62    1
   63    1
   64    1
   65    1
   66    1
   67    1
   68    1
   69    1
   70    1
   71    1
   72    1
   73    1
   74    1
   75    1
   76    1
   77    1
   78    1
   79    1
   80    0
   81    0
   82    1
   83    1
   84    1
   85    1
   86    1
   87    1
   88    0
   89    1
   90    0
   91    1
   92    1
   93    1
   94    1
   95    1
   96    1
   97    1
   98    1
   99    1
  100    1
;
param d:= 64;
param r:=5;
param p:=0.880000;
param M:=1000;
param U:=
         1         1       -1.064564e+00
         2         1        1.150111e+00
         3         1       -5.721128e-01
         4         1       -2.305073e-01
         5         1        7.552935e-01
         6         1       -5.457025e-01
         7         1        1.170320e+00
         8         1        4.466033e-01
         9         1       -2.520307e-01
        10         1        3.433695e-02
        11         1        8.165743e-01
        12         1       -1.879489e-01
        13         1       -1.662260e-01
        14         1       -1.633185e-01
        15         1       -4.116712e-01
        16         1       -1.206884e-01
        17         1       -1.332543e-01
        18         1        3.389463e-01
        19         1       -8.613738e-01
        20         1        1.404964e-01
        21         1        6.342912e-01
        22         1       -1.136283e+00
        23         1       -1.504149e+00
        24         1        1.386752e+00
        25         1        4.509300e-01
        26         1        2.713916e-01
        27         1       -3.748094e-01
        28         1       -1.334460e+00
        29         1        7.995232e-01
        30         1       -8.463223e-01
        31         1       -4.989937e-01
        32         1        7.389368e-01
        33         1       -7.177709e-01
        34         1       -1.377485e+00
        35         1       -5.162309e-01
        36         1       -1.354721e-01
        37         1        2.287991e+00
        38         1       -7.049558e-01
        39         1       -8.411840e-01
        40         1       -6.124105e-02
        41         1       -6.702112e-01
        42         1        5.164139e-01
        43         1       -6.002378e-01
        44         1       -8.965602e-01
        45         1       -1.258959e+00
        46         1       -2.162678e+00
        47         1       -1.449350e+00
        48         1       -2.039650e+00
        49         1       -1.318557e-02
        50         1        5.230990e-01
        51         1       -2.114591e-01
        52         1        7.636144e-03
        53         1        1.181434e+00
        54         1        2.793910e-01
        55         1        8.948289e-01
        56         1        1.574199e-01
        57         1        1.695788e+00
        58         1       -5.286298e-01
        59         1       -9.442630e-01
        60         1        6.254094e-01
        61         1       -6.470479e-01
        62         1       -1.512455e+00
        63         1       -6.474178e-02
        64         1       -2.020113e+00
         1         2        1.841236e-01
         2         2       -4.644035e-01
         3         2       -6.151868e-01
         4         2       -1.201574e+00
         5         2       -2.586904e-01
         6         2       -1.442443e+00
         7         2       -2.463161e-01
         8         2       -2.187758e-01
         9         2       -1.965122e+00
        10         2        9.471481e-01
        11         2        1.710367e+00
        12         2       -6.848254e-01
        13         2       -1.551445e+00
        14         2       -1.179041e+00
        15         2        1.201837e+00
        16         2       -4.602599e-01
        17         2        6.318222e-01
        18         2       -1.107630e+00
        19         2       -1.142750e+00
        20         2       -8.284971e-01
        21         2       -6.839762e-01
        22         2       -1.081082e+00
        23         2       -1.752045e-01
        24         2       -7.176479e-01
        25         2        9.422270e-01
        26         2       -3.084027e-01
        27         2        2.532005e-01
        28         2        1.236282e-01
        29         2        3.392757e-01
        30         2        1.814164e+00
        31         2       -1.997364e-01
        32         2        1.406690e+00
        33         2        1.165608e+00
        34         2        2.883793e-01
        35         2       -3.671457e-01
        36         2        2.269629e-01
        37         2       -2.645519e-01
        38         2       -1.911150e-01
        39         2       -5.175429e-01
        40         2       -7.742343e-01
        41         2        2.538363e+00
        42         2       -7.769928e-01
        43         2        9.203163e-01
        44         2       -1.785488e+00
        45         2        8.706840e-01
        46         2        1.381775e+00
        47         2       -3.203823e-01
        48         2        1.464812e-01
        49         2       -3.144994e-01
        50         2       -4.048214e-01
        51         2       -4.152578e-01
        52         2       -1.319136e+00
        53         2        8.244459e-01
        54         2        1.666362e-02
        55         2        3.551252e-01
        56         2       -5.583345e-01
        57         2       -5.559770e-02
        58         2       -1.886966e+00
        59         2        2.004281e-01
        60         2       -2.445351e+00
        61         2        4.474006e-01
        62         2        2.673443e-01
        63         2        1.450475e-01
        64         2        1.999744e-01
         1         3        1.026356e-01
         2         3       -3.049106e-01
         3         3       -8.622541e-01
         4         3        1.659645e+00
         5         3       -1.454663e+00
         6         3       -1.487045e+00
         7         3       -2.077832e+00
         8         3       -1.063914e+00
         9         3        2.885687e-01
        10         3       -8.438307e-01
        11         3        1.492810e+00
        12         3        1.559457e+00
        13         3       -3.103362e-01
        14         3        1.218860e+00
        15         3       -1.524430e+00
        16         3       -1.056046e+00
        17         3        2.653764e-01
        18         3        1.459715e+00
        19         3        1.488067e+00
        20         3        1.147530e+00
        21         3        1.686211e+00
        22         3        5.147238e-01
        23         3        2.856361e-01
        24         3       -1.949317e+00
        25         3        7.032828e-01
        26         3        8.258518e-01
        27         3        3.555187e-01
        28         3       -5.720287e-02
        29         3        1.255754e+00
        30         3       -1.307534e-01
        31         3        9.126972e-01
        32         3        1.269784e+00
        33         3       -1.177352e-02
        34         3       -2.020212e-01
        35         3       -9.280909e-01
        36         3        1.234114e+00
        37         3        1.433031e+00
        38         3       -8.173677e-01
        39         3        1.849476e+00
        40         3        2.099481e-01
        41         3        2.033311e+00
        42         3       -3.920564e-01
        43         3        1.356495e+00
        44         3        1.124082e-01
        45         3        2.150131e-01
        46         3        7.709539e-01
        47         3        1.123421e+00
        48         3        1.381214e-01
        49         3       -1.690569e+00
        50         3       -4.945218e-01
        51         3       -7.841812e-01
        52         3        2.291166e-01
        53         3        1.744611e-01
        54         3       -1.174793e+00
        55         3        3.408671e-01
        56         3        1.772627e-01
        57         3        6.425178e-01
        58         3       -7.871282e-01
        59         3        7.301328e-01
        60         3        2.291862e-01
        61         3       -8.296826e-01
        62         3       -7.081715e-01
        63         3        3.739268e-01
        64         3        7.480768e-01
         1         4        6.005979e-01
         2         4        1.097922e+00
         3         4        7.537840e-01
         4         4        2.746713e-01
         5         4       -8.577630e-01
         6         4        1.074170e-01
         7         4       -1.963692e+00
         8         4        1.497462e+00
         9         4        1.471426e-01
        10         4       -6.316032e-01
        11         4       -9.066792e-01
        12         4       -1.231904e+00
        13         4        4.825279e-01
        14         4        1.386711e+00
        15         4        1.016607e-01
        16         4       -8.429649e-01
        17         4       -1.214971e-01
        18         4       -4.712683e-01
        19         4        1.056614e-01
        20         4        7.768244e-01
        21         4        1.942681e-01
        22         4       -2.119431e-01
        23         4        6.107714e-01
        24         4       -1.696771e-01
        25         4        3.678342e-01
        26         4        9.632201e-01
        27         4       -5.030567e-01
        28         4        5.844192e-01
        29         4       -7.793544e-01
        30         4        4.310841e-01
        31         4       -1.361460e+00
        32         4       -8.952585e-01
        33         4        8.764138e-01
        34         4       -4.525087e-01
        35         4        1.813913e+00
        36         4        1.086026e+00
        37         4        2.245611e-01
        38         4        1.107469e+00
        39         4       -1.178683e-01
        40         4       -3.730521e-01
        41         4       -7.017670e-01
        42         4        3.320925e-01
        43         4       -1.558151e+00
        44         4       -3.487389e-01
        45         4        1.650555e+00
        46         4       -1.045312e+00
        47         4        2.555671e-01
        48         4        1.338866e+00
        49         4        2.414671e+00
        50         4        2.509407e-02
        51         4        1.154394e+00
        52         4       -1.779964e-01
        53         4       -6.491554e-01
        54         4       -3.255393e-01
        55         4       -4.138299e-01
        56         4        1.003426e+00
        57         4       -1.502226e+00
        58         4       -1.192756e-01
        59         4        3.802516e-01
        60         4       -8.374968e-01
        61         4        2.111932e-01
        62         4       -7.766907e-02
        63         4       -2.934746e-01
        64         4       -7.085304e-01
         1         5       -3.904456e-01
         2         5       -8.367741e-01
         3         5        5.881825e-01
         4         5       -1.642916e+00
         5         5        5.405968e-01
         6         5        2.020037e-01
         7         5       -9.457328e-01
         8         5       -5.131890e-01
         9         5       -5.216857e-01
        10         5        5.804493e-01
        11         5       -1.560499e+00
        12         5        1.456605e-01
        13         5        2.465104e-01
        14         5        4.717827e-01
        15         5        1.146841e-01
        16         5       -2.207042e+00
        17         5        5.153463e-01
        18         5        1.397897e+00
        19         5       -1.141494e+00
        20         5        4.242523e-01
        21         5        3.634543e-01
        22         5       -7.987477e-01
        23         5        1.061689e-01
        24         5        2.312869e+00
        25         5        6.038571e-01
        26         5        8.273623e-01
        27         5        5.053761e-01
        28         5        6.994808e-01
        29         5        1.173662e+00
        30         5        3.047655e-01
        31         5       -8.401622e-01
        32         5        6.882769e-01
        33         5       -8.430262e-02
        34         5        2.996130e-01
        35         5        6.961291e-01
        36         5        9.148616e-01
        37         5        3.133768e-01
        38         5       -7.243460e-01
        39         5       -9.913230e-01
        40         5       -2.609670e-02
        41         5       -7.025004e-01
        42         5       -7.192546e-01
        43         5       -2.622431e-01
        44         5       -7.143265e-01
        45         5        6.689438e-02
        46         5       -6.412289e-02
        47         5        8.336059e-01
        48         5        1.206722e+00
        49         5        3.857542e-01
        50         5       -1.123628e+00
        51         5       -5.123575e-01
        52         5       -2.010153e+00
        53         5       -2.151652e+00
        54         5        2.531869e+00
        55         5       -9.089809e-01
        56         5        3.540885e-02
        57         5        7.991378e-01
        58         5        1.638994e+00
        59         5       -7.653168e-01
        60         5        5.565073e-01
        61         5       -7.020046e-01
        62         5        5.789510e-01
        63         5       -2.221844e+00
        64         5        1.302529e+00
;

param theta:=
    1       -7.366528e-01
    2        2.308048e-01
    3        8.495951e-01
    4        2.210235e-01
    5       -1.315981e+00
;
param X_true:=
    1        1.563815e+00
    2        1.295282e-01
    3       -1.059597e+00
    4        3.526493e+00
    5       -2.752073e+00
    6       -1.438242e+00
    7       -1.874880e+00
    8       -2.764734e-01
    9        6.946830e-01
   10       -1.429268e+00
   11        2.913504e+00
   12        8.409893e-01
   13       -7.173509e-01
   14        5.681422e-01
   15       -8.434950e-01
   16        1.804718e+00
   17       -2.352904e-01
   18       -1.209908e+00
   19        3.160531e+00
   20        2.920401e-01
   21        3.720040e-01
   22        2.028495e+00
   23        1.305997e+00
   24       -5.923627e+00
   25       -2.313715e-01
   26       -4.455286e-01
   27       -1.388374e-01
   28        1.731080e-01
   29       -1.161034e+00
   30        6.248107e-01
   31        1.902436e+00
   32       -2.434192e-01
   33        1.094145e+00
   34        4.155458e-01
   35       -1.009195e+00
   36        2.368133e-01
   37       -8.928437e-01
   38        9.783979e-01
   39        3.349896e+00
   40       -1.566354e-03
   41        3.576609e+00
   42        1.256975e-01
   43        1.808112e+00
   44        1.206562e+00
   45        1.586954e+00
   46        2.421022e+00
   47        9.077009e-01
   48        3.612021e-01
   49       -1.472481e+00
   50        5.842538e-01
   51        3.236561e-01
   52        2.491220e+00
   53        2.155712e+00
   54       -4.602444e+00
   55        8.172952e-01
   56        7.981859e-02
   57       -2.099488e+00
   58       -2.898342e+00
   59        2.455774e+00
   60       -1.747410e+00
   61        8.447629e-01
   62       -2.039673e-01
   63        3.259456e+00
   64        2.996565e-01
;
param X:=
    1        2.221464e-01
    2       -4.485141e-01
    3       -1.355148e+00
    4        3.526493e+00
    5       -4.208776e-01
    6       -9.182004e-01
    7       -1.195616e+00
    8       -1.190511e+00
    9        6.946830e-01
   10        1.171632e-01
   11       -1.575544e-01
   12        1.740242e+00
   13        5.487206e-01
   14        1.863285e-01
   15       -2.602914e-01
   16        3.926020e-01
   17        1.305474e+00
   18        1.120622e+00
   19        6.547748e-01
   20        2.920401e-01
   21        3.720040e-01
   22        1.854403e+00
   23        3.533353e-01
   24       -1.444850e+00
   25        8.392632e-01
   26        1.368632e+00
   27       -1.388374e-01
   28        1.332632e+00
   29       -2.274758e-01
   30        6.248107e-01
   31        1.536023e-01
   32        9.640439e-01
   33       -4.203489e-01
   34        1.174451e+00
   35       -4.165435e-01
   36        8.053632e-02
   37        2.355601e-01
   38       -7.461659e-02
   39        1.529302e+00
   40       -6.599946e-01
   41        1.444624e+00
   42       -1.843273e-01
   43        1.816880e+00
   44        1.821879e+00
   45       -6.301543e-01
   46        1.433238e+00
   47        9.758452e-01
   48        3.612021e-01
   49       -1.472481e+00
   50        4.504842e-01
   51       -4.148917e-01
   52       -2.043434e-01
   53       -9.700096e-01
   54       -2.953347e-01
   55       -9.031321e-01
   56        7.981859e-02
   57       -7.347142e-01
   58        1.598578e-01
   59        2.410537e-01
   60        6.236335e-01
   61       -8.906154e-01
   62        4.926129e-01
   63       -5.648960e-01
   64        8.460310e-01
;
param outliervec:=
    1    1
    2    1
    3    1
    4    0
    5    1
    6    1
    7    1
    8    1
    9    0
   10    1
   11    1
   12    1
   13    1
   14    1
   15    1
   16    1
   17    1
   18    1
   19    1
   20    0
   21    0
   22    1
   23    1
   24    1
   25    1
   26    1
   27    0
   28    1
   29    1
   30    0
   31    1
   32    1
   33    1
   34    1
   35    1
   36    1
   37    1
   38    1
   39    1
   40    1
   41    1
   42    1
   43    1
   44    1
   45    1
   46    1
   47    1
   48    0
   49    0
   50    1
   51    1
   52    1
   53    1
   54    1
   55    1
   56    0
   57    1
   58    1
   59    1
   60    1
   61    1
   62    1
   63    1
   64    1
; 
param greedy_time :=         4.987057e-01
;