data;


param FN:= 0;
param D:= 100;
param U_Original:=
         1         1        3.448682e-01
         2         1        1.889267e+00
         3         1        1.297927e+00
         4         1        1.218390e+00
         5         1       -1.609450e-01
         6         1        1.053374e+00
         7         1       -3.522826e-01
         8         1       -1.352461e+00
         9         1        6.172743e-01
        10         1        4.326122e-01
        11         1       -8.480984e-01
        12         1       -2.771982e-01
        13         1       -1.626980e-01
        14         1       -1.395753e+00
        15         1        6.497779e-01
        16         1        3.019187e-01
        17         1        1.803824e-03
        18         1        1.739852e+00
        19         1       -1.868078e-01
        20         1        4.909253e-01
        21         1        1.310171e-01
        22         1       -1.764135e+00
        23         1       -1.117737e+00
        24         1        4.647321e-01
        25         1        2.813201e+00
        26         1        1.135541e-01
        27         1       -4.585504e-01
        28         1       -2.906247e+00
        29         1       -1.108933e+00
        30         1       -1.809994e+00
        31         1        1.691071e-02
        32         1       -2.611208e-01
        33         1        1.767706e-01
        34         1       -1.252473e+00
        35         1        3.185227e-01
        36         1       -1.356118e+00
        37         1       -4.991958e-02
        38         1        2.510633e+00
        39         1        7.307592e-01
        40         1        1.604406e+00
        41         1        1.336938e+00
        42         1       -7.917677e-01
        43         1       -3.019254e-01
        44         1       -9.309942e-01
        45         1       -1.619955e-01
        46         1        1.813593e+00
        47         1        4.723410e-01
        48         1        3.137093e-01
        49         1       -4.348968e-02
        50         1       -1.510699e+00
        51         1        8.194571e-01
        52         1       -1.007781e+00
        53         1        2.968617e-01
        54         1        5.738869e-01
        55         1        7.574018e-01
        56         1       -1.243911e+00
        57         1       -6.466397e-01
        58         1        4.262436e-01
        59         1        6.297742e-01
        60         1        8.355119e-01
        61         1       -8.143373e-01
        62         1       -1.195565e-01
        63         1        1.567982e-01
        64         1        5.851107e-01
        65         1       -1.038888e+00
        66         1        1.573879e+00
        67         1       -3.117844e-01
        68         1       -5.935630e-01
        69         1        1.572166e+00
        70         1        3.864919e-01
        71         1       -1.069422e+00
        72         1       -8.349517e-01
        73         1        3.611076e-01
        74         1        9.219169e-01
        75         1        6.296367e-02
        76         1        5.845620e-01
        77         1       -4.574952e-02
        78         1        4.593430e-02
        79         1       -2.488735e-01
        80         1        1.072397e+00
        81         1        1.025589e+00
        82         1        2.897357e-01
        83         1       -5.024609e-02
        84         1       -2.652132e+00
        85         1        1.293421e+00
        86         1       -1.904073e+00
        87         1       -4.148491e-01
        88         1       -6.221663e-01
        89         1        4.002297e-02
        90         1        1.867331e-01
        91         1        6.667978e-01
        92         1       -1.742176e+00
        93         1       -5.596923e-01
        94         1       -3.125083e-01
        95         1        7.616643e-01
        96         1        3.613751e-01
        97         1       -1.043239e+00
        98         1        1.287468e-01
        99         1       -3.189986e-01
       100         1       -1.406354e-01
         1         2        1.126481e+00
         2         2       -8.799567e-02
         3         2        5.276861e-01
         4         2       -1.240631e-01
         5         2        1.422160e+00
         6         2        9.307444e-01
         7         2       -2.024694e-01
         8         2        9.541645e-02
         9         2        1.072594e+00
        10         2       -1.216691e+00
        11         2        4.501322e-01
        12         2        3.847002e-01
        13         2        7.181758e-01
        14         2        8.358873e-01
        15         2        4.611190e-01
        16         2       -1.166585e+00
        17         2        5.328881e-01
        18         2       -6.585236e-01
        19         2       -9.128308e-01
        20         2       -5.867970e-01
        21         2       -6.989314e-02
        22         2        6.072166e-01
        23         2       -2.592725e-01
        24         2        4.832060e-01
        25         2        1.799352e+00
        26         2        1.672633e-01
        27         2        1.803736e+00
        28         2       -1.018229e+00
        29         2       -1.718881e-01
        30         2        1.055484e+00
        31         2        4.550162e-01
        32         2        8.890711e-01
        33         2       -6.566869e-01
        34         2        7.157105e-01
        35         2        2.721139e+00
        36         2       -3.185253e-01
        37         2       -1.190279e-01
        38         2       -1.154914e+00
        39         2       -1.218965e+00
        40         2       -7.034313e-01
        41         2        6.182816e-01
        42         2       -2.068135e+00
        43         2        2.455083e-01
        44         2       -1.336742e-01
        45         2       -2.783464e-01
        46         2       -1.357174e+00
        47         2       -1.823878e+00
        48         2        1.916475e+00
        49         2       -1.448072e+00
        50         2       -1.553525e-01
        51         2        2.290363e-01
        52         2        1.824885e+00
        53         2       -1.137363e+00
        54         2       -7.591455e-02
        55         2       -4.523275e-01
        56         2        5.350925e-01
        57         2        4.006881e-01
        58         2       -6.878505e-01
        59         2       -7.934800e-01
        60         2       -1.077292e+00
        61         2       -1.037718e+00
        62         2        1.301370e+00
        63         2       -4.340657e-02
        64         2        5.381908e-01
        65         2        2.666833e+00
        66         2       -1.159938e-01
        67         2        1.486552e+00
        68         2       -6.978174e-01
        69         2       -7.294511e-01
        70         2       -4.313794e-01
        71         2       -9.815121e-01
        72         2       -5.783485e-01
        73         2       -4.389687e-01
        74         2        2.294658e-02
        75         2       -6.436096e-01
        76         2        1.194633e+00
        77         2        1.239831e+00
        78         2       -5.993758e-01
        79         2       -2.375469e-01
        80         2       -9.661644e-01
        81         2       -9.784830e-01
        82         2        7.987965e-01
        83         2        1.560681e-01
        84         2        1.579100e+00
        85         2        7.089065e-01
        86         2       -7.923679e-01
        87         2       -4.048483e-01
        88         2       -5.192546e-01
        89         2       -8.592225e-01
        90         2       -1.268541e+00
        91         2        5.098265e-01
        92         2       -2.224301e-02
        93         2        4.278640e-01
        94         2        9.835163e-01
        95         2       -4.206238e-01
        96         2       -1.777897e+00
        97         2        8.019882e-01
        98         2        9.447800e-01
        99         2       -1.861988e-01
       100         2       -1.696314e+00
         1         3        7.242966e-01
         2         3        7.394343e-01
         3         3        2.262548e-02
         4         3        2.755258e-01
         5         3       -3.743119e-01
         6         3       -5.364180e-01
         7         3        2.196969e+00
         8         3       -1.015157e+00
         9         3       -4.996766e-01
        10         3       -9.059906e-01
        11         3        1.891182e-01
        12         3       -1.158734e+00
        13         3       -8.139274e-01
        14         3        1.242058e+00
        15         3        1.055046e-01
        16         3        6.782193e-02
        17         3       -3.774172e-01
        18         3        3.050137e-01
        19         3        1.220055e+00
        20         3        6.372641e-01
        21         3        3.525804e-02
        22         3        1.563681e-01
        23         3        1.327570e-01
        24         3        1.415719e-01
        25         3       -3.223323e-01
        26         3       -3.572553e-01
        27         3        3.437292e-01
        28         3        3.290709e-01
        29         3       -1.190739e+00
        30         3        1.468319e+00
        31         3       -7.219870e-01
        32         3        4.776772e-01
        33         3        4.892386e-01
        34         3        6.268375e-01
        35         3       -1.737031e+00
        36         3       -1.049076e+00
        37         3       -5.246273e-01
        38         3       -2.957396e-01
        39         3        1.062275e+00
        40         3        6.236851e-01
        41         3       -2.129397e+00
        42         3        9.614392e-01
        43         3        3.320829e-01
        44         3        8.676913e-01
        45         3       -2.166332e-01
        46         3        5.367226e-01
        47         3       -2.358577e+00
        48         3        6.989166e-02
        49         3        3.363216e-01
        50         3       -1.266999e+00
        51         3       -1.862783e-01
        52         3        2.411440e-01
        53         3        6.849493e-02
        54         3        8.544708e-01
        55         3       -1.085827e+00
        56         3        1.172370e-02
        57         3       -5.363664e-01
        58         3        3.724078e-01
        59         3       -1.769805e+00
        60         3        2.182870e-02
        61         3        5.153867e-01
        62         3        2.460757e-02
        63         3       -9.903976e-01
        64         3        1.283567e-01
        65         3        3.113326e-01
        66         3        8.068647e-01
        67         3        1.582297e-01
        68         3        3.499355e-01
        69         3        1.631887e+00
        70         3        1.123599e+00
        71         3       -7.246874e-01
        72         3        1.765847e+00
        73         3        6.306394e-01
        74         3        1.079103e+00
        75         3       -1.259431e+00
        76         3       -4.976515e-01
        77         3       -6.116228e-01
        78         3       -1.827814e-01
        79         3        5.997893e-02
        80         3        4.203985e-01
        81         3       -2.099944e-01
        82         3       -7.812818e-02
        83         3       -9.812424e-01
        84         3        6.711731e-01
        85         3       -1.357711e+00
        86         3        1.449888e+00
        87         3       -1.019960e+00
        88         3       -6.626264e-01
        89         3        2.769996e+00
        90         3       -5.344438e-01
        91         3       -9.810144e-01
        92         3       -1.252022e+00
        93         3       -8.527049e-01
        94         3        7.142988e-01
        95         3        1.998712e+00
        96         3       -9.254110e-03
        97         3        2.701957e-01
        98         3       -1.041265e+00
        99         3        2.700384e+00
       100         3        4.695149e-01
         1         4        1.002806e-01
         2         4       -2.914620e-01
         3         4       -2.373370e+00
         4         4        1.263305e-01
         5         4       -6.334669e-01
         6         4        2.152948e+00
         7         4       -7.759880e-01
         8         4        7.863954e-01
         9         4       -5.579402e-01
        10         4        1.635964e+00
        11         4       -1.674046e-01
        12         4        1.391220e+00
        13         4        7.622274e-01
        14         4        5.080055e-02
        15         4        2.629699e-01
        16         4       -1.801844e+00
        17         4        2.367770e-01
        18         4        1.288747e+00
        19         4       -3.994932e-01
        20         4       -1.953408e-01
        21         4        1.053983e+00
        22         4       -8.682597e-02
        23         4       -1.217009e+00
        24         4       -1.351821e-01
        25         4        1.847097e+00
        26         4        1.058899e-01
        27         4       -6.030449e-01
        28         4       -7.925126e-01
        29         4       -1.965509e+00
        30         4        3.727389e+00
        31         4       -4.076840e-01
        32         4        1.357893e-01
        33         4       -4.417817e-01
        34         4       -2.027697e-01
        35         4        1.282419e+00
        36         4       -3.310885e-01
        37         4        5.503148e-01
        38         4        8.524280e-01
        39         4       -2.432633e-01
        40         4        4.018178e-01
        41         4       -3.920682e-01
        42         4       -1.854392e+00
        43         4        9.972193e-01
        44         4        3.565735e-01
        45         4        5.510466e-01
        46         4        9.388391e-01
        47         4       -2.265497e-01
        48         4        1.043864e+00
        49         4        1.009510e+00
        50         4       -1.375189e+00
        51         4        9.635727e-01
        52         4        1.457048e+00
        53         4        6.314294e-01
        54         4       -1.067701e+00
        55         4        1.458147e+00
        56         4        5.816722e-01
        57         4        5.786589e-01
        58         4        4.828393e-01
        59         4        5.779797e-01
        60         4       -2.538547e-01
        61         4       -1.723449e+00
        62         4       -4.939279e-01
        63         4        2.165299e+00
        64         4        1.963922e-01
        65         4        7.999597e-02
        66         4       -2.710426e+00
        67         4       -3.332743e-01
        68         4        2.760774e+00
        69         4        6.949910e-01
        70         4       -5.564370e-01
        71         4        1.627476e+00
        72         4        7.348115e-01
        73         4        1.490001e+00
        74         4       -7.291412e-01
        75         4        3.058076e-01
        76         4        8.425260e-01
        77         4        4.006699e-01
        78         4       -1.030015e-03
        79         4       -8.309406e-01
        80         4        1.116014e-01
        81         4        3.471298e-02
        82         4        1.940937e+00
        83         4       -1.282770e+00
        84         4        1.873120e+00
        85         4       -1.149821e+00
        86         4        3.796889e-01
        87         4       -1.170679e+00
        88         4       -7.141299e-01
        89         4        1.287443e+00
        90         4       -5.802471e-01
        91         4       -7.347858e-01
        92         4       -4.066331e-01
        93         4        1.267509e+00
        94         4       -6.253690e-01
        95         4        7.241849e-02
        96         4        1.953738e+00
        97         4       -3.456203e-01
        98         4        1.784627e+00
        99         4       -9.817045e-01
       100         4       -1.245188e-01
         1         5        6.943054e-01
         2         5       -7.403251e-01
         3         5        3.151666e-01
         4         5        1.277976e+00
         5         5        2.774250e-01
         6         5        2.556738e-01
         7         5       -2.137503e+00
         8         5       -1.170687e+00
         9         5       -8.064163e-01
        10         5        6.782359e-01
        11         5       -8.199930e-01
        12         5        3.517401e-01
        13         5       -1.790804e-01
        14         5        1.041551e+00
        15         5        5.588973e-01
        16         5        9.176957e-01
        17         5       -6.680239e-01
        18         5        1.779702e+00
        19         5        1.570842e-01
        20         5       -1.035027e+00
        21         5       -1.018419e+00
        22         5       -1.045033e+00
        23         5       -4.519709e-01
        24         5       -5.813032e-02
        25         5        8.346125e-01
        26         5        6.768101e-01
        27         5       -1.527077e+00
        28         5        1.693383e-01
        29         5       -8.847488e-01
        30         5       -1.321916e+00
        31         5       -3.743378e-01
        32         5        2.687073e-01
        33         5        8.871993e-01
        34         5       -7.693375e-01
        35         5       -1.239115e+00
        36         5       -1.730523e+00
        37         5       -4.553761e-02
        38         5        1.733724e-01
        39         5        3.047888e-01
        40         5        1.525971e+00
        41         5       -2.397174e-01
        42         5        1.374909e+00
        43         5       -1.491314e-01
        44         5        5.503165e-01
        45         5        1.083959e-01
        46         5       -5.871260e-01
        47         5       -2.200101e+00
        48         5       -3.356055e-01
        49         5       -1.430551e+00
        50         5       -2.152975e-01
        51         5        1.090368e+00
        52         5        1.665419e+00
        53         5        5.245480e-02
        54         5        1.752367e+00
        55         5       -3.445576e-01
        56         5        1.324382e-01
        57         5       -5.499540e-01
        58         5        9.026227e-01
        59         5       -8.232284e-01
        60         5        2.616384e+00
        61         5       -8.621624e-01
        62         5       -3.115372e-01
        63         5       -8.861506e-01
        64         5        4.713939e-01
        65         5        2.842905e-01
        66         5       -3.375402e-01
        67         5       -7.927688e-01
        68         5       -8.781620e-02
        69         5       -4.413221e-01
        70         5       -2.117853e-01
        71         5        7.074571e-01
        72         5        2.609843e-01
        73         5        2.181097e+00
        74         5        1.203933e+00
        75         5        1.767027e+00
        76         5       -3.668347e-01
        77         5       -1.860538e+00
        78         5        8.857939e-01
        79         5       -7.981095e-01
        80         5       -8.913697e-01
        81         5       -5.004250e-01
        82         5       -1.057731e+00
        83         5       -3.325819e-01
        84         5       -1.989340e-01
        85         5        8.227179e-01
        86         5        1.833977e+00
        87         5        1.081828e+00
        88         5        4.065023e-01
        89         5       -4.736346e-01
        90         5       -1.556683e-01
        91         5       -1.149935e+00
        92         5        8.977647e-01
        93         5        2.787944e-01
        94         5       -2.224095e-01
        95         5        1.450447e-01
        96         5        4.652159e-01
        97         5       -1.150263e+00
        98         5       -5.783844e-03
        99         5        4.978714e-01
       100         5       -4.736095e-01
;
param X_Original:=
    1        6.376581e-01
    2       -6.253761e-01
    3       -1.669509e+00
    4        3.190111e-01
    5        1.030643e+00
    6        8.015525e-01
    7        1.626972e+00
    8        6.892441e-01
    9       -3.953462e-01
   10       -7.549441e-01
   11       -1.657602e+00
   12       -3.216677e-01
   13        2.822064e-01
   14        6.877478e-01
   15       -3.441164e-01
   16        1.644825e-01
   17       -2.141130e+00
   18        6.462407e-01
   19       -1.015494e+00
   20       -1.630089e+00
   21       -4.886022e-01
   22       -1.196024e+00
   23        5.621116e-01
   24       -4.807365e-01
   25        8.422779e-01
   26        4.250163e-01
   27        4.730123e-01
   28        4.692620e-01
   29        7.381582e-01
   30        5.007747e-01
   31       -8.638069e-01
   32        2.247256e-01
   33       -1.167221e+00
   34        1.023520e+00
   35        1.146758e+00
   36       -1.846622e-01
   37        1.030279e+00
   38       -1.456339e+00
   39       -7.828628e-01
   40        5.903600e-01
   41       -1.900374e+00
   42        8.463276e+00
   43        1.071339e+00
   44       -6.765419e-01
   45        9.960549e-01
   46       -1.976497e+00
   47       -5.186657e+00
   48        1.034326e+00
   49       -4.897144e-01
   50        2.204171e-01
   51       -1.558331e+00
   52       -1.473560e+00
   53       -1.409931e+00
   54       -1.145032e+00
   55        5.368513e-01
   56        8.439023e-01
   57        5.303850e-01
   58        5.451204e-01
   59       -1.875799e-01
   60       -6.284819e-01
   61       -2.296187e-01
   62        3.350073e+00
   63       -8.359862e+00
   64        2.143190e-01
   65        6.842339e-01
   66        3.247048e-02
   67       -2.830179e+00
   68       -7.128696e+00
   69        5.591161e-02
   70        2.602068e+00
   71       -1.551198e+00
   72        1.101617e+00
   73       -9.309632e-01
   74        5.036531e+00
   75       -1.677231e-01
   76        2.630966e+00
   77       -9.552986e-01
   78        1.158938e+00
   79        1.407485e-01
   80       -6.691217e-01
   81       -4.840262e-01
   82       -1.092910e+00
   83        5.951275e-01
   84        2.119287e+00
   85       -5.294994e-01
   86       -7.568808e-02
   87       -7.062797e-01
   88        9.274783e-01
   89       -7.738661e-01
   90       -1.327169e+00
   91       -9.201622e-01
   92       -7.717658e-02
   93        1.254882e-01
   94       -2.562905e-01
   95        1.723130e+00
   96        5.158652e-01
   97       -1.022222e+00
   98       -6.223603e+00
   99        7.933459e-01
  100        2.406129e-01
;
param outliervec_original :=
    1    1
    2    1
    3    1
    4    1
    5    1
    6    1
    7    0
    8    1
    9    0
   10    1
   11    1
   12    1
   13    1
   14    1
   15    1
   16    1
   17    0
   18    1
   19    1
   20    1
   21    1
   22    0
   23    1
   24    1
   25    1
   26    1
   27    1
   28    1
   29    1
   30    1
   31    1
   32    1
   33    1
   34    1
   35    1
   36    1
   37    1
   38    1
   39    1
   40    1
   41    0
   42    0
   43    1
   44    1
   45    1
   46    1
   47    0
   48    1
   49    1
   50    1
   51    1
   52    0
   53    0
   54    1
   55    1
   56    1
   57    1
   58    0
   59    1
   60    1
   61    1
   62    1
   63    0
   64    1
   65    1
   66    1
   67    1
   68    0
   69    1
   70    0
   71    1
   72    1
   73    1
   74    0
   75    1
   76    1
   77    1
   78    0
   79    1
   80    1
   81    1
   82    1
   83    1
   84    1
   85    1
   86    1
   87    1
   88    1
   89    0
   90    1
   91    0
   92    1
   93    1
   94    1
   95    1
   96    1
   97    1
   98    0
   99    1
  100    1
;
param d:= 67;
param r:=5;
param p:=0.820000;
param M:=1000;
param U:=
         1         1        3.448682e-01
         2         1        1.889267e+00
         3         1        1.218390e+00
         4         1       -1.609450e-01
         5         1       -3.522826e-01
         6         1        6.172743e-01
         7         1       -8.480984e-01
         8         1       -1.395753e+00
         9         1        6.497779e-01
        10         1        1.803824e-03
        11         1        1.739852e+00
        12         1        4.909253e-01
        13         1       -1.764135e+00
        14         1       -1.117737e+00
        15         1        4.647321e-01
        16         1        1.135541e-01
        17         1       -4.585504e-01
        18         1       -2.906247e+00
        19         1       -1.108933e+00
        20         1        1.691071e-02
        21         1       -2.611208e-01
        22         1       -1.252473e+00
        23         1       -1.356118e+00
        24         1        2.510633e+00
        25         1        1.604406e+00
        26         1        1.336938e+00
        27         1       -7.917677e-01
        28         1       -9.309942e-01
        29         1       -1.619955e-01
        30         1        1.813593e+00
        31         1        4.723410e-01
        32         1       -4.348968e-02
        33         1       -1.510699e+00
        34         1        8.194571e-01
        35         1       -1.007781e+00
        36         1        2.968617e-01
        37         1       -1.243911e+00
        38         1        4.262436e-01
        39         1       -1.195565e-01
        40         1        1.567982e-01
        41         1        5.851107e-01
        42         1       -1.038888e+00
        43         1       -5.935630e-01
        44         1        1.572166e+00
        45         1        3.864919e-01
        46         1       -1.069422e+00
        47         1       -8.349517e-01
        48         1        3.611076e-01
        49         1        9.219169e-01
        50         1        6.296367e-02
        51         1       -4.574952e-02
        52         1        4.593430e-02
        53         1       -2.488735e-01
        54         1        1.072397e+00
        55         1        1.025589e+00
        56         1       -5.024609e-02
        57         1        1.293421e+00
        58         1       -6.221663e-01
        59         1        4.002297e-02
        60         1        1.867331e-01
        61         1        6.667978e-01
        62         1       -1.742176e+00
        63         1       -3.125083e-01
        64         1        7.616643e-01
        65         1       -1.043239e+00
        66         1        1.287468e-01
        67         1       -1.406354e-01
         1         2        1.126481e+00
         2         2       -8.799567e-02
         3         2       -1.240631e-01
         4         2        1.422160e+00
         5         2       -2.024694e-01
         6         2        1.072594e+00
         7         2        4.501322e-01
         8         2        8.358873e-01
         9         2        4.611190e-01
        10         2        5.328881e-01
        11         2       -6.585236e-01
        12         2       -5.867970e-01
        13         2        6.072166e-01
        14         2       -2.592725e-01
        15         2        4.832060e-01
        16         2        1.672633e-01
        17         2        1.803736e+00
        18         2       -1.018229e+00
        19         2       -1.718881e-01
        20         2        4.550162e-01
        21         2        8.890711e-01
        22         2        7.157105e-01
        23         2       -3.185253e-01
        24         2       -1.154914e+00
        25         2       -7.034313e-01
        26         2        6.182816e-01
        27         2       -2.068135e+00
        28         2       -1.336742e-01
        29         2       -2.783464e-01
        30         2       -1.357174e+00
        31         2       -1.823878e+00
        32         2       -1.448072e+00
        33         2       -1.553525e-01
        34         2        2.290363e-01
        35         2        1.824885e+00
        36         2       -1.137363e+00
        37         2        5.350925e-01
        38         2       -6.878505e-01
        39         2        1.301370e+00
        40         2       -4.340657e-02
        41         2        5.381908e-01
        42         2        2.666833e+00
        43         2       -6.978174e-01
        44         2       -7.294511e-01
        45         2       -4.313794e-01
        46         2       -9.815121e-01
        47         2       -5.783485e-01
        48         2       -4.389687e-01
        49         2        2.294658e-02
        50         2       -6.436096e-01
        51         2        1.239831e+00
        52         2       -5.993758e-01
        53         2       -2.375469e-01
        54         2       -9.661644e-01
        55         2       -9.784830e-01
        56         2        1.560681e-01
        57         2        7.089065e-01
        58         2       -5.192546e-01
        59         2       -8.592225e-01
        60         2       -1.268541e+00
        61         2        5.098265e-01
        62         2       -2.224301e-02
        63         2        9.835163e-01
        64         2       -4.206238e-01
        65         2        8.019882e-01
        66         2        9.447800e-01
        67         2       -1.696314e+00
         1         3        7.242966e-01
         2         3        7.394343e-01
         3         3        2.755258e-01
         4         3       -3.743119e-01
         5         3        2.196969e+00
         6         3       -4.996766e-01
         7         3        1.891182e-01
         8         3        1.242058e+00
         9         3        1.055046e-01
        10         3       -3.774172e-01
        11         3        3.050137e-01
        12         3        6.372641e-01
        13         3        1.563681e-01
        14         3        1.327570e-01
        15         3        1.415719e-01
        16         3       -3.572553e-01
        17         3        3.437292e-01
        18         3        3.290709e-01
        19         3       -1.190739e+00
        20         3       -7.219870e-01
        21         3        4.776772e-01
        22         3        6.268375e-01
        23         3       -1.049076e+00
        24         3       -2.957396e-01
        25         3        6.236851e-01
        26         3       -2.129397e+00
        27         3        9.614392e-01
        28         3        8.676913e-01
        29         3       -2.166332e-01
        30         3        5.367226e-01
        31         3       -2.358577e+00
        32         3        3.363216e-01
        33         3       -1.266999e+00
        34         3       -1.862783e-01
        35         3        2.411440e-01
        36         3        6.849493e-02
        37         3        1.172370e-02
        38         3        3.724078e-01
        39         3        2.460757e-02
        40         3       -9.903976e-01
        41         3        1.283567e-01
        42         3        3.113326e-01
        43         3        3.499355e-01
        44         3        1.631887e+00
        45         3        1.123599e+00
        46         3       -7.246874e-01
        47         3        1.765847e+00
        48         3        6.306394e-01
        49         3        1.079103e+00
        50         3       -1.259431e+00
        51         3       -6.116228e-01
        52         3       -1.827814e-01
        53         3        5.997893e-02
        54         3        4.203985e-01
        55         3       -2.099944e-01
        56         3       -9.812424e-01
        57         3       -1.357711e+00
        58         3       -6.626264e-01
        59         3        2.769996e+00
        60         3       -5.344438e-01
        61         3       -9.810144e-01
        62         3       -1.252022e+00
        63         3        7.142988e-01
        64         3        1.998712e+00
        65         3        2.701957e-01
        66         3       -1.041265e+00
        67         3        4.695149e-01
         1         4        1.002806e-01
         2         4       -2.914620e-01
         3         4        1.263305e-01
         4         4       -6.334669e-01
         5         4       -7.759880e-01
         6         4       -5.579402e-01
         7         4       -1.674046e-01
         8         4        5.080055e-02
         9         4        2.629699e-01
        10         4        2.367770e-01
        11         4        1.288747e+00
        12         4       -1.953408e-01
        13         4       -8.682597e-02
        14         4       -1.217009e+00
        15         4       -1.351821e-01
        16         4        1.058899e-01
        17         4       -6.030449e-01
        18         4       -7.925126e-01
        19         4       -1.965509e+00
        20         4       -4.076840e-01
        21         4        1.357893e-01
        22         4       -2.027697e-01
        23         4       -3.310885e-01
        24         4        8.524280e-01
        25         4        4.018178e-01
        26         4       -3.920682e-01
        27         4       -1.854392e+00
        28         4        3.565735e-01
        29         4        5.510466e-01
        30         4        9.388391e-01
        31         4       -2.265497e-01
        32         4        1.009510e+00
        33         4       -1.375189e+00
        34         4        9.635727e-01
        35         4        1.457048e+00
        36         4        6.314294e-01
        37         4        5.816722e-01
        38         4        4.828393e-01
        39         4       -4.939279e-01
        40         4        2.165299e+00
        41         4        1.963922e-01
        42         4        7.999597e-02
        43         4        2.760774e+00
        44         4        6.949910e-01
        45         4       -5.564370e-01
        46         4        1.627476e+00
        47         4        7.348115e-01
        48         4        1.490001e+00
        49         4       -7.291412e-01
        50         4        3.058076e-01
        51         4        4.006699e-01
        52         4       -1.030015e-03
        53         4       -8.309406e-01
        54         4        1.116014e-01
        55         4        3.471298e-02
        56         4       -1.282770e+00
        57         4       -1.149821e+00
        58         4       -7.141299e-01
        59         4        1.287443e+00
        60         4       -5.802471e-01
        61         4       -7.347858e-01
        62         4       -4.066331e-01
        63         4       -6.253690e-01
        64         4        7.241849e-02
        65         4       -3.456203e-01
        66         4        1.784627e+00
        67         4       -1.245188e-01
         1         5        6.943054e-01
         2         5       -7.403251e-01
         3         5        1.277976e+00
         4         5        2.774250e-01
         5         5       -2.137503e+00
         6         5       -8.064163e-01
         7         5       -8.199930e-01
         8         5        1.041551e+00
         9         5        5.588973e-01
        10         5       -6.680239e-01
        11         5        1.779702e+00
        12         5       -1.035027e+00
        13         5       -1.045033e+00
        14         5       -4.519709e-01
        15         5       -5.813032e-02
        16         5        6.768101e-01
        17         5       -1.527077e+00
        18         5        1.693383e-01
        19         5       -8.847488e-01
        20         5       -3.743378e-01
        21         5        2.687073e-01
        22         5       -7.693375e-01
        23         5       -1.730523e+00
        24         5        1.733724e-01
        25         5        1.525971e+00
        26         5       -2.397174e-01
        27         5        1.374909e+00
        28         5        5.503165e-01
        29         5        1.083959e-01
        30         5       -5.871260e-01
        31         5       -2.200101e+00
        32         5       -1.430551e+00
        33         5       -2.152975e-01
        34         5        1.090368e+00
        35         5        1.665419e+00
        36         5        5.245480e-02
        37         5        1.324382e-01
        38         5        9.026227e-01
        39         5       -3.115372e-01
        40         5       -8.861506e-01
        41         5        4.713939e-01
        42         5        2.842905e-01
        43         5       -8.781620e-02
        44         5       -4.413221e-01
        45         5       -2.117853e-01
        46         5        7.074571e-01
        47         5        2.609843e-01
        48         5        2.181097e+00
        49         5        1.203933e+00
        50         5        1.767027e+00
        51         5       -1.860538e+00
        52         5        8.857939e-01
        53         5       -7.981095e-01
        54         5       -8.913697e-01
        55         5       -5.004250e-01
        56         5       -3.325819e-01
        57         5        8.227179e-01
        58         5        4.065023e-01
        59         5       -4.736346e-01
        60         5       -1.556683e-01
        61         5       -1.149935e+00
        62         5        8.977647e-01
        63         5       -2.224095e-01
        64         5        1.450447e-01
        65         5       -1.150263e+00
        66         5       -5.783844e-03
        67         5       -4.736095e-01
;

param theta:=
    1        5.892952e-03
    2       -1.283604e-01
    3        1.194476e+00
    4       -2.718133e+00
    5        1.464516e+00
;
param X_true:=
    1        1.466837e+00
    2        6.136797e-01
    3        1.880447e+00
    4        1.497537e+00
    5        1.626972e+00
    6       -3.953462e-01
    7       -5.827445e-01
    8        2.755374e+00
    9        1.743889e-01
   10       -2.141130e+00
   11       -4.374709e-01
   12       -1.454403e-01
   13       -1.196024e+00
   14        2.831342e+00
   15        3.921286e-01
   16        2.558427e-01
   17       -4.209253e-01
   18        2.908795e+00
   19        2.640007e+00
   20       -3.607865e-01
   21        4.793464e-01
   22        7.394073e-02
   23       -2.854637e+00
   24       -2.253320e+00
   25        1.987338e+00
   26       -1.900374e+00
   27        8.463276e+00
   28        8.848413e-01
   29       -1.563060e+00
   30       -2.585748e+00
   31       -5.186657e+00
   32       -4.251700e+00
   33        1.920279e+00
   34       -1.269333e+00
   35       -1.473560e+00
   36       -1.409931e+00
   37       -1.449116e+00
   38        5.451204e-01
   39        7.479551e-01
   40       -8.359862e+00
   41        2.442283e-01
   42        2.223496e-01
   43       -7.128696e+00
   44       -4.832546e-01
   45        2.602068e+00
   46       -4.133552e+00
   47        5.634780e-01
   48       -4.401218e-02
   49        5.036531e+00
   50        3.352375e-01
   51       -4.703844e+00
   52        1.158938e+00
   53        1.190432e+00
   54       -9.762797e-01
   55       -9.464259e-01
   56        1.807269e+00
   57        2.625124e+00
   58        1.807923e+00
   59       -7.738661e-01
   60        8.747608e-01
   61       -9.201622e-01
   62        9.171522e-01
   63        2.099241e+00
   64        2.461471e+00
   65       -5.314852e-01
   66       -6.223603e+00
   67        4.225853e-01
;
param X:=
    1        6.376581e-01
    2       -6.253761e-01
    3        3.190111e-01
    4        1.030643e+00
    5        1.626972e+00
    6       -3.953462e-01
    7       -1.657602e+00
    8        6.877478e-01
    9       -3.441164e-01
   10       -2.141130e+00
   11        6.462407e-01
   12       -1.630089e+00
   13       -1.196024e+00
   14        5.621116e-01
   15       -4.807365e-01
   16        4.250163e-01
   17        4.730123e-01
   18        4.692620e-01
   19        7.381582e-01
   20       -8.638069e-01
   21        2.247256e-01
   22        1.023520e+00
   23       -1.846622e-01
   24       -1.456339e+00
   25        5.903600e-01
   26       -1.900374e+00
   27        8.463276e+00
   28       -6.765419e-01
   29        9.960549e-01
   30       -1.976497e+00
   31       -5.186657e+00
   32       -4.897144e-01
   33        2.204171e-01
   34       -1.558331e+00
   35       -1.473560e+00
   36       -1.409931e+00
   37        8.439023e-01
   38        5.451204e-01
   39        3.350073e+00
   40       -8.359862e+00
   41        2.143190e-01
   42        6.842339e-01
   43       -7.128696e+00
   44        5.591161e-02
   45        2.602068e+00
   46       -1.551198e+00
   47        1.101617e+00
   48       -9.309632e-01
   49        5.036531e+00
   50       -1.677231e-01
   51       -9.552986e-01
   52        1.158938e+00
   53        1.407485e-01
   54       -6.691217e-01
   55       -4.840262e-01
   56        5.951275e-01
   57       -5.294994e-01
   58        9.274783e-01
   59       -7.738661e-01
   60       -1.327169e+00
   61       -9.201622e-01
   62       -7.717658e-02
   63       -2.562905e-01
   64        1.723130e+00
   65       -1.022222e+00
   66       -6.223603e+00
   67        2.406129e-01
;
param outliervec:=
    1    1
    2    1
    3    1
    4    1
    5    0
    6    0
    7    1
    8    1
    9    1
   10    0
   11    1
   12    1
   13    0
   14    1
   15    1
   16    1
   17    1
   18    1
   19    1
   20    1
   21    1
   22    1
   23    1
   24    1
   25    1
   26    0
   27    0
   28    1
   29    1
   30    1
   31    0
   32    1
   33    1
   34    1
   35    0
   36    0
   37    1
   38    0
   39    1
   40    0
   41    1
   42    1
   43    0
   44    1
   45    0
   46    1
   47    1
   48    1
   49    0
   50    1
   51    1
   52    0
   53    1
   54    1
   55    1
   56    1
   57    1
   58    1
   59    0
   60    1
   61    0
   62    1
   63    1
   64    1
   65    1
   66    0
   67    1
; 
param greedy_time :=         4.574437e-01
;