data;


param FN:= 1;
param D:= 100;
param U_Original:=
         1         1       -1.495949e+00
         2         1        1.424079e+00
         3         1       -3.551378e-01
         4         1       -4.924572e-01
         5         1       -3.895092e-01
         6         1        1.234049e+00
         7         1        7.591801e-02
         8         1        9.071597e-01
         9         1       -3.392838e-01
        10         1       -8.993624e-01
        11         1       -4.853788e-01
        12         1       -3.318185e-01
        13         1        1.646285e+00
        14         1       -6.199370e-01
        15         1       -3.552405e-02
        16         1        7.491777e-01
        17         1       -8.578351e-01
        18         1       -3.832530e-01
        19         1        1.147689e+00
        20         1       -8.672969e-01
        21         1        1.373499e-01
        22         1       -8.243914e-01
        23         1        1.021985e+00
        24         1       -1.727481e+00
        25         1       -8.249178e-01
        26         1       -2.368727e+00
        27         1       -7.735743e-01
        28         1        1.848191e-01
        29         1       -1.035799e+00
        30         1        5.299551e-02
        31         1        5.201098e-02
        32         1        4.220977e-01
        33         1        8.906672e-01
        34         1       -8.054591e-02
        35         1       -9.575966e-01
        36         1        5.383746e-01
        37         1       -5.196276e-02
        38         1       -1.650449e-01
        39         1       -7.793393e-01
        40         1       -4.687167e-01
        41         1        3.847273e-01
        42         1        1.245984e+00
        43         1        1.164082e+00
        44         1       -5.022622e-01
        45         1        5.790923e-01
        46         1        3.596683e-01
        47         1        1.066340e+00
        48         1        5.118681e-01
        49         1        1.760938e+00
        50         1       -1.211911e+00
        51         1       -9.644418e-01
        52         1        4.994582e-01
        53         1       -1.401614e-01
        54         1       -6.300875e-02
        55         1        2.855758e-01
        56         1       -7.049002e-01
        57         1       -4.022850e-03
        58         1       -1.312362e+00
        59         1        8.247112e-01
        60         1        7.064856e-01
        61         1       -6.160123e-01
        62         1       -7.581447e-01
        63         1        3.541041e-01
        64         1       -1.410707e-01
        65         1        1.236381e+00
        66         1       -6.630844e-02
        67         1        5.383031e-01
        68         1        8.938080e-01
        69         1       -6.391878e-01
        70         1        1.647425e+00
        71         1       -6.466188e-01
        72         1        8.742121e-02
        73         1       -1.999040e+00
        74         1        1.275173e+00
        75         1        2.265286e-01
        76         1       -3.134018e-01
        77         1        2.334728e-01
        78         1        1.089431e+00
        79         1       -6.291390e-01
        80         1        2.234469e-01
        81         1        6.514289e-01
        82         1       -9.593979e-01
        83         1       -1.828484e-01
        84         1       -8.395579e-02
        85         1       -5.019124e-02
        86         1        3.491628e-01
        87         1        1.459210e+00
        88         1       -4.776293e-01
        89         1       -8.016227e-01
        90         1        2.012627e-01
        91         1       -3.674780e-01
        92         1        1.762311e+00
        93         1       -6.897790e-01
        94         1       -2.401774e-01
        95         1        1.627792e+00
        96         1        1.137745e+00
        97         1       -1.367991e+00
        98         1       -1.598382e-01
        99         1        7.113399e-01
       100         1       -1.030160e+00
         1         2       -4.551531e-01
         2         2       -8.468145e-01
         3         2       -1.875557e+00
         4         2        3.885293e-01
         5         2        8.208841e-01
         6         2        1.460920e+00
         7         2       -3.416879e-01
         8         2       -1.252871e+00
         9         2        1.372843e+00
        10         2       -6.792800e-02
        11         2       -5.950782e-02
        12         2       -4.334203e-01
        13         2       -1.450747e-01
        14         2       -1.499021e+00
        15         2        2.127763e+00
        16         2       -3.655235e-01
        17         2        6.389917e-01
        18         2        5.651819e-01
        19         2        9.527604e-01
        20         2       -7.678271e-01
        21         2        5.083831e-01
        22         2        1.243112e+00
        23         2       -1.407026e+00
        24         2       -3.391601e-01
        25         2       -4.964264e-01
        26         2        1.301722e-01
        27         2        3.293145e-01
        28         2        1.313061e+00
        29         2        2.645345e+00
        30         2        1.005036e+00
        31         2       -1.372290e+00
        32         2        5.737396e-01
        33         2        1.558004e-01
        34         2        4.490824e-01
        35         2        1.402226e+00
        36         2        8.201500e-01
        37         2       -1.452342e+00
        38         2        2.020789e+00
        39         2       -5.739177e-01
        40         2       -7.358586e-01
        41         2       -6.835377e-01
        42         2       -6.825347e-01
        43         2        1.356157e+00
        44         2        2.388450e+00
        45         2       -1.082516e+00
        46         2       -1.096505e+00
        47         2        2.937180e-01
        48         2        1.559235e+00
        49         2        5.495687e-01
        50         2       -6.570623e-01
        51         2        1.134099e+00
        52         2        2.532791e-01
        53         2       -4.446624e-01
        54         2       -2.581214e-01
        55         2        4.911596e-01
        56         2       -9.307419e-02
        57         2       -2.895658e-01
        58         2        1.206654e+00
        59         2        7.385957e-01
        60         2        5.110886e-01
        61         2       -3.193160e-01
        62         2       -5.501161e-01
        63         2        1.634658e-01
        64         2        1.522596e+00
        65         2        7.977566e-01
        66         2       -3.698416e-01
        67         2        1.159362e+00
        68         2        4.901389e-01
        69         2       -1.772684e+00
        70         2       -1.166306e+00
        71         2       -8.182141e-01
        72         2       -3.879039e-01
        73         2       -1.288679e+00
        74         2        1.402775e-01
        75         2        7.183118e-01
        76         2        2.125489e-01
        77         2        1.229728e+00
        78         2        3.958561e-01
        79         2       -7.984247e-01
        80         2        6.811547e-01
        81         2        1.883892e-01
        82         2       -9.916951e-01
        83         2        1.059026e+00
        84         2        5.797957e-02
        85         2       -4.890043e-01
        86         2       -1.983751e+00
        87         2       -8.035293e-01
        88         2       -5.952124e-01
        89         2       -9.383845e-01
        90         2        3.117751e-02
        91         2       -1.288372e-01
        92         2       -7.162657e-01
        93         2       -3.049976e-03
        94         2        5.827685e-01
        95         2       -2.481717e-01
        96         2        4.362640e-01
        97         2        9.345342e-01
        98         2       -8.537348e-01
        99         2        1.310759e+00
       100         2        1.130650e+00
         1         3       -1.335525e+00
         2         3        2.476465e+00
         3         3       -9.364653e-01
         4         3       -5.661891e-02
         5         3       -1.478097e+00
         6         3       -2.830168e-01
         7         3        1.453838e+00
         8         3       -3.174107e-02
         9         3       -9.476375e-01
        10         3        8.508412e-01
        11         3        5.044501e-01
        12         3        4.096077e-01
        13         3       -5.278860e-01
        14         3       -6.943614e-01
        15         3       -1.698824e+00
        16         3       -8.156284e-01
        17         3       -1.282602e+00
        18         3        4.282969e-01
        19         3       -2.959634e-01
        20         3        5.316696e-01
        21         3       -1.373045e+00
        22         3       -8.011875e-01
        23         3        1.083461e-01
        24         3        5.885167e-01
        25         3       -9.400476e-01
        26         3       -8.704237e-02
        27         3       -1.136021e-01
        28         3        1.760256e+00
        29         3       -4.289106e-01
        30         3        1.005225e+00
        31         3       -1.297842e+00
        32         3       -1.633424e+00
        33         3       -7.788415e-01
        34         3        3.100751e+00
        35         3        2.279658e+00
        36         3        4.322514e-01
        37         3        6.386062e-02
        38         3        5.404053e-01
        39         3        2.482111e-01
        40         3       -5.348227e-01
        41         3        1.629814e+00
        42         3       -2.158113e-01
        43         3        8.202874e-01
        44         3       -1.266504e-01
        45         3        8.940240e-01
        46         3       -1.319504e-01
        47         3        5.063288e-01
        48         3       -8.774842e-01
        49         3       -1.360566e+00
        50         3       -4.708379e-01
        51         3        2.402716e-01
        52         3        1.842952e-01
        53         3        6.592133e-01
        54         3        1.787416e+00
        55         3        1.586898e+00
        56         3        8.562423e-01
        57         3       -1.783639e+00
        58         3        8.584591e-01
        59         3        4.532505e-01
        60         3        1.186239e+00
        61         3       -2.112329e+00
        62         3        9.993438e-01
        63         3       -1.904970e-01
        64         3       -1.065966e+00
        65         3        1.371482e+00
        66         3        1.118573e-01
        67         3        5.047575e-01
        68         3        4.473074e-01
        69         3        5.121491e-02
        70         3        6.911321e-01
        71         3       -3.314474e-01
        72         3       -6.678511e-01
        73         3       -1.657398e+00
        74         3       -8.441722e-01
        75         3       -2.710780e-01
        76         3        5.635143e-01
        77         3       -4.892457e-01
        78         3       -1.014979e+00
        79         3        2.938551e-01
        80         3        1.502916e-01
        81         3        5.652964e-01
        82         3       -5.164670e-01
        83         3       -1.003456e+00
        84         3        1.387318e+00
        85         3        1.383108e-01
        86         3        1.916157e-02
        87         3        7.913341e-01
        88         3       -1.077091e+00
        89         3        1.388113e+00
        90         3       -8.042127e-01
        91         3        1.473358e+00
        92         3        1.135595e+00
        93         3       -5.113780e-01
        94         3       -2.583745e-01
        95         3        3.421713e-01
        96         3       -1.870872e-01
        97         3        1.044300e+00
        98         3       -1.046352e+00
        99         3       -1.217551e-01
       100         3       -5.037331e-01
         1         4       -1.043577e+00
         2         4        1.118822e+00
         3         4       -4.480102e-01
         4         4       -1.609506e+00
         5         4       -5.736405e-01
         6         4       -7.795315e-01
         7         4       -1.076801e-01
         8         4       -8.878850e-01
         9         4        1.090047e-01
        10         4        4.355250e-01
        11         4       -9.291111e-02
        12         4        1.098968e+00
        13         4       -1.200228e+00
        14         4        2.730533e-01
        15         4       -3.717803e-01
        16         4        8.204561e-01
        17         4       -1.932277e+00
        18         4        8.322464e-02
        19         4       -8.269542e-01
        20         4       -6.301074e-01
        21         4       -2.441259e-01
        22         4       -4.863998e-02
        23         4        3.569932e-01
        24         4        7.063461e-01
        25         4        7.256044e-01
        26         4       -1.194131e+00
        27         4        3.704933e-01
        28         4        1.625784e+00
        29         4        8.342594e-01
        30         4        4.333268e-01
        31         4       -4.125355e-01
        32         4        3.676889e-01
        33         4        8.598405e-01
        34         4       -2.270913e+00
        35         4       -4.549555e-01
        36         4        9.708028e-02
        37         4        1.364473e+00
        38         4       -1.283994e+00
        39         4       -5.118865e-01
        40         4        1.203732e+00
        41         4       -6.436456e-01
        42         4       -4.247779e-01
        43         4       -6.260758e-01
        44         4        3.765336e-01
        45         4       -9.305555e-01
        46         4        1.800442e-01
        47         4        7.501378e-01
        48         4       -2.163591e-01
        49         4       -8.397139e-01
        50         4       -1.280333e-01
        51         4        7.618069e-01
        52         4       -2.909305e-01
        53         4       -4.928011e-01
        54         4       -9.986687e-02
        55         4       -6.527315e-01
        56         4       -8.650892e-01
        57         4       -1.927909e-01
        58         4        1.068663e+00
        59         4       -1.276769e+00
        60         4        1.123553e+00
        61         4        7.112094e-01
        62         4        3.235557e-01
        63         4       -5.471519e-02
        64         4        4.839314e-01
        65         4       -2.194089e+00
        66         4       -4.151475e-01
        67         4       -1.005455e+00
        68         4        9.523246e-01
        69         4        1.148806e+00
        70         4        2.940924e-01
        71         4       -1.361201e+00
        72         4        1.731449e+00
        73         4        1.195722e+00
        74         4       -9.210365e-02
        75         4       -9.890096e-01
        76         4       -5.018776e-01
        77         4       -1.168111e+00
        78         4        1.473717e+00
        79         4        1.686516e+00
        80         4       -8.147211e-01
        81         4       -1.767074e+00
        82         4       -2.022231e+00
        83         4        7.283231e-02
        84         4       -1.340764e+00
        85         4        2.822729e-01
        86         4        1.072835e+00
        87         4       -8.266609e-01
        88         4       -2.121283e+00
        89         4       -2.382202e-01
        90         4        6.941998e-01
        91         4       -6.025058e-01
        92         4        5.791657e-01
        93         4       -7.727397e-02
        94         4       -6.209542e-01
        95         4        1.059687e+00
        96         4       -4.692139e-01
        97         4       -5.177731e-02
        98         4        1.246983e+00
        99         4        4.586000e-01
       100         4       -2.095974e+00
         1         5       -3.181731e-01
         2         5        1.187050e+00
         3         5       -9.153950e-01
         4         5        6.995814e-01
         5         5       -3.102563e-01
         6         5        1.206471e+00
         7         5       -1.235872e+00
         8         5        9.496675e-01
         9         5        6.540663e-01
        10         5       -5.688024e-01
        11         5       -7.602332e-01
        12         5       -2.046354e-01
        13         5       -3.760499e-01
        14         5        1.045425e+00
        15         5       -1.821066e+00
        16         5       -1.067763e-01
        17         5        8.386289e-01
        18         5        5.958146e-02
        19         5       -2.218921e+00
        20         5        1.169207e+00
        21         5        1.636044e+00
        22         5       -1.434750e+00
        23         5        1.320531e+00
        24         5       -1.174689e-01
        25         5       -1.000517e+00
        26         5       -1.438203e+00
        27         5        9.510359e-01
        28         5       -8.103693e-01
        29         5       -6.898075e-01
        30         5        3.140194e-01
        31         5       -4.031818e-01
        32         5        1.189646e+00
        33         5        1.090882e-02
        34         5       -1.089037e+00
        35         5       -3.642436e-01
        36         5        2.242397e+00
        37         5        3.827772e-01
        38         5        1.089415e-01
        39         5        6.481112e-01
        40         5        8.232080e-01
        41         5       -1.186968e+00
        42         5        7.559179e-01
        43         5        5.455318e-01
        44         5       -2.089038e-01
        45         5        1.463964e+00
        46         5        8.100554e-01
        47         5        1.876967e+00
        48         5        1.101542e+00
        49         5        4.372730e-01
        50         5       -4.099742e-01
        51         5       -1.134345e+00
        52         5        6.187173e-01
        53         5       -2.157953e+00
        54         5       -7.564188e-01
        55         5       -1.910669e+00
        56         5        1.493450e-01
        57         5       -2.466821e-01
        58         5       -2.141159e-01
        59         5        3.917788e-01
        60         5       -5.946211e-01
        61         5        9.400549e-01
        62         5        6.174803e-01
        63         5       -8.168031e-01
        64         5       -2.718112e-01
        65         5       -4.467248e-01
        66         5        1.256107e+00
        67         5       -7.539085e-01
        68         5        2.319097e-01
        69         5       -3.410911e-01
        70         5        5.042329e-01
        71         5       -7.421805e-01
        72         5       -5.836419e-01
        73         5       -5.817614e-01
        74         5        1.456745e+00
        75         5        9.932558e-01
        76         5        8.529766e-03
        77         5        9.401782e-01
        78         5        4.627023e-02
        79         5        4.792111e-01
        80         5        1.085035e-02
        81         5       -6.305993e-01
        82         5        8.499869e-01
        83         5       -2.791181e-01
        84         5        1.127028e+00
        85         5       -8.166589e-01
        86         5        5.278123e-01
        87         5       -5.267615e-01
        88         5       -1.046157e+00
        89         5        1.181215e+00
        90         5       -3.330434e-01
        91         5       -7.818130e-01
        92         5       -1.558338e+00
        93         5        4.536898e-01
        94         5        4.796132e-01
        95         5       -6.874978e-01
        96         5       -1.004629e+00
        97         5       -1.043512e+00
        98         5        2.321330e-01
        99         5        4.519361e-01
       100         5        1.499606e-01
;
param X_Original:=
    1       -1.652148e+00
    2       -3.966425e-01
    3       -2.009009e+00
    4        2.480493e-01
    5        4.899300e-01
    6       -5.369831e-01
    7        1.127555e+00
    8        1.336291e+00
    9        2.260231e+00
   10       -3.346783e-01
   11        7.827239e-01
   12        1.693237e+00
   13       -2.598006e+00
   14       -9.071851e-01
   15       -8.157303e-01
   16       -4.227529e-01
   17        6.530854e-02
   18       -1.490586e+00
   19       -5.488766e-02
   20        1.671775e+00
   21        1.752906e-01
   22        5.598687e-01
   23       -9.256205e-01
   24        3.995254e-01
   25        3.182914e-01
   26       -4.056336e-02
   27        3.080597e-01
   28       -1.132532e+00
   29        7.167565e-01
   30        2.200751e+00
   31       -8.046639e-01
   32       -1.477538e+00
   33        1.136327e+00
   34       -2.493112e+00
   35       -1.406513e-01
   36        1.783785e+00
   37        1.452204e+00
   38       -1.436085e+00
   39       -1.101038e-01
   40       -1.316801e+00
   41        5.089975e-01
   42       -1.047113e+00
   43        9.448189e-01
   44       -9.706661e-01
   45        9.351445e-01
   46       -8.667850e-01
   47       -1.087699e-01
   48        3.907464e-01
   49        6.964822e-01
   50        5.127050e-01
   51        4.552219e-01
   52       -3.311867e-01
   53        1.347946e+00
   54        5.062266e-01
   55        1.930317e-01
   56        2.351723e+00
   57       -3.632208e+00
   58        1.271373e+00
   59        6.439347e-01
   60        6.884917e-01
   61       -1.276587e+00
   62        2.536162e+00
   63        5.546171e-01
   64        8.699145e-01
   65        1.460077e-01
   66        4.502414e-01
   67       -1.074062e+00
   68        1.122513e+00
   69        7.075412e-01
   70        6.643642e-01
   71        6.915922e-01
   72        1.586835e+00
   73       -2.524687e+00
   74        8.653877e-02
   75       -6.901319e-01
   76        3.640548e-01
   77       -9.600508e-01
   78        1.008489e-01
   79        9.119814e-01
   80        6.214634e-01
   81       -1.579104e-01
   82        1.649119e+00
   83       -3.570543e-01
   84        1.021911e+00
   85       -3.908365e-02
   86       -8.032130e-01
   87       -5.441033e-01
   88       -8.144980e-02
   89       -1.038112e+00
   90        3.691366e-01
   91       -3.611602e-01
   92       -6.203880e-01
   93        8.180896e-02
   94        1.090839e+00
   95        1.992834e+00
   96       -1.279202e+00
   97        3.559590e+00
   98       -3.240245e-01
   99        6.226222e-02
  100        1.983324e-01
;
param outliervec_original :=
    1    1
    2    1
    3    0
    4    1
    5    1
    6    1
    7    1
    8    1
    9    1
   10    1
   11    1
   12    1
   13    1
   14    1
   15    1
   16    1
   17    1
   18    1
   19    1
   20    0
   21    1
   22    1
   23    1
   24    1
   25    1
   26    1
   27    1
   28    1
   29    0
   30    0
   31    1
   32    1
   33    1
   34    1
   35    1
   36    1
   37    1
   38    1
   39    1
   40    1
   41    1
   42    1
   43    0
   44    1
   45    1
   46    0
   47    1
   48    1
   49    1
   50    1
   51    1
   52    1
   53    0
   54    1
   55    1
   56    0
   57    0
   58    1
   59    1
   60    1
   61    1
   62    0
   63    1
   64    1
   65    1
   66    1
   67    1
   68    1
   69    1
   70    1
   71    1
   72    1
   73    1
   74    1
   75    1
   76    1
   77    1
   78    1
   79    0
   80    1
   81    1
   82    1
   83    1
   84    1
   85    1
   86    0
   87    1
   88    1
   89    1
   90    1
   91    1
   92    1
   93    1
   94    1
   95    1
   96    0
   97    0
   98    1
   99    1
  100    1
;
param d:= 65;
param r:=5;
param p:=0.860000;
param M:=1000;
param U:=
         1         1       -1.495949e+00
         2         1       -3.551378e-01
         3         1       -4.924572e-01
         4         1        1.234049e+00
         5         1        7.591801e-02
         6         1       -4.853788e-01
         7         1       -3.318185e-01
         8         1        1.646285e+00
         9         1       -6.199370e-01
        10         1        7.491777e-01
        11         1       -8.578351e-01
        12         1       -8.672969e-01
        13         1        1.373499e-01
        14         1        1.021985e+00
        15         1       -2.368727e+00
        16         1       -7.735743e-01
        17         1       -1.035799e+00
        18         1        5.299551e-02
        19         1        4.220977e-01
        20         1        5.383746e-01
        21         1       -7.793393e-01
        22         1        3.847273e-01
        23         1        1.245984e+00
        24         1        1.164082e+00
        25         1        5.790923e-01
        26         1        3.596683e-01
        27         1        5.118681e-01
        28         1       -1.211911e+00
        29         1       -9.644418e-01
        30         1        4.994582e-01
        31         1       -6.300875e-02
        32         1        2.855758e-01
        33         1       -7.049002e-01
        34         1       -4.022850e-03
        35         1       -1.312362e+00
        36         1        8.247112e-01
        37         1        7.064856e-01
        38         1       -6.160123e-01
        39         1       -7.581447e-01
        40         1        1.236381e+00
        41         1       -6.630844e-02
        42         1        8.938080e-01
        43         1       -6.391878e-01
        44         1        1.647425e+00
        45         1       -1.999040e+00
        46         1        1.275173e+00
        47         1        2.265286e-01
        48         1       -3.134018e-01
        49         1        2.334728e-01
        50         1       -6.291390e-01
        51         1        2.234469e-01
        52         1        6.514289e-01
        53         1       -1.828484e-01
        54         1       -8.395579e-02
        55         1       -5.019124e-02
        56         1        3.491628e-01
        57         1        1.459210e+00
        58         1        1.762311e+00
        59         1       -6.897790e-01
        60         1       -2.401774e-01
        61         1        1.137745e+00
        62         1       -1.367991e+00
        63         1       -1.598382e-01
        64         1        7.113399e-01
        65         1       -1.030160e+00
         1         2       -4.551531e-01
         2         2       -1.875557e+00
         3         2        3.885293e-01
         4         2        1.460920e+00
         5         2       -3.416879e-01
         6         2       -5.950782e-02
         7         2       -4.334203e-01
         8         2       -1.450747e-01
         9         2       -1.499021e+00
        10         2       -3.655235e-01
        11         2        6.389917e-01
        12         2       -7.678271e-01
        13         2        5.083831e-01
        14         2       -1.407026e+00
        15         2        1.301722e-01
        16         2        3.293145e-01
        17         2        2.645345e+00
        18         2        1.005036e+00
        19         2        5.737396e-01
        20         2        8.201500e-01
        21         2       -5.739177e-01
        22         2       -6.835377e-01
        23         2       -6.825347e-01
        24         2        1.356157e+00
        25         2       -1.082516e+00
        26         2       -1.096505e+00
        27         2        1.559235e+00
        28         2       -6.570623e-01
        29         2        1.134099e+00
        30         2        2.532791e-01
        31         2       -2.581214e-01
        32         2        4.911596e-01
        33         2       -9.307419e-02
        34         2       -2.895658e-01
        35         2        1.206654e+00
        36         2        7.385957e-01
        37         2        5.110886e-01
        38         2       -3.193160e-01
        39         2       -5.501161e-01
        40         2        7.977566e-01
        41         2       -3.698416e-01
        42         2        4.901389e-01
        43         2       -1.772684e+00
        44         2       -1.166306e+00
        45         2       -1.288679e+00
        46         2        1.402775e-01
        47         2        7.183118e-01
        48         2        2.125489e-01
        49         2        1.229728e+00
        50         2       -7.984247e-01
        51         2        6.811547e-01
        52         2        1.883892e-01
        53         2        1.059026e+00
        54         2        5.797957e-02
        55         2       -4.890043e-01
        56         2       -1.983751e+00
        57         2       -8.035293e-01
        58         2       -7.162657e-01
        59         2       -3.049976e-03
        60         2        5.827685e-01
        61         2        4.362640e-01
        62         2        9.345342e-01
        63         2       -8.537348e-01
        64         2        1.310759e+00
        65         2        1.130650e+00
         1         3       -1.335525e+00
         2         3       -9.364653e-01
         3         3       -5.661891e-02
         4         3       -2.830168e-01
         5         3        1.453838e+00
         6         3        5.044501e-01
         7         3        4.096077e-01
         8         3       -5.278860e-01
         9         3       -6.943614e-01
        10         3       -8.156284e-01
        11         3       -1.282602e+00
        12         3        5.316696e-01
        13         3       -1.373045e+00
        14         3        1.083461e-01
        15         3       -8.704237e-02
        16         3       -1.136021e-01
        17         3       -4.289106e-01
        18         3        1.005225e+00
        19         3       -1.633424e+00
        20         3        4.322514e-01
        21         3        2.482111e-01
        22         3        1.629814e+00
        23         3       -2.158113e-01
        24         3        8.202874e-01
        25         3        8.940240e-01
        26         3       -1.319504e-01
        27         3       -8.774842e-01
        28         3       -4.708379e-01
        29         3        2.402716e-01
        30         3        1.842952e-01
        31         3        1.787416e+00
        32         3        1.586898e+00
        33         3        8.562423e-01
        34         3       -1.783639e+00
        35         3        8.584591e-01
        36         3        4.532505e-01
        37         3        1.186239e+00
        38         3       -2.112329e+00
        39         3        9.993438e-01
        40         3        1.371482e+00
        41         3        1.118573e-01
        42         3        4.473074e-01
        43         3        5.121491e-02
        44         3        6.911321e-01
        45         3       -1.657398e+00
        46         3       -8.441722e-01
        47         3       -2.710780e-01
        48         3        5.635143e-01
        49         3       -4.892457e-01
        50         3        2.938551e-01
        51         3        1.502916e-01
        52         3        5.652964e-01
        53         3       -1.003456e+00
        54         3        1.387318e+00
        55         3        1.383108e-01
        56         3        1.916157e-02
        57         3        7.913341e-01
        58         3        1.135595e+00
        59         3       -5.113780e-01
        60         3       -2.583745e-01
        61         3       -1.870872e-01
        62         3        1.044300e+00
        63         3       -1.046352e+00
        64         3       -1.217551e-01
        65         3       -5.037331e-01
         1         4       -1.043577e+00
         2         4       -4.480102e-01
         3         4       -1.609506e+00
         4         4       -7.795315e-01
         5         4       -1.076801e-01
         6         4       -9.291111e-02
         7         4        1.098968e+00
         8         4       -1.200228e+00
         9         4        2.730533e-01
        10         4        8.204561e-01
        11         4       -1.932277e+00
        12         4       -6.301074e-01
        13         4       -2.441259e-01
        14         4        3.569932e-01
        15         4       -1.194131e+00
        16         4        3.704933e-01
        17         4        8.342594e-01
        18         4        4.333268e-01
        19         4        3.676889e-01
        20         4        9.708028e-02
        21         4       -5.118865e-01
        22         4       -6.436456e-01
        23         4       -4.247779e-01
        24         4       -6.260758e-01
        25         4       -9.305555e-01
        26         4        1.800442e-01
        27         4       -2.163591e-01
        28         4       -1.280333e-01
        29         4        7.618069e-01
        30         4       -2.909305e-01
        31         4       -9.986687e-02
        32         4       -6.527315e-01
        33         4       -8.650892e-01
        34         4       -1.927909e-01
        35         4        1.068663e+00
        36         4       -1.276769e+00
        37         4        1.123553e+00
        38         4        7.112094e-01
        39         4        3.235557e-01
        40         4       -2.194089e+00
        41         4       -4.151475e-01
        42         4        9.523246e-01
        43         4        1.148806e+00
        44         4        2.940924e-01
        45         4        1.195722e+00
        46         4       -9.210365e-02
        47         4       -9.890096e-01
        48         4       -5.018776e-01
        49         4       -1.168111e+00
        50         4        1.686516e+00
        51         4       -8.147211e-01
        52         4       -1.767074e+00
        53         4        7.283231e-02
        54         4       -1.340764e+00
        55         4        2.822729e-01
        56         4        1.072835e+00
        57         4       -8.266609e-01
        58         4        5.791657e-01
        59         4       -7.727397e-02
        60         4       -6.209542e-01
        61         4       -4.692139e-01
        62         4       -5.177731e-02
        63         4        1.246983e+00
        64         4        4.586000e-01
        65         4       -2.095974e+00
         1         5       -3.181731e-01
         2         5       -9.153950e-01
         3         5        6.995814e-01
         4         5        1.206471e+00
         5         5       -1.235872e+00
         6         5       -7.602332e-01
         7         5       -2.046354e-01
         8         5       -3.760499e-01
         9         5        1.045425e+00
        10         5       -1.067763e-01
        11         5        8.386289e-01
        12         5        1.169207e+00
        13         5        1.636044e+00
        14         5        1.320531e+00
        15         5       -1.438203e+00
        16         5        9.510359e-01
        17         5       -6.898075e-01
        18         5        3.140194e-01
        19         5        1.189646e+00
        20         5        2.242397e+00
        21         5        6.481112e-01
        22         5       -1.186968e+00
        23         5        7.559179e-01
        24         5        5.455318e-01
        25         5        1.463964e+00
        26         5        8.100554e-01
        27         5        1.101542e+00
        28         5       -4.099742e-01
        29         5       -1.134345e+00
        30         5        6.187173e-01
        31         5       -7.564188e-01
        32         5       -1.910669e+00
        33         5        1.493450e-01
        34         5       -2.466821e-01
        35         5       -2.141159e-01
        36         5        3.917788e-01
        37         5       -5.946211e-01
        38         5        9.400549e-01
        39         5        6.174803e-01
        40         5       -4.467248e-01
        41         5        1.256107e+00
        42         5        2.319097e-01
        43         5       -3.410911e-01
        44         5        5.042329e-01
        45         5       -5.817614e-01
        46         5        1.456745e+00
        47         5        9.932558e-01
        48         5        8.529766e-03
        49         5        9.401782e-01
        50         5        4.792111e-01
        51         5        1.085035e-02
        52         5       -6.305993e-01
        53         5       -2.791181e-01
        54         5        1.127028e+00
        55         5       -8.166589e-01
        56         5        5.278123e-01
        57         5       -5.267615e-01
        58         5       -1.558338e+00
        59         5        4.536898e-01
        60         5        4.796132e-01
        61         5       -1.004629e+00
        62         5       -1.043512e+00
        63         5        2.321330e-01
        64         5        4.519361e-01
        65         5        1.499606e-01
;

param theta:=
    1       -9.032542e-01
    2        2.499538e-01
    3        2.000142e+00
    4       -2.734985e-02
    5       -1.975093e-04
;
param X_true:=
    1       -1.404214e+00
    2       -2.009009e+00
    3        4.740730e-01
    4       -1.293853e+00
    5        2.756802e+00
    6        1.435902e+00
    7        9.805977e-01
    8       -2.544652e+00
    9       -1.211928e+00
   10       -2.423221e+00
   11       -1.578497e+00
   12        1.671775e+00
   13       -2.737613e+00
   14       -1.068538e+00
   15        2.031134e+00
   16        5.433772e-01
   17        7.167565e-01
   18        2.200751e+00
   19       -3.515282e+00
   20        5.814921e-01
   21        1.073795e+00
   22        2.759647e+00
   23       -1.716595e+00
   24        9.448189e-01
   25        1.020995e+00
   26       -8.667850e-01
   27       -1.822422e+00
   28       -7.543549e-03
   29        1.613882e+00
   30       -1.202202e-02
   31        3.570390e+00
   32        3.057646e+00
   33        2.351723e+00
   34       -3.632208e+00
   35        3.175845e+00
   36        3.801640e-01
   37        1.831644e+00
   38       -3.768989e+00
   39        2.536162e+00
   40        1.886464e+00
   41        2.024913e-01
   42        1.841949e-01
   43        2.052868e-01
   44       -4.072760e-01
   45       -1.863821e+00
   46       -2.802843e+00
   47       -5.411458e-01
   48        1.476344e+00
   49       -8.498249e-01
   50        9.119814e-01
   51        2.906221e-01
   52        6.364751e-01
   53       -1.577887e+00
   54        2.901903e+00
   55        1.927011e-01
   56       -8.032130e-01
   57        8.602876e-02
   58        4.853793e-01
   59       -3.976351e-01
   60       -1.361949e-01
   61       -1.279202e+00
   62        3.559590e+00
   63       -2.195244e+00
   64       -5.721250e-01
   65        2.631380e-01
;
param X:=
    1       -1.652148e+00
    2       -2.009009e+00
    3        2.480493e-01
    4       -5.369831e-01
    5        1.127555e+00
    6        7.827239e-01
    7        1.693237e+00
    8       -2.598006e+00
    9       -9.071851e-01
   10       -4.227529e-01
   11        6.530854e-02
   12        1.671775e+00
   13        1.752906e-01
   14       -9.256205e-01
   15       -4.056336e-02
   16        3.080597e-01
   17        7.167565e-01
   18        2.200751e+00
   19       -1.477538e+00
   20        1.783785e+00
   21       -1.101038e-01
   22        5.089975e-01
   23       -1.047113e+00
   24        9.448189e-01
   25        9.351445e-01
   26       -8.667850e-01
   27        3.907464e-01
   28        5.127050e-01
   29        4.552219e-01
   30       -3.311867e-01
   31        5.062266e-01
   32        1.930317e-01
   33        2.351723e+00
   34       -3.632208e+00
   35        1.271373e+00
   36        6.439347e-01
   37        6.884917e-01
   38       -1.276587e+00
   39        2.536162e+00
   40        1.460077e-01
   41        4.502414e-01
   42        1.122513e+00
   43        7.075412e-01
   44        6.643642e-01
   45       -2.524687e+00
   46        8.653877e-02
   47       -6.901319e-01
   48        3.640548e-01
   49       -9.600508e-01
   50        9.119814e-01
   51        6.214634e-01
   52       -1.579104e-01
   53       -3.570543e-01
   54        1.021911e+00
   55       -3.908365e-02
   56       -8.032130e-01
   57       -5.441033e-01
   58       -6.203880e-01
   59        8.180896e-02
   60        1.090839e+00
   61       -1.279202e+00
   62        3.559590e+00
   63       -3.240245e-01
   64        6.226222e-02
   65        1.983324e-01
;
param outliervec:=
    1    1
    2    0
    3    1
    4    1
    5    1
    6    1
    7    1
    8    1
    9    1
   10    1
   11    1
   12    0
   13    1
   14    1
   15    1
   16    1
   17    0
   18    0
   19    1
   20    1
   21    1
   22    1
   23    1
   24    0
   25    1
   26    0
   27    1
   28    1
   29    1
   30    1
   31    1
   32    1
   33    0
   34    0
   35    1
   36    1
   37    1
   38    1
   39    0
   40    1
   41    1
   42    1
   43    1
   44    1
   45    1
   46    1
   47    1
   48    1
   49    1
   50    0
   51    1
   52    1
   53    1
   54    1
   55    1
   56    0
   57    1
   58    1
   59    1
   60    1
   61    0
   62    0
   63    1
   64    1
   65    1
; 
param greedy_time :=         4.930666e-01
;