data;


param FN:= 1;
param D:= 100;
param U_Original:=
         1         1        1.975404e-01
         2         1        4.767412e-01
         3         1        2.995685e-01
         4         1        3.122365e-01
         5         1        1.875435e+00
         6         1       -8.717195e-02
         7         1        3.678152e-01
         8         1       -3.833158e-01
         9         1        1.900406e+00
        10         1       -1.025478e+00
        11         1       -1.001098e+00
        12         1       -1.173691e+00
        13         1        1.117812e+00
        14         1        3.052115e-01
        15         1       -1.635745e+00
        16         1       -3.346946e-02
        17         1       -4.207332e-01
        18         1       -2.529453e+00
        19         1        4.876000e-01
        20         1       -9.584337e-01
        21         1        7.986070e-01
        22         1        1.583470e+00
        23         1       -1.213755e+00
        24         1        9.909153e-01
        25         1       -2.477548e-01
        26         1        1.490371e-01
        27         1       -1.093685e+00
        28         1        1.478860e-01
        29         1       -9.116776e-01
        30         1       -2.320434e+00
        31         1       -5.568743e-01
        32         1        2.217501e-01
        33         1        7.853356e-01
        34         1        4.659909e-01
        35         1       -6.159006e-02
        36         1        8.951203e-01
        37         1        3.695687e-01
        38         1        2.880433e+00
        39         1        1.574571e+00
        40         1       -4.711770e-01
        41         1       -2.807032e-01
        42         1       -6.692677e-01
        43         1       -2.386219e-01
        44         1       -7.778626e-01
        45         1       -8.631575e-01
        46         1        1.400810e-01
        47         1        1.362298e-01
        48         1       -5.323282e-01
        49         1       -7.301462e-01
        50         1        1.166419e+00
        51         1       -3.199528e-01
        52         1       -2.144239e+00
        53         1       -8.916132e-01
        54         1       -4.545389e-01
        55         1        1.021755e+00
        56         1        5.648095e-01
        57         1       -1.181632e+00
        58         1       -2.619672e-01
        59         1       -1.042807e+00
        60         1       -9.606959e-01
        61         1        9.488703e-01
        62         1        6.635773e-01
        63         1       -7.255728e-01
        64         1       -8.056096e-01
        65         1        5.397290e-01
        66         1        3.515772e-01
        67         1        2.389821e-01
        68         1       -3.022632e-01
        69         1       -8.943552e-01
        70         1        1.001038e+00
        71         1       -8.732662e-01
        72         1       -2.840817e-01
        73         1       -2.894886e-01
        74         1       -5.539034e-01
        75         1       -6.926312e-01
        76         1       -8.503504e-01
        77         1       -8.193444e-01
        78         1        3.473199e-01
        79         1        7.721031e-01
        80         1        2.033671e-01
        81         1       -5.237089e-01
        82         1       -1.262222e+00
        83         1       -9.395778e-01
        84         1       -4.735713e-01
        85         1       -1.121812e-01
        86         1        2.287268e-01
        87         1       -1.236268e+00
        88         1        1.474797e+00
        89         1       -1.737022e-01
        90         1        1.011848e+00
        91         1        9.937182e-01
        92         1        2.648228e-01
        93         1       -1.679281e+00
        94         1       -6.776376e-01
        95         1        5.686943e-02
        96         1       -4.139637e-01
        97         1        3.395622e-01
        98         1        3.518799e-01
        99         1        8.222460e-01
       100         1        2.163433e-01
         1         2        1.445987e+00
         2         2        8.405313e-02
         3         2        6.301694e-01
         4         2        1.414166e+00
         5         2       -7.054277e-01
         6         2       -3.198056e-01
         7         2        1.085799e+00
         8         2        7.045562e-01
         9         2       -3.841091e-02
        10         2        4.930265e-01
        11         2       -1.567607e+00
        12         2        7.337056e-01
        13         2       -6.994242e-01
        14         2       -5.050957e-01
        15         2       -1.043819e+00
        16         2        1.754314e-03
        17         2        2.994663e-01
        18         2        1.586975e-01
        19         2        1.233999e+00
        20         2       -1.465990e-01
        21         2        7.091862e-01
        22         2       -3.543812e-01
        23         2       -1.230209e+00
        24         2       -2.381393e-01
        25         2        1.733783e+00
        26         2       -5.639862e-01
        27         2        2.737719e-01
        28         2        7.955263e-01
        29         2       -7.783080e-01
        30         2        1.483922e+00
        31         2       -2.210064e+00
        32         2        8.180954e-01
        33         2       -5.331575e-01
        34         2       -1.081110e+00
        35         2       -4.222311e-01
        36         2        1.758898e+00
        37         2       -6.721303e-01
        38         2        3.439368e-02
        39         2        1.654327e-01
        40         2       -9.041448e-01
        41         2       -5.317506e-01
        42         2       -9.525328e-01
        43         2        7.563218e-01
        44         2        7.132783e-02
        45         2       -2.031363e+00
        46         2       -1.507438e+00
        47         2       -8.881439e-02
        48         2       -6.237770e-01
        49         2        5.504142e-02
        50         2       -9.276102e-01
        51         2        4.355705e-01
        52         2       -7.767169e-01
        53         2       -9.093122e-01
        54         2        2.826689e-01
        55         2       -9.931373e-01
        56         2       -5.499444e-03
        57         2        1.399255e+00
        58         2       -4.843928e-01
        59         2        1.328107e+00
        60         2        9.694648e-01
        61         2        7.590426e-02
        62         2       -1.943628e-01
        63         2       -9.058260e-01
        64         2       -1.048479e+00
        65         2       -5.276697e-01
        66         2        1.556076e-01
        67         2        1.195058e+00
        68         2        6.634692e-01
        69         2        1.179151e+00
        70         2       -1.573385e-02
        71         2       -3.383891e-01
        72         2        1.661503e+00
        73         2        1.021344e+00
        74         2       -1.330310e+00
        75         2       -2.359572e-02
        76         2       -4.476620e+00
        77         2       -3.850277e-01
        78         2        1.410549e-01
        79         2        1.690987e+00
        80         2       -6.175502e-01
        81         2       -2.755553e+00
        82         2        4.912155e-01
        83         2        1.936681e+00
        84         2       -1.509442e+00
        85         2       -1.126766e+00
        86         2        9.531496e-01
        87         2        3.844521e-01
        88         2       -4.926729e-01
        89         2       -1.882173e+00
        90         2       -9.267719e-01
        91         2       -3.207522e-02
        92         2       -2.855545e+00
        93         2        1.127942e+00
        94         2       -1.015182e+00
        95         2       -7.996317e-01
        96         2        3.284653e-01
        97         2        2.604888e-02
        98         2        1.350391e+00
        99         2       -2.050677e+00
       100         2       -2.047088e-01
         1         3        5.691498e-02
         2         3        1.120806e+00
         3         3        6.816159e-02
         4         3        2.325006e-01
         5         3        3.998595e-01
         6         3       -8.219129e-01
         7         3       -7.315467e-01
         8         3       -1.565201e-01
         9         3       -6.232212e-01
        10         3        1.607554e+00
        11         3        1.018267e+00
        12         3       -6.049219e-01
        13         3       -7.951569e-01
        14         3       -4.997976e-01
        15         3        1.434780e-01
        16         3       -5.716185e-01
        17         3        1.052089e+00
        18         3       -7.780826e-01
        19         3       -5.518662e-01
        20         3       -1.419363e+00
        21         3        1.797287e-01
        22         3       -7.709452e-01
        23         3       -4.334749e-01
        24         3       -1.347792e+00
        25         3       -3.360270e-01
        26         3       -1.322459e+00
        27         3       -8.097715e-01
        28         3       -1.139549e+00
        29         3        5.747723e-01
        30         3        4.944647e-01
        31         3       -3.129613e-01
        32         3       -6.910587e-01
        33         3       -2.046283e+00
        34         3       -7.123475e-01
        35         3        5.130157e-02
        36         3       -2.889965e-02
        37         3       -7.885065e-01
        38         3       -1.286606e+00
        39         3       -1.369113e+00
        40         3        1.504375e+00
        41         3       -6.185789e-01
        42         3        3.757972e-01
        43         3       -9.620053e-01
        44         3        5.659097e-01
        45         3        5.631615e-01
        46         3       -1.553591e-01
        47         3       -2.478295e-02
        48         3       -1.608986e+00
        49         3       -7.204989e-01
        50         3       -1.097849e+00
        51         3        1.533195e-01
        52         3        1.122724e-01
        53         3       -1.212355e+00
        54         3       -9.343562e-01
        55         3       -2.365454e-01
        56         3       -1.645950e+00
        57         3        3.000748e-01
        58         3        1.111994e+00
        59         3        1.074705e+00
        60         3       -1.425559e+00
        61         3        1.352649e-01
        62         3       -4.868764e-01
        63         3       -5.343355e-01
        64         3        1.569474e+00
        65         3       -2.710515e+00
        66         3        5.128728e-01
        67         3       -6.955287e-01
        68         3       -4.891534e-01
        69         3        2.389381e-01
        70         3        3.205885e-01
        71         3        1.538961e+00
        72         3        8.059275e-01
        73         3        2.204545e+00
        74         3       -1.452653e+00
        75         3        2.637825e+00
        76         3        4.001575e-01
        77         3        6.788472e-01
        78         3        3.959324e-01
        79         3       -1.248144e+00
        80         3       -7.290063e-02
        81         3        9.211485e-02
        82         3       -5.178616e-01
        83         3        8.444555e-01
        84         3        3.626444e-02
        85         3       -4.348201e-01
        86         3        6.924062e-01
        87         3       -1.146319e+00
        88         3        7.051623e-01
        89         3       -7.146792e-01
        90         3        5.418379e-01
        91         3        1.932981e+00
        92         3       -4.613278e-01
        93         3       -1.176373e+00
        94         3        7.972900e-02
        95         3       -4.247917e-01
        96         3       -2.490358e-01
        97         3       -1.653773e+00
        98         3       -5.547575e-01
        99         3        1.320036e-01
       100         3       -2.681141e+00
         1         4       -1.510599e+00
         2         4        8.452254e-01
         3         4       -1.670044e-01
         4         4       -1.543393e-01
         5         4        3.076632e-01
         6         4       -3.273271e-01
         7         4        5.026894e-01
         8         4        5.949624e-01
         9         4        6.590631e-01
        10         4       -1.407934e+00
        11         4       -9.476256e-01
        12         4       -6.660912e-01
        13         4        1.827447e+00
        14         4       -1.649702e+00
        15         4       -1.138384e+00
        16         4       -1.013985e+00
        17         4        8.902109e-01
        18         4       -3.763713e-01
        19         4        4.758528e-01
        20         4        2.992566e-01
        21         4        4.909235e-01
        22         4       -9.501478e-01
        23         4        9.850349e-01
        24         4       -2.641819e-01
        25         4       -8.662901e-01
        26         4        4.588514e-01
        27         4       -4.825501e-01
        28         4       -7.301432e-01
        29         4       -4.106651e-01
        30         4        6.099120e-01
        31         4        2.096267e-01
        32         4       -1.036907e+00
        33         4       -1.273682e+00
        34         4        6.411687e-01
        35         4        5.345863e-01
        36         4        8.491590e-01
        37         4        8.701737e-01
        38         4       -1.175375e-01
        39         4       -2.001519e+00
        40         4       -1.219620e+00
        41         4       -8.785115e-01
        42         4       -1.861651e+00
        43         4       -5.731013e-01
        44         4       -1.602507e-01
        45         4       -8.917157e-01
        46         4        9.283544e-01
        47         4        1.205997e+00
        48         4        2.063018e+00
        49         4       -2.206392e-01
        50         4        1.516921e+00
        51         4       -6.983571e-01
        52         4        1.303606e+00
        53         4        4.317305e-01
        54         4       -5.647826e-02
        55         4        1.769522e+00
        56         4       -6.344204e-01
        57         4       -2.121660e+00
        58         4       -1.140645e+00
        59         4        9.547906e-01
        60         4       -3.586292e-02
        61         4        1.374845e+00
        62         4       -4.956819e-01
        63         4       -8.244911e-01
        64         4       -2.218396e-01
        65         4       -1.015583e+00
        66         4        2.972334e-01
        67         4        6.259062e-01
        68         4        8.208253e-02
        69         4        3.164620e-01
        70         4       -2.081557e+00
        71         4        1.629890e+00
        72         4        1.774680e-02
        73         4        1.821640e+00
        74         4       -6.140046e-02
        75         4        1.143404e+00
        76         4       -2.771758e-01
        77         4       -8.663392e-01
        78         4       -1.399227e+00
        79         4       -1.002609e+00
        80         4        6.178816e-01
        81         4        6.239353e-01
        82         4        8.796896e-02
        83         4        8.392291e-01
        84         4        2.881462e-01
        85         4        1.440735e-01
        86         4       -9.692892e-01
        87         4       -7.997130e-02
        88         4        4.159980e-01
        89         4        6.801084e-01
        90         4        2.671801e-01
        91         4        6.663774e-01
        92         4       -1.268129e+00
        93         4       -1.247164e+00
        94         4       -1.122311e+00
        95         4       -2.266123e-01
        96         4        2.225962e-01
        97         4        9.217999e-01
        98         4       -5.177404e-01
        99         4        4.005246e-01
       100         4        6.812090e-01
         1         5        6.225486e-01
         2         5        4.048707e-01
         3         5       -9.001287e-01
         4         5        2.425570e+00
         5         5        3.360824e-01
         6         5       -5.385240e-01
         7         5       -3.917491e-01
         8         5       -2.183478e-01
         9         5        5.595843e-01
        10         5       -1.238802e-01
        11         5       -1.657672e-01
        12         5        1.460966e+00
        13         5       -5.998738e-01
        14         5        1.488675e+00
        15         5       -3.294067e-01
        16         5       -1.908691e+00
        17         5       -1.707858e-02
        18         5       -6.657767e-01
        19         5       -3.229018e-01
        20         5        1.710421e-01
        21         5       -5.782217e-01
        22         5        6.537276e-01
        23         5       -5.652933e-03
        24         5        2.374247e-02
        25         5       -1.062716e+00
        26         5       -1.647823e+00
        27         5       -1.611462e+00
        28         5        3.910289e-01
        29         5        1.432571e+00
        30         5       -5.450674e-02
        31         5       -1.241000e+00
        32         5       -8.962753e-01
        33         5        4.795637e-01
        34         5        1.811372e+00
        35         5       -7.326181e-01
        36         5        6.955652e-01
        37         5        2.468568e-01
        38         5        2.705852e-01
        39         5        1.033583e+00
        40         5        2.199912e+00
        41         5        1.134394e+00
        42         5        2.659991e-01
        43         5        4.166212e-01
        44         5        5.230739e-01
        45         5       -1.488594e+00
        46         5        8.369641e-01
        47         5       -9.941784e-01
        48         5        7.312087e-01
        49         5        3.917667e-02
        50         5       -1.536105e+00
        51         5       -1.076499e+00
        52         5        1.971086e-01
        53         5        1.482195e-02
        54         5        1.076559e+00
        55         5        1.423511e-01
        56         5       -1.180343e+00
        57         5        8.398835e-01
        58         5        4.719005e-02
        59         5       -1.591440e+00
        60         5        1.026129e-01
        61         5        6.291192e-01
        62         5       -1.061849e+00
        63         5        8.626322e-01
        64         5        1.462810e-01
        65         5        1.703729e-01
        66         5       -1.782018e+00
        67         5       -5.083588e-01
        68         5        7.621051e-01
        69         5        1.185236e-01
        70         5       -5.201332e-01
        71         5        1.449531e-01
        72         5       -1.310091e+00
        73         5       -8.832993e-02
        74         5        1.038767e+00
        75         5        6.034917e-01
        76         5       -8.591351e-01
        77         5       -2.279994e+00
        78         5        7.910792e-01
        79         5       -1.276414e+00
        80         5       -6.349744e-01
        81         5       -5.469080e-01
        82         5        3.748847e-01
        83         5        3.407389e-01
        84         5        1.433460e+00
        85         5       -1.205409e+00
        86         5        2.541562e+00
        87         5        8.933210e-02
        88         5       -1.920847e-01
        89         5       -4.790131e-01
        90         5        1.203627e-01
        91         5       -3.499460e-01
        92         5       -1.337603e+00
        93         5       -4.248429e-01
        94         5       -5.584446e-01
        95         5        2.012676e-01
        96         5        7.124889e-01
        97         5        9.843335e-01
        98         5       -8.754790e-01
        99         5        3.918365e-01
       100         5       -1.753427e-01
;
param X_Original:=
    1       -5.236401e-01
    2       -3.586585e-02
    3        4.600828e-01
    4        8.849692e-01
    5        1.522828e-01
    6        1.600153e-01
    7        2.948813e-01
    8       -6.249638e-01
    9       -7.987953e-01
   10       -3.468457e+00
   11        5.467586e-01
   12       -4.418438e-01
   13       -9.960898e-02
   14        8.116293e-01
   15       -6.253554e-01
   16        3.286115e-01
   17       -3.283426e-01
   18       -1.545816e+00
   19       -1.639350e+00
   20       -4.879608e-01
   21       -2.012684e+00
   22       -9.634295e-01
   23        1.284641e+00
   24        7.840493e-01
   25       -1.839685e+00
   26       -1.480804e+00
   27       -1.485335e-01
   28        6.222356e-01
   29        3.002576e-01
   30       -2.183476e+00
   31        7.993201e-01
   32        1.546646e+00
   33       -6.501327e-01
   34       -2.214539e+00
   35       -6.906461e-01
   36       -1.607800e+00
   37       -4.526231e-01
   38        8.389638e-01
   39        1.035292e+00
   40       -5.293466e-01
   41        5.773093e-01
   42        8.362481e-02
   43        3.279457e-01
   44       -1.538730e+00
   45       -3.451686e-01
   46        4.791855e-01
   47       -7.203993e-01
   48       -6.603166e-01
   49        1.244209e-01
   50        1.565205e-01
   51       -1.695130e+00
   52        8.522161e-01
   53        1.156338e-01
   54        3.250012e-02
   55       -3.699977e-01
   56        1.378170e+00
   57        7.379830e-01
   58        3.762796e-02
   59       -1.961713e-01
   60       -1.022935e+00
   61        7.116354e-01
   62        1.686032e-01
   63        6.792605e-01
   64        2.109202e-01
   65        4.022911e+00
   66        4.028339e-01
   67        3.910021e-01
   68        1.062470e+00
   69       -1.899721e+00
   70        9.872239e-01
   71       -1.373747e-01
   72        7.835764e-02
   73        1.153758e+00
   74       -2.915719e-01
   75       -1.509535e+00
   76       -1.141512e+00
   77       -1.177052e-01
   78       -1.077681e+00
   79       -8.671812e-01
   80        1.173230e-01
   81       -8.027754e-01
   82        1.718158e-01
   83        2.893943e-01
   84       -1.023898e+00
   85       -4.604733e-01
   86       -1.101098e+00
   87        7.631770e-01
   88        2.364471e-01
   89        7.488020e-01
   90        1.834236e+00
   91        5.536417e-01
   92        1.184909e+00
   93       -2.359139e+00
   94        2.140693e-02
   95       -4.678078e-02
   96       -1.632946e-01
   97       -1.575292e+00
   98        9.797462e-01
   99       -2.016675e-02
  100       -5.412054e-01
;
param outliervec_original :=
    1    1
    2    0
    3    1
    4    1
    5    1
    6    1
    7    0
    8    1
    9    1
   10    0
   11    1
   12    0
   13    1
   14    1
   15    1
   16    1
   17    1
   18    1
   19    1
   20    1
   21    1
   22    1
   23    1
   24    1
   25    1
   26    1
   27    1
   28    1
   29    1
   30    1
   31    1
   32    1
   33    1
   34    1
   35    0
   36    1
   37    1
   38    1
   39    1
   40    1
   41    1
   42    1
   43    1
   44    1
   45    1
   46    1
   47    1
   48    1
   49    1
   50    1
   51    1
   52    1
   53    0
   54    1
   55    1
   56    0
   57    1
   58    1
   59    1
   60    1
   61    1
   62    1
   63    0
   64    1
   65    0
   66    1
   67    1
   68    1
   69    1
   70    0
   71    1
   72    1
   73    1
   74    1
   75    1
   76    1
   77    1
   78    1
   79    1
   80    0
   81    1
   82    1
   83    1
   84    1
   85    0
   86    1
   87    1
   88    1
   89    0
   90    1
   91    1
   92    1
   93    0
   94    1
   95    1
   96    1
   97    1
   98    1
   99    1
  100    1
;
param d:= 65;
param r:=5;
param p:=0.860000;
param M:=1000;
param U:=
         1         1        1.975404e-01
         2         1        4.767412e-01
         3         1        2.995685e-01
         4         1       -8.717195e-02
         5         1        3.678152e-01
         6         1       -3.833158e-01
         7         1       -1.025478e+00
         8         1       -1.001098e+00
         9         1       -1.173691e+00
        10         1        3.052115e-01
        11         1       -1.635745e+00
        12         1       -3.346946e-02
        13         1       -4.207332e-01
        14         1       -2.529453e+00
        15         1       -9.584337e-01
        16         1       -1.213755e+00
        17         1        9.909153e-01
        18         1       -2.477548e-01
        19         1       -1.093685e+00
        20         1        1.478860e-01
        21         1       -9.116776e-01
        22         1       -2.320434e+00
        23         1       -5.568743e-01
        24         1       -6.159006e-02
        25         1        8.951203e-01
        26         1        1.574571e+00
        27         1       -4.711770e-01
        28         1       -2.807032e-01
        29         1       -6.692677e-01
        30         1       -2.386219e-01
        31         1       -7.778626e-01
        32         1       -8.631575e-01
        33         1        1.362298e-01
        34         1       -7.301462e-01
        35         1       -3.199528e-01
        36         1       -8.916132e-01
        37         1       -4.545389e-01
        38         1        5.648095e-01
        39         1       -2.619672e-01
        40         1       -9.606959e-01
        41         1        9.488703e-01
        42         1        6.635773e-01
        43         1       -7.255728e-01
        44         1       -8.056096e-01
        45         1        5.397290e-01
        46         1        3.515772e-01
        47         1        2.389821e-01
        48         1       -8.943552e-01
        49         1        1.001038e+00
        50         1       -8.732662e-01
        51         1       -6.926312e-01
        52         1       -8.193444e-01
        53         1        3.473199e-01
        54         1        7.721031e-01
        55         1        2.033671e-01
        56         1        2.287268e-01
        57         1        1.474797e+00
        58         1       -1.737022e-01
        59         1        1.011848e+00
        60         1        9.937182e-01
        61         1        2.648228e-01
        62         1       -1.679281e+00
        63         1       -6.776376e-01
        64         1        5.686943e-02
        65         1       -4.139637e-01
         1         2        1.445987e+00
         2         2        8.405313e-02
         3         2        6.301694e-01
         4         2       -3.198056e-01
         5         2        1.085799e+00
         6         2        7.045562e-01
         7         2        4.930265e-01
         8         2       -1.567607e+00
         9         2        7.337056e-01
        10         2       -5.050957e-01
        11         2       -1.043819e+00
        12         2        1.754314e-03
        13         2        2.994663e-01
        14         2        1.586975e-01
        15         2       -1.465990e-01
        16         2       -1.230209e+00
        17         2       -2.381393e-01
        18         2        1.733783e+00
        19         2        2.737719e-01
        20         2        7.955263e-01
        21         2       -7.783080e-01
        22         2        1.483922e+00
        23         2       -2.210064e+00
        24         2       -4.222311e-01
        25         2        1.758898e+00
        26         2        1.654327e-01
        27         2       -9.041448e-01
        28         2       -5.317506e-01
        29         2       -9.525328e-01
        30         2        7.563218e-01
        31         2        7.132783e-02
        32         2       -2.031363e+00
        33         2       -8.881439e-02
        34         2        5.504142e-02
        35         2        4.355705e-01
        36         2       -9.093122e-01
        37         2        2.826689e-01
        38         2       -5.499444e-03
        39         2       -4.843928e-01
        40         2        9.694648e-01
        41         2        7.590426e-02
        42         2       -1.943628e-01
        43         2       -9.058260e-01
        44         2       -1.048479e+00
        45         2       -5.276697e-01
        46         2        1.556076e-01
        47         2        1.195058e+00
        48         2        1.179151e+00
        49         2       -1.573385e-02
        50         2       -3.383891e-01
        51         2       -2.359572e-02
        52         2       -3.850277e-01
        53         2        1.410549e-01
        54         2        1.690987e+00
        55         2       -6.175502e-01
        56         2        9.531496e-01
        57         2       -4.926729e-01
        58         2       -1.882173e+00
        59         2       -9.267719e-01
        60         2       -3.207522e-02
        61         2       -2.855545e+00
        62         2        1.127942e+00
        63         2       -1.015182e+00
        64         2       -7.996317e-01
        65         2        3.284653e-01
         1         3        5.691498e-02
         2         3        1.120806e+00
         3         3        6.816159e-02
         4         3       -8.219129e-01
         5         3       -7.315467e-01
         6         3       -1.565201e-01
         7         3        1.607554e+00
         8         3        1.018267e+00
         9         3       -6.049219e-01
        10         3       -4.997976e-01
        11         3        1.434780e-01
        12         3       -5.716185e-01
        13         3        1.052089e+00
        14         3       -7.780826e-01
        15         3       -1.419363e+00
        16         3       -4.334749e-01
        17         3       -1.347792e+00
        18         3       -3.360270e-01
        19         3       -8.097715e-01
        20         3       -1.139549e+00
        21         3        5.747723e-01
        22         3        4.944647e-01
        23         3       -3.129613e-01
        24         3        5.130157e-02
        25         3       -2.889965e-02
        26         3       -1.369113e+00
        27         3        1.504375e+00
        28         3       -6.185789e-01
        29         3        3.757972e-01
        30         3       -9.620053e-01
        31         3        5.659097e-01
        32         3        5.631615e-01
        33         3       -2.478295e-02
        34         3       -7.204989e-01
        35         3        1.533195e-01
        36         3       -1.212355e+00
        37         3       -9.343562e-01
        38         3       -1.645950e+00
        39         3        1.111994e+00
        40         3       -1.425559e+00
        41         3        1.352649e-01
        42         3       -4.868764e-01
        43         3       -5.343355e-01
        44         3        1.569474e+00
        45         3       -2.710515e+00
        46         3        5.128728e-01
        47         3       -6.955287e-01
        48         3        2.389381e-01
        49         3        3.205885e-01
        50         3        1.538961e+00
        51         3        2.637825e+00
        52         3        6.788472e-01
        53         3        3.959324e-01
        54         3       -1.248144e+00
        55         3       -7.290063e-02
        56         3        6.924062e-01
        57         3        7.051623e-01
        58         3       -7.146792e-01
        59         3        5.418379e-01
        60         3        1.932981e+00
        61         3       -4.613278e-01
        62         3       -1.176373e+00
        63         3        7.972900e-02
        64         3       -4.247917e-01
        65         3       -2.490358e-01
         1         4       -1.510599e+00
         2         4        8.452254e-01
         3         4       -1.670044e-01
         4         4       -3.273271e-01
         5         4        5.026894e-01
         6         4        5.949624e-01
         7         4       -1.407934e+00
         8         4       -9.476256e-01
         9         4       -6.660912e-01
        10         4       -1.649702e+00
        11         4       -1.138384e+00
        12         4       -1.013985e+00
        13         4        8.902109e-01
        14         4       -3.763713e-01
        15         4        2.992566e-01
        16         4        9.850349e-01
        17         4       -2.641819e-01
        18         4       -8.662901e-01
        19         4       -4.825501e-01
        20         4       -7.301432e-01
        21         4       -4.106651e-01
        22         4        6.099120e-01
        23         4        2.096267e-01
        24         4        5.345863e-01
        25         4        8.491590e-01
        26         4       -2.001519e+00
        27         4       -1.219620e+00
        28         4       -8.785115e-01
        29         4       -1.861651e+00
        30         4       -5.731013e-01
        31         4       -1.602507e-01
        32         4       -8.917157e-01
        33         4        1.205997e+00
        34         4       -2.206392e-01
        35         4       -6.983571e-01
        36         4        4.317305e-01
        37         4       -5.647826e-02
        38         4       -6.344204e-01
        39         4       -1.140645e+00
        40         4       -3.586292e-02
        41         4        1.374845e+00
        42         4       -4.956819e-01
        43         4       -8.244911e-01
        44         4       -2.218396e-01
        45         4       -1.015583e+00
        46         4        2.972334e-01
        47         4        6.259062e-01
        48         4        3.164620e-01
        49         4       -2.081557e+00
        50         4        1.629890e+00
        51         4        1.143404e+00
        52         4       -8.663392e-01
        53         4       -1.399227e+00
        54         4       -1.002609e+00
        55         4        6.178816e-01
        56         4       -9.692892e-01
        57         4        4.159980e-01
        58         4        6.801084e-01
        59         4        2.671801e-01
        60         4        6.663774e-01
        61         4       -1.268129e+00
        62         4       -1.247164e+00
        63         4       -1.122311e+00
        64         4       -2.266123e-01
        65         4        2.225962e-01
         1         5        6.225486e-01
         2         5        4.048707e-01
         3         5       -9.001287e-01
         4         5       -5.385240e-01
         5         5       -3.917491e-01
         6         5       -2.183478e-01
         7         5       -1.238802e-01
         8         5       -1.657672e-01
         9         5        1.460966e+00
        10         5        1.488675e+00
        11         5       -3.294067e-01
        12         5       -1.908691e+00
        13         5       -1.707858e-02
        14         5       -6.657767e-01
        15         5        1.710421e-01
        16         5       -5.652933e-03
        17         5        2.374247e-02
        18         5       -1.062716e+00
        19         5       -1.611462e+00
        20         5        3.910289e-01
        21         5        1.432571e+00
        22         5       -5.450674e-02
        23         5       -1.241000e+00
        24         5       -7.326181e-01
        25         5        6.955652e-01
        26         5        1.033583e+00
        27         5        2.199912e+00
        28         5        1.134394e+00
        29         5        2.659991e-01
        30         5        4.166212e-01
        31         5        5.230739e-01
        32         5       -1.488594e+00
        33         5       -9.941784e-01
        34         5        3.917667e-02
        35         5       -1.076499e+00
        36         5        1.482195e-02
        37         5        1.076559e+00
        38         5       -1.180343e+00
        39         5        4.719005e-02
        40         5        1.026129e-01
        41         5        6.291192e-01
        42         5       -1.061849e+00
        43         5        8.626322e-01
        44         5        1.462810e-01
        45         5        1.703729e-01
        46         5       -1.782018e+00
        47         5       -5.083588e-01
        48         5        1.185236e-01
        49         5       -5.201332e-01
        50         5        1.449531e-01
        51         5        6.034917e-01
        52         5       -2.279994e+00
        53         5        7.910792e-01
        54         5       -1.276414e+00
        55         5       -6.349744e-01
        56         5        2.541562e+00
        57         5       -1.920847e-01
        58         5       -4.790131e-01
        59         5        1.203627e-01
        60         5       -3.499460e-01
        61         5       -1.337603e+00
        62         5       -4.248429e-01
        63         5       -5.584446e-01
        64         5        2.012676e-01
        65         5        7.124889e-01
;

param theta:=
    1        1.577005e+00
    2       -5.024292e-01
    3       -9.255042e-01
    4       -5.477104e-02
    5        8.956520e-01
;
param X_true:=
    1        1.446592e-01
    2       -3.586585e-02
    3       -6.347291e-01
    4        2.157031e-01
    5        2.948813e-01
    6       -1.119592e+00
    7       -3.468457e+00
    8       -1.745066e+00
    9       -4.418438e-01
   10        2.570677e+00
   11       -2.443781e+00
   12       -1.053679e+00
   13       -1.835526e+00
   14       -3.955095e+00
   15       -1.170943e-01
   16       -9.887563e-01
   17        3.050907e+00
   18       -1.992462e+00
   19       -2.543423e+00
   20        1.189333e+00
   21       -3.508679e-01
   22       -4.900207e+00
   23       -7.110467e-01
   24       -6.906461e-01
   25        1.122167e+00
   26        4.717697e+00
   27        4.631050e-01
   28        1.498023e+00
   29       -6.115310e-01
   30        4.895934e-01
   31       -1.273430e+00
   32       -2.075050e+00
   33       -6.211493e-01
   34       -3.339598e-01
   35       -1.814436e+00
   36        1.156338e-01
   37        8.964519e-01
   38        1.378170e+00
   39       -1.056606e+00
   40       -8.142338e-01
   41        1.899761e+00
   42        6.886777e-01
   43        6.792605e-01
   44       -2.183169e+00
   45        4.022911e+00
   46       -1.619078e+00
   47        5.672522e-02
   48       -2.069891e+00
   49        9.872239e-01
   50       -2.656304e+00
   51       -3.107878e+00
   52       -3.714661e+00
   53        7.642980e-01
   54        4.620820e-01
   55        1.173230e-01
   56        1.470314e+00
   57        1.657206e+00
   58        7.488020e-01
   59        1.640177e+00
   60       -7.663934e-01
   61        1.137817e+00
   62       -2.359139e+00
   63       -1.203024e+00
   64        1.060130e+00
   65       -3.322733e-02
;
param X:=
    1       -5.236401e-01
    2       -3.586585e-02
    3        4.600828e-01
    4        1.600153e-01
    5        2.948813e-01
    6       -6.249638e-01
    7       -3.468457e+00
    8        5.467586e-01
    9       -4.418438e-01
   10        8.116293e-01
   11       -6.253554e-01
   12        3.286115e-01
   13       -3.283426e-01
   14       -1.545816e+00
   15       -4.879608e-01
   16        1.284641e+00
   17        7.840493e-01
   18       -1.839685e+00
   19       -1.485335e-01
   20        6.222356e-01
   21        3.002576e-01
   22       -2.183476e+00
   23        7.993201e-01
   24       -6.906461e-01
   25       -1.607800e+00
   26        1.035292e+00
   27       -5.293466e-01
   28        5.773093e-01
   29        8.362481e-02
   30        3.279457e-01
   31       -1.538730e+00
   32       -3.451686e-01
   33       -7.203993e-01
   34        1.244209e-01
   35       -1.695130e+00
   36        1.156338e-01
   37        3.250012e-02
   38        1.378170e+00
   39        3.762796e-02
   40       -1.022935e+00
   41        7.116354e-01
   42        1.686032e-01
   43        6.792605e-01
   44        2.109202e-01
   45        4.022911e+00
   46        4.028339e-01
   47        3.910021e-01
   48       -1.899721e+00
   49        9.872239e-01
   50       -1.373747e-01
   51       -1.509535e+00
   52       -1.177052e-01
   53       -1.077681e+00
   54       -8.671812e-01
   55        1.173230e-01
   56       -1.101098e+00
   57        2.364471e-01
   58        7.488020e-01
   59        1.834236e+00
   60        5.536417e-01
   61        1.184909e+00
   62       -2.359139e+00
   63        2.140693e-02
   64       -4.678078e-02
   65       -1.632946e-01
;
param outliervec:=
    1    1
    2    0
    3    1
    4    1
    5    0
    6    1
    7    0
    8    1
    9    0
   10    1
   11    1
   12    1
   13    1
   14    1
   15    1
   16    1
   17    1
   18    1
   19    1
   20    1
   21    1
   22    1
   23    1
   24    0
   25    1
   26    1
   27    1
   28    1
   29    1
   30    1
   31    1
   32    1
   33    1
   34    1
   35    1
   36    0
   37    1
   38    0
   39    1
   40    1
   41    1
   42    1
   43    0
   44    1
   45    0
   46    1
   47    1
   48    1
   49    0
   50    1
   51    1
   52    1
   53    1
   54    1
   55    0
   56    1
   57    1
   58    0
   59    1
   60    1
   61    1
   62    0
   63    1
   64    1
   65    1
; 
param greedy_time :=         4.707473e-01
;