data;


param FN:= 0;
param D:= 100;
param U_Original:=
         1         1        1.158978e+00
         2         1       -7.290455e-01
         3         1       -4.598429e-01
         4         1       -2.056726e-01
         5         1        1.009181e-01
         6         1        1.066276e+00
         7         1        9.794616e-01
         8         1       -3.186814e-01
         9         1       -4.779442e-01
        10         1       -9.099190e-01
        11         1        3.573249e-01
        12         1        1.767645e-01
        13         1       -4.564396e-02
        14         1        1.102854e-01
        15         1       -3.655143e-01
        16         1       -1.272904e+00
        17         1       -2.472779e-01
        18         1        1.318482e+00
        19         1       -2.432820e-01
        20         1        4.941758e-01
        21         1       -1.072061e+00
        22         1        1.864436e+00
        23         1        2.365701e-01
        24         1        1.450230e-01
        25         1        3.957756e-01
        26         1       -1.284045e+00
        27         1       -1.312483e+00
        28         1        2.603741e-01
        29         1        1.091700e-01
        30         1       -9.310349e-01
        31         1       -8.105479e-01
        32         1        5.562645e-01
        33         1       -1.830592e+00
        34         1       -6.426708e-01
        35         1        2.294642e+00
        36         1       -3.734522e-01
        37         1       -8.510699e-01
        38         1        8.327165e-01
        39         1        1.530813e+00
        40         1        2.390465e+00
        41         1       -8.146074e-01
        42         1       -2.690640e+00
        43         1       -6.607533e-01
        44         1        1.735057e+00
        45         1       -1.802991e+00
        46         1       -1.823785e-01
        47         1       -1.313080e-02
        48         1       -7.345341e-01
        49         1        7.415572e-01
        50         1       -1.180291e+00
        51         1       -1.084696e-01
        52         1        7.507361e-01
        53         1        3.741350e-01
        54         1       -4.886306e-01
        55         1       -3.476086e-01
        56         1       -2.032720e+00
        57         1        7.035196e-01
        58         1       -7.618046e-01
        59         1       -1.212885e+00
        60         1        1.371912e-01
        61         1        9.862291e-01
        62         1        1.275750e-02
        63         1       -8.430668e-01
        64         1        6.879795e-01
        65         1       -5.231135e-01
        66         1        1.263120e+00
        67         1        1.335668e+00
        68         1        2.987054e-01
        69         1       -8.329831e-01
        70         1        1.932683e+00
        71         1       -5.200972e-01
        72         1       -7.689029e-01
        73         1       -4.232566e-01
        74         1        1.182523e+00
        75         1        9.617406e-01
        76         1        5.606613e-01
        77         1        3.737388e-01
        78         1       -5.476102e-01
        79         1        2.415233e-01
        80         1        2.143320e+00
        81         1        8.143544e-02
        82         1        7.219796e-01
        83         1       -3.599981e-01
        84         1        1.505288e+00
        85         1        2.426817e-01
        86         1       -1.613498e-01
        87         1       -8.998740e-01
        88         1       -2.729657e+00
        89         1        1.079104e-01
        90         1        8.808528e-01
        91         1       -2.534342e-01
        92         1        2.996145e-02
        93         1        7.663414e-02
        94         1       -2.037994e-01
        95         1       -1.492639e+00
        96         1       -3.700338e-01
        97         1        6.928118e-01
        98         1       -6.349601e-01
        99         1        1.320872e+00
       100         1       -2.210441e+00
         1         2       -8.296408e-01
         2         2        2.222557e+00
         3         2       -1.119802e+00
         4         2        1.056211e+00
         5         2       -1.244140e+00
         6         2        1.173356e-01
         7         2       -1.144489e+00
         8         2       -8.549856e-01
         9         2        8.251216e-01
        10         2        2.276350e-01
        11         2        4.840044e-01
        12         2       -7.895779e-01
        13         2       -4.550709e-01
        14         2       -5.774208e-01
        15         2       -3.646420e-01
        16         2        9.869323e-02
        17         2        5.316124e-01
        18         2        5.414349e-01
        19         2        1.696786e+00
        20         2        8.062182e-01
        21         2       -1.249849e+00
        22         2        1.217996e+00
        23         2       -2.031554e-01
        24         2       -2.770462e+00
        25         2       -1.085758e-01
        26         2        1.740479e+00
        27         2       -4.499731e-02
        28         2        1.164622e+00
        29         2       -2.913173e-01
        30         2       -1.467540e+00
        31         2       -9.458211e-01
        32         2       -5.545201e-03
        33         2        4.362584e-01
        34         2        1.613735e+00
        35         2       -1.480079e+00
        36         2       -7.935138e-01
        37         2       -4.548912e-01
        38         2        3.552526e-01
        39         2       -6.435251e-01
        40         2       -8.736323e-01
        41         2        1.542096e+00
        42         2       -1.540049e+00
        43         2        2.840498e-02
        44         2        3.689634e-01
        45         2       -9.694267e-01
        46         2        8.059558e-01
        47         2       -1.324518e+00
        48         2       -2.447984e-01
        49         2       -6.737047e-02
        50         2       -1.089198e+00
        51         2       -1.426469e-01
        52         2       -9.038188e-01
        53         2        2.094074e+00
        54         2       -2.216751e-01
        55         2       -1.525395e+00
        56         2       -9.538928e-01
        57         2        7.478786e-01
        58         2        5.262337e-01
        59         2       -9.604694e-01
        60         2       -1.067212e+00
        61         2        3.950805e-01
        62         2        1.218521e-01
        63         2       -1.014643e+00
        64         2       -1.169400e+00
        65         2        4.103390e-01
        66         2        2.617676e+00
        67         2       -1.365641e+00
        68         2        1.001541e+00
        69         2        1.265511e+00
        70         2        1.188504e+00
        71         2        6.903378e-01
        72         2       -1.262534e+00
        73         2       -1.189118e+00
        74         2        4.460061e-01
        75         2        1.656943e+00
        76         2        1.231885e+00
        77         2       -1.959295e-01
        78         2       -5.760139e-01
        79         2       -1.385841e+00
        80         2        7.208858e-01
        81         2       -4.873615e-02
        82         2       -3.180946e-01
        83         2        6.011296e-01
        84         2       -8.610904e-01
        85         2       -1.762931e+00
        86         2        1.585535e-01
        87         2        1.189726e+00
        88         2       -8.148606e-01
        89         2       -2.350110e-01
        90         2        1.847591e-05
        91         2       -1.100981e+00
        92         2        9.343660e-01
        93         2       -5.830133e-01
        94         2       -1.903204e+00
        95         2        7.375007e-01
        96         2        3.964063e-02
        97         2        7.679485e-01
        98         2        7.272330e-01
        99         2       -1.455641e+00
       100         2        1.023470e+00
         1         3       -1.752930e-01
         2         3        8.178254e-01
         3         3        8.111402e-01
         4         3        5.752216e-01
         5         3       -9.144287e-03
         6         3       -1.076149e+00
         7         3        1.337119e+00
         8         3        3.261009e-01
         9         3        3.895648e-01
        10         3        1.601921e+00
        11         3        4.859279e-01
        12         3       -2.005337e-02
        13         3       -4.459641e-01
        14         3       -1.163046e+00
        15         3       -2.243552e-01
        16         3       -1.299675e+00
        17         3        1.382811e+00
        18         3        1.085946e+00
        19         3       -9.758186e-01
        20         3       -3.019434e-01
        21         3       -1.298705e-01
        22         3       -5.106491e-01
        23         3       -5.213031e-02
        24         3       -7.281907e-01
        25         3       -1.517294e+00
        26         3        4.932524e-01
        27         3        8.183069e-01
        28         3       -2.291896e-01
        29         3        1.497859e+00
        30         3        4.031364e-01
        31         3        5.092889e-01
        32         3       -3.921182e-01
        33         3        2.003225e-01
        34         3        3.464829e-04
        35         3       -1.083153e+00
        36         3       -1.343552e+00
        37         3        1.018785e+00
        38         3       -2.456318e-01
        39         3        2.507253e-01
        40         3        1.270038e+00
        41         3        7.525764e-01
        42         3       -6.372354e-01
        43         3       -9.924675e-02
        44         3       -1.157246e+00
        45         3       -1.165816e+00
        46         3        3.814406e-01
        47         3        1.293012e+00
        48         3       -4.002079e-01
        49         3       -1.072093e+00
        50         3        6.652415e-01
        51         3       -9.010634e-01
        52         3       -3.067867e+00
        53         3       -6.729470e-01
        54         3       -1.012413e+00
        55         3       -5.085998e-01
        56         3        3.899516e-02
        57         3       -9.272179e-01
        58         3       -8.580109e-01
        59         3        9.285714e-01
        60         3       -5.849804e-03
        61         3        1.169550e+00
        62         3       -1.929815e+00
        63         3        4.947323e-01
        64         3       -1.306932e+00
        65         3        5.824735e-01
        66         3        1.519847e+00
        67         3       -7.508487e-01
        68         3        3.519862e-01
        69         3        2.025887e+00
        70         3       -5.670667e-01
        71         3       -3.822859e-01
        72         3        2.403071e-01
        73         3        1.525656e+00
        74         3        5.581572e-01
        75         3       -4.881591e-01
        76         3       -7.583573e-02
        77         3       -2.108342e-01
        78         3       -1.040482e+00
        79         3       -1.377328e+00
        80         3       -1.484615e+00
        81         3        2.859801e-01
        82         3        1.158820e+00
        83         3       -8.014844e-01
        84         3       -4.409611e-01
        85         3       -1.073281e-01
        86         3       -1.764373e-01
        87         3        9.545974e-01
        88         3       -3.837156e-02
        89         3        1.952721e-02
        90         3        8.587567e-01
        91         3        1.498319e-01
        92         3        8.079320e-01
        93         3        9.472396e-01
        94         3        3.339925e-01
        95         3        4.792166e-01
        96         3       -1.027542e+00
        97         3        1.865132e+00
        98         3        8.903194e-01
        99         3        2.880888e-01
       100         3        2.888781e-01
         1         4       -5.333742e-01
         2         4       -2.264322e-01
         3         4       -1.450822e+00
         4         4       -2.803763e+00
         5         4       -6.168767e-01
         6         4        1.177401e+00
         7         4       -2.987223e-01
         8         4       -1.008593e+00
         9         4       -1.345117e-01
        10         4        5.156280e-01
        11         4       -9.124925e-01
        12         4       -1.904300e+00
        13         4        2.168259e-01
        14         4       -6.886771e-01
        15         4       -2.317115e-02
        16         4        1.221641e+00
        17         4        1.626507e+00
        18         4       -3.364651e-01
        19         4       -2.216690e+00
        20         4       -1.565238e+00
        21         4       -3.616185e-01
        22         4       -2.673772e-01
        23         4       -4.832416e-01
        24         4       -1.427335e-01
        25         4        3.916970e-01
        26         4       -7.615592e-01
        27         4       -1.713581e+00
        28         4       -9.120348e-02
        29         4        5.148238e-01
        30         4       -1.209528e+00
        31         4       -7.836865e-01
        32         4        5.321547e-01
        33         4        4.446376e-01
        34         4        2.361380e-01
        35         4       -5.074609e-01
        36         4       -4.221244e-01
        37         4        3.964487e-01
        38         4       -6.505600e-01
        39         4        5.523234e-01
        40         4        7.948176e-01
        41         4       -5.140860e-01
        42         4       -5.132812e-01
        43         4        4.900536e-01
        44         4       -3.750545e-01
        45         4       -1.391004e+00
        46         4        4.351442e-01
        47         4        7.078741e-02
        48         4       -1.877533e+00
        49         4        5.133384e-01
        50         4        7.057815e-01
        51         4       -7.556131e-01
        52         4       -2.132287e+00
        53         4        4.303937e-01
        54         4        9.064816e-01
        55         4       -2.008397e-01
        56         4        1.147930e-01
        57         4        1.670812e+00
        58         4        7.186634e-01
        59         4        4.232357e-01
        60         4        3.252859e-01
        61         4        1.653091e+00
        62         4       -5.338349e-02
        63         4       -1.472447e+00
        64         4       -2.511038e-01
        65         4        1.649153e+00
        66         4       -3.560601e-01
        67         4       -8.273353e-01
        68         4        1.369937e+00
        69         4        1.479627e-01
        70         4        8.617353e-01
        71         4       -7.874150e-02
        72         4        3.172120e-01
        73         4        1.688866e-01
        74         4       -3.585130e-01
        75         4        1.661591e-01
        76         4        1.585651e+00
        77         4        8.823144e-01
        78         4        3.112650e+00
        79         4        8.959491e-02
        80         4       -5.661743e-01
        81         4        1.744057e-01
        82         4        8.818233e-01
        83         4        6.030987e-02
        84         4       -2.607957e-01
        85         4        9.097799e-01
        86         4       -6.449623e-01
        87         4        4.003376e-01
        88         4        1.125841e-01
        89         4       -5.529082e-01
        90         4        4.658387e-01
        91         4        1.243831e+00
        92         4        3.265615e-01
        93         4        1.241870e-01
        94         4       -5.830016e-01
        95         4        1.160086e-02
        96         4        1.147653e-01
        97         4        1.885101e-03
        98         4        1.297176e+00
        99         4        9.226179e-01
       100         4       -9.715997e-01
         1         5        1.934885e+00
         2         5       -5.239535e-01
         3         5       -1.085390e-01
         4         5       -1.608327e+00
         5         5        2.948257e-01
         6         5       -1.763581e+00
         7         5       -7.237240e-02
         8         5        1.146867e+00
         9         5        1.292287e+00
        10         5        9.582327e-01
        11         5        1.207884e+00
        12         5       -9.327323e-01
        13         5        9.827066e-01
        14         5       -1.438672e-01
        15         5       -1.553777e-01
        16         5       -1.037725e+00
        17         5        2.620636e-01
        18         5        4.324601e-01
        19         5       -9.760679e-01
        20         5        1.596242e+00
        21         5        1.522426e-01
        22         5       -1.191729e-01
        23         5        2.132910e-01
        24         5        1.918354e+00
        25         5        1.938761e+00
        26         5        3.147441e-01
        27         5       -1.053121e+00
        28         5        1.477449e+00
        29         5        1.477354e-01
        30         5       -1.588410e+00
        31         5        2.629028e-01
        32         5        2.818612e-01
        33         5       -1.650416e+00
        34         5        5.200957e-01
        35         5        1.076174e+00
        36         5        2.545952e+00
        37         5        6.092744e-01
        38         5       -4.577508e-01
        39         5        5.969590e-01
        40         5        1.850880e-01
        41         5        1.810635e+00
        42         5        2.751740e-01
        43         5        1.346055e+00
        44         5       -8.845376e-01
        45         5        7.235287e-02
        46         5       -1.000266e+00
        47         5        2.156835e+00
        48         5       -5.924737e-02
        49         5        1.397974e+00
        50         5        4.297146e-01
        51         5       -1.698816e+00
        52         5        2.130631e-01
        53         5       -6.199870e-01
        54         5        1.252105e+00
        55         5        6.097621e-01
        56         5        1.102199e+00
        57         5       -9.507244e-01
        58         5        6.629945e-01
        59         5        2.586245e-01
        60         5       -1.090889e+00
        61         5       -2.776282e+00
        62         5       -1.463838e+00
        63         5        3.111812e-02
        64         5       -3.805547e-01
        65         5       -1.337902e-01
        66         5       -1.091588e+00
        67         5        7.309625e-04
        68         5        1.342107e+00
        69         5        1.720314e-01
        70         5        3.008504e-02
        71         5        2.709005e-01
        72         5       -1.619879e+00
        73         5        6.297831e-01
        74         5        2.938850e-01
        75         5        6.559204e-01
        76         5       -1.036414e-01
        77         5        2.103940e-02
        78         5       -2.424571e-01
        79         5        6.758447e-01
        80         5       -3.697423e-01
        81         5        5.009003e-01
        82         5       -2.865215e-01
        83         5        7.595787e-01
        84         5        3.526409e-01
        85         5       -1.429722e+00
        86         5       -1.341174e-01
        87         5       -4.821744e-01
        88         5       -7.396973e-01
        89         5        3.896425e-01
        90         5       -2.883214e-01
        91         5       -6.842226e-01
        92         5        6.612283e-01
        93         5       -9.350539e-01
        94         5        9.903791e-01
        95         5        1.371785e+00
        96         5       -1.064124e+00
        97         5        1.670621e+00
        98         5       -8.905604e-01
        99         5        4.217754e-02
       100         5       -1.936225e-01
;
param X_Original:=
    1       -3.551269e+00
    2       -2.319929e-01
    3        2.961189e-01
    4        1.699933e+00
    5        7.832569e-01
    6        3.017652e-01
    7        5.554322e-01
    8       -6.690523e-02
    9       -1.828664e+00
   10        4.598393e-01
   11       -2.488446e+00
   12        1.908653e+00
   13       -1.029157e+00
   14        1.289609e-01
   15        1.029219e+00
   16        2.553136e+00
   17        4.552871e-02
   18       -2.567955e+00
   19       -5.478453e-01
   20       -3.936028e+00
   21        2.610910e+00
   22       -4.051039e+00
   23       -4.387386e-01
   24       -2.472912e-01
   25       -3.872611e+00
   26       -2.378295e-01
   27        3.798084e+00
   28        5.496995e-01
   29        6.438226e-01
   30        5.333934e+00
   31        2.055578e+00
   32       -1.372553e+00
   33        4.551376e+00
   34       -1.545797e+00
   35       -5.724912e-01
   36       -2.794750e+00
   37        1.327770e+00
   38       -1.043830e+00
   39       -2.223538e+00
   40       -2.158499e+00
   41       -2.670863e+00
   42        4.835147e+00
   43       -4.016063e-01
   44       -2.181336e+00
   45        2.994305e+00
   46        9.670083e-01
   47       -9.710511e-01
   48        1.228528e+00
   49       -3.449469e+00
   50        2.566038e+00
   51        2.272305e+00
   52       -1.811457e+00
   53       -2.239983e+00
   54       -1.292458e+00
   55        1.051742e+00
   56        2.414231e+00
   57       -9.292969e-01
   58       -1.106950e+00
   59        2.838632e+00
   60        9.151219e-03
   61        2.576250e+00
   62        9.998770e-01
   63        2.499680e+00
   64        1.988416e-01
   65        7.520035e-01
   66       -2.389155e+00
   67       -1.495329e+00
   68       -3.231453e+00
   69        5.329757e-01
   70       -4.361919e+00
   71       -5.543539e-01
   72        4.835950e+00
   73        1.714593e+00
   74       -2.322267e+00
   75       -4.307869e+00
   76       -2.033310e+00
   77       -4.598183e-01
   78        1.232145e+00
   79       -1.369159e+00
   80       -4.016087e+00
   81       -6.332350e-01
   82        2.410913e-01
   83       -1.567825e+00
   84       -1.926176e+00
   85        3.492236e+00
   86        1.714986e-01
   87        1.124355e+00
   88        5.803776e+00
   89       -4.328479e-01
   90       -4.626129e-01
   91       -3.342642e-01
   92       -1.600178e+00
   93        2.266078e+00
   94        1.115746e+00
   95       -3.513437e-01
   96        1.496465e+00
   97        1.776747e+00
   98        1.776278e+00
   99       -2.582639e-01
  100        2.478983e+00
;
param outliervec_original :=
    1    0
    2    0
    3    1
    4    0
    5    0
    6    0
    7    0
    8    0
    9    0
   10    0
   11    0
   12    0
   13    0
   14    0
   15    0
   16    0
   17    0
   18    0
   19    0
   20    0
   21    0
   22    0
   23    0
   24    0
   25    0
   26    0
   27    0
   28    1
   29    0
   30    0
   31    0
   32    0
   33    0
   34    0
   35    1
   36    0
   37    0
   38    0
   39    0
   40    0
   41    0
   42    0
   43    1
   44    0
   45    0
   46    0
   47    0
   48    0
   49    0
   50    0
   51    0
   52    0
   53    0
   54    0
   55    0
   56    0
   57    0
   58    1
   59    0
   60    1
   61    0
   62    0
   63    0
   64    0
   65    0
   66    0
   67    1
   68    0
   69    0
   70    0
   71    0
   72    0
   73    0
   74    0
   75    0
   76    0
   77    0
   78    0
   79    1
   80    0
   81    0
   82    0
   83    0
   84    0
   85    0
   86    0
   87    0
   88    0
   89    0
   90    0
   91    1
   92    0
   93    0
   94    0
   95    0
   96    0
   97    1
   98    0
   99    0
  100    0
;
param d:= 96;
param r:=5;
param p:=0.100000;
param M:=1000;
param U:=
         1         1        1.158978e+00
         2         1       -7.290455e-01
         3         1       -4.598429e-01
         4         1       -2.056726e-01
         5         1        1.009181e-01
         6         1        1.066276e+00
         7         1        9.794616e-01
         8         1       -3.186814e-01
         9         1       -4.779442e-01
        10         1       -9.099190e-01
        11         1        3.573249e-01
        12         1        1.767645e-01
        13         1       -4.564396e-02
        14         1        1.102854e-01
        15         1       -3.655143e-01
        16         1       -1.272904e+00
        17         1       -2.472779e-01
        18         1        1.318482e+00
        19         1       -2.432820e-01
        20         1        4.941758e-01
        21         1       -1.072061e+00
        22         1        1.864436e+00
        23         1        2.365701e-01
        24         1        1.450230e-01
        25         1        3.957756e-01
        26         1       -1.284045e+00
        27         1       -1.312483e+00
        28         1        1.091700e-01
        29         1       -9.310349e-01
        30         1       -8.105479e-01
        31         1        5.562645e-01
        32         1       -1.830592e+00
        33         1       -6.426708e-01
        34         1       -3.734522e-01
        35         1       -8.510699e-01
        36         1        8.327165e-01
        37         1        1.530813e+00
        38         1        2.390465e+00
        39         1       -8.146074e-01
        40         1       -2.690640e+00
        41         1       -6.607533e-01
        42         1        1.735057e+00
        43         1       -1.802991e+00
        44         1       -1.823785e-01
        45         1       -1.313080e-02
        46         1       -7.345341e-01
        47         1        7.415572e-01
        48         1       -1.180291e+00
        49         1       -1.084696e-01
        50         1        7.507361e-01
        51         1        3.741350e-01
        52         1       -4.886306e-01
        53         1       -3.476086e-01
        54         1       -2.032720e+00
        55         1        7.035196e-01
        56         1       -7.618046e-01
        57         1       -1.212885e+00
        58         1        1.371912e-01
        59         1        9.862291e-01
        60         1        1.275750e-02
        61         1       -8.430668e-01
        62         1        6.879795e-01
        63         1       -5.231135e-01
        64         1        1.263120e+00
        65         1        1.335668e+00
        66         1        2.987054e-01
        67         1       -8.329831e-01
        68         1        1.932683e+00
        69         1       -5.200972e-01
        70         1       -7.689029e-01
        71         1       -4.232566e-01
        72         1        1.182523e+00
        73         1        9.617406e-01
        74         1        5.606613e-01
        75         1        3.737388e-01
        76         1       -5.476102e-01
        77         1        2.415233e-01
        78         1        2.143320e+00
        79         1        8.143544e-02
        80         1        7.219796e-01
        81         1       -3.599981e-01
        82         1        1.505288e+00
        83         1        2.426817e-01
        84         1       -1.613498e-01
        85         1       -8.998740e-01
        86         1       -2.729657e+00
        87         1        1.079104e-01
        88         1        8.808528e-01
        89         1        2.996145e-02
        90         1        7.663414e-02
        91         1       -2.037994e-01
        92         1       -1.492639e+00
        93         1       -3.700338e-01
        94         1       -6.349601e-01
        95         1        1.320872e+00
        96         1       -2.210441e+00
         1         2       -8.296408e-01
         2         2        2.222557e+00
         3         2       -1.119802e+00
         4         2        1.056211e+00
         5         2       -1.244140e+00
         6         2        1.173356e-01
         7         2       -1.144489e+00
         8         2       -8.549856e-01
         9         2        8.251216e-01
        10         2        2.276350e-01
        11         2        4.840044e-01
        12         2       -7.895779e-01
        13         2       -4.550709e-01
        14         2       -5.774208e-01
        15         2       -3.646420e-01
        16         2        9.869323e-02
        17         2        5.316124e-01
        18         2        5.414349e-01
        19         2        1.696786e+00
        20         2        8.062182e-01
        21         2       -1.249849e+00
        22         2        1.217996e+00
        23         2       -2.031554e-01
        24         2       -2.770462e+00
        25         2       -1.085758e-01
        26         2        1.740479e+00
        27         2       -4.499731e-02
        28         2       -2.913173e-01
        29         2       -1.467540e+00
        30         2       -9.458211e-01
        31         2       -5.545201e-03
        32         2        4.362584e-01
        33         2        1.613735e+00
        34         2       -7.935138e-01
        35         2       -4.548912e-01
        36         2        3.552526e-01
        37         2       -6.435251e-01
        38         2       -8.736323e-01
        39         2        1.542096e+00
        40         2       -1.540049e+00
        41         2        2.840498e-02
        42         2        3.689634e-01
        43         2       -9.694267e-01
        44         2        8.059558e-01
        45         2       -1.324518e+00
        46         2       -2.447984e-01
        47         2       -6.737047e-02
        48         2       -1.089198e+00
        49         2       -1.426469e-01
        50         2       -9.038188e-01
        51         2        2.094074e+00
        52         2       -2.216751e-01
        53         2       -1.525395e+00
        54         2       -9.538928e-01
        55         2        7.478786e-01
        56         2        5.262337e-01
        57         2       -9.604694e-01
        58         2       -1.067212e+00
        59         2        3.950805e-01
        60         2        1.218521e-01
        61         2       -1.014643e+00
        62         2       -1.169400e+00
        63         2        4.103390e-01
        64         2        2.617676e+00
        65         2       -1.365641e+00
        66         2        1.001541e+00
        67         2        1.265511e+00
        68         2        1.188504e+00
        69         2        6.903378e-01
        70         2       -1.262534e+00
        71         2       -1.189118e+00
        72         2        4.460061e-01
        73         2        1.656943e+00
        74         2        1.231885e+00
        75         2       -1.959295e-01
        76         2       -5.760139e-01
        77         2       -1.385841e+00
        78         2        7.208858e-01
        79         2       -4.873615e-02
        80         2       -3.180946e-01
        81         2        6.011296e-01
        82         2       -8.610904e-01
        83         2       -1.762931e+00
        84         2        1.585535e-01
        85         2        1.189726e+00
        86         2       -8.148606e-01
        87         2       -2.350110e-01
        88         2        1.847591e-05
        89         2        9.343660e-01
        90         2       -5.830133e-01
        91         2       -1.903204e+00
        92         2        7.375007e-01
        93         2        3.964063e-02
        94         2        7.272330e-01
        95         2       -1.455641e+00
        96         2        1.023470e+00
         1         3       -1.752930e-01
         2         3        8.178254e-01
         3         3        8.111402e-01
         4         3        5.752216e-01
         5         3       -9.144287e-03
         6         3       -1.076149e+00
         7         3        1.337119e+00
         8         3        3.261009e-01
         9         3        3.895648e-01
        10         3        1.601921e+00
        11         3        4.859279e-01
        12         3       -2.005337e-02
        13         3       -4.459641e-01
        14         3       -1.163046e+00
        15         3       -2.243552e-01
        16         3       -1.299675e+00
        17         3        1.382811e+00
        18         3        1.085946e+00
        19         3       -9.758186e-01
        20         3       -3.019434e-01
        21         3       -1.298705e-01
        22         3       -5.106491e-01
        23         3       -5.213031e-02
        24         3       -7.281907e-01
        25         3       -1.517294e+00
        26         3        4.932524e-01
        27         3        8.183069e-01
        28         3        1.497859e+00
        29         3        4.031364e-01
        30         3        5.092889e-01
        31         3       -3.921182e-01
        32         3        2.003225e-01
        33         3        3.464829e-04
        34         3       -1.343552e+00
        35         3        1.018785e+00
        36         3       -2.456318e-01
        37         3        2.507253e-01
        38         3        1.270038e+00
        39         3        7.525764e-01
        40         3       -6.372354e-01
        41         3       -9.924675e-02
        42         3       -1.157246e+00
        43         3       -1.165816e+00
        44         3        3.814406e-01
        45         3        1.293012e+00
        46         3       -4.002079e-01
        47         3       -1.072093e+00
        48         3        6.652415e-01
        49         3       -9.010634e-01
        50         3       -3.067867e+00
        51         3       -6.729470e-01
        52         3       -1.012413e+00
        53         3       -5.085998e-01
        54         3        3.899516e-02
        55         3       -9.272179e-01
        56         3       -8.580109e-01
        57         3        9.285714e-01
        58         3       -5.849804e-03
        59         3        1.169550e+00
        60         3       -1.929815e+00
        61         3        4.947323e-01
        62         3       -1.306932e+00
        63         3        5.824735e-01
        64         3        1.519847e+00
        65         3       -7.508487e-01
        66         3        3.519862e-01
        67         3        2.025887e+00
        68         3       -5.670667e-01
        69         3       -3.822859e-01
        70         3        2.403071e-01
        71         3        1.525656e+00
        72         3        5.581572e-01
        73         3       -4.881591e-01
        74         3       -7.583573e-02
        75         3       -2.108342e-01
        76         3       -1.040482e+00
        77         3       -1.377328e+00
        78         3       -1.484615e+00
        79         3        2.859801e-01
        80         3        1.158820e+00
        81         3       -8.014844e-01
        82         3       -4.409611e-01
        83         3       -1.073281e-01
        84         3       -1.764373e-01
        85         3        9.545974e-01
        86         3       -3.837156e-02
        87         3        1.952721e-02
        88         3        8.587567e-01
        89         3        8.079320e-01
        90         3        9.472396e-01
        91         3        3.339925e-01
        92         3        4.792166e-01
        93         3       -1.027542e+00
        94         3        8.903194e-01
        95         3        2.880888e-01
        96         3        2.888781e-01
         1         4       -5.333742e-01
         2         4       -2.264322e-01
         3         4       -1.450822e+00
         4         4       -2.803763e+00
         5         4       -6.168767e-01
         6         4        1.177401e+00
         7         4       -2.987223e-01
         8         4       -1.008593e+00
         9         4       -1.345117e-01
        10         4        5.156280e-01
        11         4       -9.124925e-01
        12         4       -1.904300e+00
        13         4        2.168259e-01
        14         4       -6.886771e-01
        15         4       -2.317115e-02
        16         4        1.221641e+00
        17         4        1.626507e+00
        18         4       -3.364651e-01
        19         4       -2.216690e+00
        20         4       -1.565238e+00
        21         4       -3.616185e-01
        22         4       -2.673772e-01
        23         4       -4.832416e-01
        24         4       -1.427335e-01
        25         4        3.916970e-01
        26         4       -7.615592e-01
        27         4       -1.713581e+00
        28         4        5.148238e-01
        29         4       -1.209528e+00
        30         4       -7.836865e-01
        31         4        5.321547e-01
        32         4        4.446376e-01
        33         4        2.361380e-01
        34         4       -4.221244e-01
        35         4        3.964487e-01
        36         4       -6.505600e-01
        37         4        5.523234e-01
        38         4        7.948176e-01
        39         4       -5.140860e-01
        40         4       -5.132812e-01
        41         4        4.900536e-01
        42         4       -3.750545e-01
        43         4       -1.391004e+00
        44         4        4.351442e-01
        45         4        7.078741e-02
        46         4       -1.877533e+00
        47         4        5.133384e-01
        48         4        7.057815e-01
        49         4       -7.556131e-01
        50         4       -2.132287e+00
        51         4        4.303937e-01
        52         4        9.064816e-01
        53         4       -2.008397e-01
        54         4        1.147930e-01
        55         4        1.670812e+00
        56         4        7.186634e-01
        57         4        4.232357e-01
        58         4        3.252859e-01
        59         4        1.653091e+00
        60         4       -5.338349e-02
        61         4       -1.472447e+00
        62         4       -2.511038e-01
        63         4        1.649153e+00
        64         4       -3.560601e-01
        65         4       -8.273353e-01
        66         4        1.369937e+00
        67         4        1.479627e-01
        68         4        8.617353e-01
        69         4       -7.874150e-02
        70         4        3.172120e-01
        71         4        1.688866e-01
        72         4       -3.585130e-01
        73         4        1.661591e-01
        74         4        1.585651e+00
        75         4        8.823144e-01
        76         4        3.112650e+00
        77         4        8.959491e-02
        78         4       -5.661743e-01
        79         4        1.744057e-01
        80         4        8.818233e-01
        81         4        6.030987e-02
        82         4       -2.607957e-01
        83         4        9.097799e-01
        84         4       -6.449623e-01
        85         4        4.003376e-01
        86         4        1.125841e-01
        87         4       -5.529082e-01
        88         4        4.658387e-01
        89         4        3.265615e-01
        90         4        1.241870e-01
        91         4       -5.830016e-01
        92         4        1.160086e-02
        93         4        1.147653e-01
        94         4        1.297176e+00
        95         4        9.226179e-01
        96         4       -9.715997e-01
         1         5        1.934885e+00
         2         5       -5.239535e-01
         3         5       -1.085390e-01
         4         5       -1.608327e+00
         5         5        2.948257e-01
         6         5       -1.763581e+00
         7         5       -7.237240e-02
         8         5        1.146867e+00
         9         5        1.292287e+00
        10         5        9.582327e-01
        11         5        1.207884e+00
        12         5       -9.327323e-01
        13         5        9.827066e-01
        14         5       -1.438672e-01
        15         5       -1.553777e-01
        16         5       -1.037725e+00
        17         5        2.620636e-01
        18         5        4.324601e-01
        19         5       -9.760679e-01
        20         5        1.596242e+00
        21         5        1.522426e-01
        22         5       -1.191729e-01
        23         5        2.132910e-01
        24         5        1.918354e+00
        25         5        1.938761e+00
        26         5        3.147441e-01
        27         5       -1.053121e+00
        28         5        1.477354e-01
        29         5       -1.588410e+00
        30         5        2.629028e-01
        31         5        2.818612e-01
        32         5       -1.650416e+00
        33         5        5.200957e-01
        34         5        2.545952e+00
        35         5        6.092744e-01
        36         5       -4.577508e-01
        37         5        5.969590e-01
        38         5        1.850880e-01
        39         5        1.810635e+00
        40         5        2.751740e-01
        41         5        1.346055e+00
        42         5       -8.845376e-01
        43         5        7.235287e-02
        44         5       -1.000266e+00
        45         5        2.156835e+00
        46         5       -5.924737e-02
        47         5        1.397974e+00
        48         5        4.297146e-01
        49         5       -1.698816e+00
        50         5        2.130631e-01
        51         5       -6.199870e-01
        52         5        1.252105e+00
        53         5        6.097621e-01
        54         5        1.102199e+00
        55         5       -9.507244e-01
        56         5        6.629945e-01
        57         5        2.586245e-01
        58         5       -1.090889e+00
        59         5       -2.776282e+00
        60         5       -1.463838e+00
        61         5        3.111812e-02
        62         5       -3.805547e-01
        63         5       -1.337902e-01
        64         5       -1.091588e+00
        65         5        7.309625e-04
        66         5        1.342107e+00
        67         5        1.720314e-01
        68         5        3.008504e-02
        69         5        2.709005e-01
        70         5       -1.619879e+00
        71         5        6.297831e-01
        72         5        2.938850e-01
        73         5        6.559204e-01
        74         5       -1.036414e-01
        75         5        2.103940e-02
        76         5       -2.424571e-01
        77         5        6.758447e-01
        78         5       -3.697423e-01
        79         5        5.009003e-01
        80         5       -2.865215e-01
        81         5        7.595787e-01
        82         5        3.526409e-01
        83         5       -1.429722e+00
        84         5       -1.341174e-01
        85         5       -4.821744e-01
        86         5       -7.396973e-01
        87         5        3.896425e-01
        88         5       -2.883214e-01
        89         5        6.612283e-01
        90         5       -9.350539e-01
        91         5        9.903791e-01
        92         5        1.371785e+00
        93         5       -1.064124e+00
        94         5       -8.905604e-01
        95         5        4.217754e-02
        96         5       -1.936225e-01
;

param theta:=
    1       -1.432665e+00
    2       -1.076419e+00
    3        4.658479e-01
    4       -8.645568e-03
    5       -1.398964e+00
;
param X_true:=
    1       -3.551269e+00
    2       -2.319929e-01
    3        2.406429e+00
    4        1.699933e+00
    5        7.832569e-01
    6        3.017652e-01
    7        5.554322e-01
    8       -6.690523e-02
    9       -1.828664e+00
   10        4.598393e-01
   11       -2.488446e+00
   12        1.908653e+00
   13       -1.029157e+00
   14        1.289609e-01
   15        1.029219e+00
   16        2.553136e+00
   17        4.552871e-02
   18       -2.567955e+00
   19       -5.478453e-01
   20       -3.936028e+00
   21        2.610910e+00
   22       -4.051039e+00
   23       -4.387386e-01
   24       -2.472912e-01
   25       -3.872611e+00
   26       -2.378295e-01
   27        3.798084e+00
   28        6.438226e-01
   29        5.333934e+00
   30        2.055578e+00
   31       -1.372553e+00
   32        4.551376e+00
   33       -1.545797e+00
   34       -2.794750e+00
   35        1.327770e+00
   36       -1.043830e+00
   37       -2.223538e+00
   38       -2.158499e+00
   39       -2.670863e+00
   40        4.835147e+00
   41       -1.017491e+00
   42       -2.181336e+00
   43        2.994305e+00
   44        9.670083e-01
   45       -9.710511e-01
   46        1.228528e+00
   47       -3.449469e+00
   48        2.566038e+00
   49        2.272305e+00
   50       -1.811457e+00
   51       -2.239983e+00
   52       -1.292458e+00
   53        1.051742e+00
   54        2.414231e+00
   55       -9.292969e-01
   56       -8.084583e-01
   57        2.838632e+00
   58        2.472795e+00
   59        2.576250e+00
   60        9.998770e-01
   61        2.499680e+00
   62        1.988416e-01
   63        7.520035e-01
   64       -2.389155e+00
   65       -7.872145e-01
   66       -3.231453e+00
   67        5.329757e-01
   68       -4.361919e+00
   69       -5.543539e-01
   70        4.835950e+00
   71        1.714593e+00
   72       -2.322267e+00
   73       -4.307869e+00
   74       -2.033310e+00
   75       -4.598183e-01
   76        1.232145e+00
   77       -4.421590e-01
   78       -4.016087e+00
   79       -6.332350e-01
   80        2.410913e-01
   81       -1.567825e+00
   82       -1.926176e+00
   83        3.492236e+00
   84        1.714986e-01
   85        1.124355e+00
   86        5.803776e+00
   87       -4.328479e-01
   88       -4.626129e-01
   89       -1.600178e+00
   90        2.266078e+00
   91        1.115746e+00
   92       -3.513437e-01
   93        1.496465e+00
   94        1.776278e+00
   95       -2.582639e-01
   96        2.478983e+00
;
param X:=
    1       -3.551269e+00
    2       -2.319929e-01
    3        2.961189e-01
    4        1.699933e+00
    5        7.832569e-01
    6        3.017652e-01
    7        5.554322e-01
    8       -6.690523e-02
    9       -1.828664e+00
   10        4.598393e-01
   11       -2.488446e+00
   12        1.908653e+00
   13       -1.029157e+00
   14        1.289609e-01
   15        1.029219e+00
   16        2.553136e+00
   17        4.552871e-02
   18       -2.567955e+00
   19       -5.478453e-01
   20       -3.936028e+00
   21        2.610910e+00
   22       -4.051039e+00
   23       -4.387386e-01
   24       -2.472912e-01
   25       -3.872611e+00
   26       -2.378295e-01
   27        3.798084e+00
   28        6.438226e-01
   29        5.333934e+00
   30        2.055578e+00
   31       -1.372553e+00
   32        4.551376e+00
   33       -1.545797e+00
   34       -2.794750e+00
   35        1.327770e+00
   36       -1.043830e+00
   37       -2.223538e+00
   38       -2.158499e+00
   39       -2.670863e+00
   40        4.835147e+00
   41       -4.016063e-01
   42       -2.181336e+00
   43        2.994305e+00
   44        9.670083e-01
   45       -9.710511e-01
   46        1.228528e+00
   47       -3.449469e+00
   48        2.566038e+00
   49        2.272305e+00
   50       -1.811457e+00
   51       -2.239983e+00
   52       -1.292458e+00
   53        1.051742e+00
   54        2.414231e+00
   55       -9.292969e-01
   56       -1.106950e+00
   57        2.838632e+00
   58        9.151219e-03
   59        2.576250e+00
   60        9.998770e-01
   61        2.499680e+00
   62        1.988416e-01
   63        7.520035e-01
   64       -2.389155e+00
   65       -1.495329e+00
   66       -3.231453e+00
   67        5.329757e-01
   68       -4.361919e+00
   69       -5.543539e-01
   70        4.835950e+00
   71        1.714593e+00
   72       -2.322267e+00
   73       -4.307869e+00
   74       -2.033310e+00
   75       -4.598183e-01
   76        1.232145e+00
   77       -1.369159e+00
   78       -4.016087e+00
   79       -6.332350e-01
   80        2.410913e-01
   81       -1.567825e+00
   82       -1.926176e+00
   83        3.492236e+00
   84        1.714986e-01
   85        1.124355e+00
   86        5.803776e+00
   87       -4.328479e-01
   88       -4.626129e-01
   89       -1.600178e+00
   90        2.266078e+00
   91        1.115746e+00
   92       -3.513437e-01
   93        1.496465e+00
   94        1.776278e+00
   95       -2.582639e-01
   96        2.478983e+00
;
param outliervec:=
    1    0
    2    0
    3    1
    4    0
    5    0
    6    0
    7    0
    8    0
    9    0
   10    0
   11    0
   12    0
   13    0
   14    0
   15    0
   16    0
   17    0
   18    0
   19    0
   20    0
   21    0
   22    0
   23    0
   24    0
   25    0
   26    0
   27    0
   28    0
   29    0
   30    0
   31    0
   32    0
   33    0
   34    0
   35    0
   36    0
   37    0
   38    0
   39    0
   40    0
   41    1
   42    0
   43    0
   44    0
   45    0
   46    0
   47    0
   48    0
   49    0
   50    0
   51    0
   52    0
   53    0
   54    0
   55    0
   56    1
   57    0
   58    1
   59    0
   60    0
   61    0
   62    0
   63    0
   64    0
   65    1
   66    0
   67    0
   68    0
   69    0
   70    0
   71    0
   72    0
   73    0
   74    0
   75    0
   76    0
   77    1
   78    0
   79    0
   80    0
   81    0
   82    0
   83    0
   84    0
   85    0
   86    0
   87    0
   88    0
   89    0
   90    0
   91    0
   92    0
   93    0
   94    0
   95    0
   96    0
; 
param greedy_time :=         9.268370e-02
;