data;


param FN:= 0;
param D:= 100;
param U_Original:=
         1         1        1.559278e-01
         2         1        6.953255e-01
         3         1        6.465015e-01
         4         1        7.967159e-01
         5         1       -2.739858e-02
         6         1       -4.041102e-01
         7         1        1.031145e+00
         8         1       -8.119466e-01
         9         1        1.048725e+00
        10         1        6.788596e-01
        11         1        1.006880e-01
        12         1        5.740462e-01
        13         1       -8.297605e-01
        14         1       -1.489438e+00
        15         1       -6.337289e-01
        16         1        1.077882e+00
        17         1        6.103504e-01
        18         1        1.594976e-01
        19         1       -7.696579e-01
        20         1       -1.755613e+00
        21         1        1.299180e+00
        22         1        5.386926e-01
        23         1        7.780788e-02
        24         1        5.571653e-01
        25         1       -5.254943e-01
        26         1       -8.797493e-01
        27         1       -6.962502e-01
        28         1        2.085409e+00
        29         1        1.569635e+00
        30         1       -1.257359e-01
        31         1        3.111788e-01
        32         1        5.519791e-01
        33         1        6.080217e-01
        34         1       -1.071770e+00
        35         1        3.848242e-01
        36         1       -3.151896e-02
        37         1        9.334589e-01
        38         1        2.193239e-01
        39         1        7.485427e-01
        40         1        4.404397e-02
        41         1       -1.853426e-01
        42         1       -2.507920e-01
        43         1       -7.104748e-01
        44         1       -1.517861e+00
        45         1       -1.598762e+00
        46         1       -5.453192e-01
        47         1        4.475968e-01
        48         1        9.801840e-02
        49         1        3.271021e-01
        50         1       -8.365482e-01
        51         1        9.514264e-01
        52         1        6.305295e-01
        53         1       -1.007197e+00
        54         1        9.626555e-01
        55         1       -8.936105e-01
        56         1        2.060265e-01
        57         1       -8.334611e-01
        58         1        4.868526e-01
        59         1       -8.467625e-01
        60         1        1.069414e-01
        61         1       -7.235818e-01
        62         1       -5.105190e-01
        63         1       -7.935069e-01
        64         1       -3.696450e-01
        65         1       -3.357307e-01
        66         1       -7.163681e-02
        67         1        8.796574e-01
        68         1        5.141117e-01
        69         1        2.049928e-01
        70         1        3.374125e-01
        71         1       -1.972309e-01
        72         1        1.356222e+00
        73         1        8.162197e-01
        74         1        5.008394e-01
        75         1       -9.942984e-01
        76         1       -2.044763e-01
        77         1        1.116898e+00
        78         1       -1.560866e+00
        79         1       -1.403544e+00
        80         1       -7.555183e-01
        81         1       -2.324902e+00
        82         1       -7.101392e-01
        83         1       -7.178307e-01
        84         1       -1.118284e+00
        85         1       -5.520348e-01
        86         1       -1.381190e+00
        87         1        2.326254e-01
        88         1       -8.036589e-01
        89         1       -1.884038e-01
        90         1       -1.201931e+00
        91         1       -1.440053e+00
        92         1       -6.175351e-01
        93         1        9.121246e-01
        94         1        1.010938e+00
        95         1        8.659350e-02
        96         1        1.784674e+00
        97         1        9.340688e-01
        98         1       -2.983094e+00
        99         1        9.940895e-01
       100         1       -1.881018e+00
         1         2        9.527560e-01
         2         2        6.099462e-01
         3         2        6.734427e-01
         4         2       -3.697230e-01
         5         2       -2.142706e+00
         6         2        2.102795e-01
         7         2        1.521508e+00
         8         2        1.345757e+00
         9         2        1.104887e+00
        10         2       -1.631655e-01
        11         2        1.424779e+00
        12         2        1.585008e+00
        13         2       -2.741476e+00
        14         2       -2.510401e-01
        15         2       -1.503554e-01
        16         2       -1.955339e+00
        17         2       -9.647390e-01
        18         2        4.159153e-01
        19         2       -2.087465e+00
        20         2        2.849767e-01
        21         2        1.865866e-01
        22         2       -5.666821e-01
        23         2        5.441233e-01
        24         2       -5.905274e-02
        25         2        7.307233e-03
        26         2       -5.566671e-01
        27         2        7.676237e-01
        28         2        9.829787e-01
        29         2       -5.978734e-01
        30         2        3.850885e-01
        31         2        1.256855e+00
        32         2       -1.263202e+00
        33         2       -4.770143e-01
        34         2        6.715808e-01
        35         2        3.730822e-01
        36         2        8.553932e-02
        37         2        5.149550e-01
        38         2       -2.719336e-01
        39         2       -8.095498e-01
        40         2       -1.283550e+00
        41         2       -2.091487e-01
        42         2        9.463608e-01
        43         2        7.340672e-01
        44         2       -1.168983e+00
        45         2       -3.936210e-01
        46         2        9.812724e-01
        47         2       -7.643898e-01
        48         2        5.384933e-01
        49         2        3.083387e-01
        50         2        3.368667e-02
        51         2       -2.068593e-01
        52         2        4.417008e-01
        53         2        6.293020e-01
        54         2        1.105140e-01
        55         2        1.136758e-01
        56         2        6.742708e-01
        57         2        1.576873e+00
        58         2        5.963674e-01
        59         2       -1.680712e-01
        60         2        1.362032e+00
        61         2        1.833430e+00
        62         2        5.565006e-01
        63         2        1.254288e-01
        64         2        2.152121e-01
        65         2       -8.413790e-01
        66         2       -1.083767e+00
        67         2       -1.600578e+00
        68         2        6.764705e-01
        69         2        2.470530e-01
        70         2       -7.801977e-01
        71         2        1.077334e+00
        72         2       -8.848896e-02
        73         2        1.231159e+00
        74         2       -1.022769e+00
        75         2       -1.041802e+00
        76         2       -6.185430e-01
        77         2       -3.897511e-01
        78         2        2.303685e+00
        79         2       -3.907500e-01
        80         2        1.194358e+00
        81         2       -9.588271e-01
        82         2        5.875195e-01
        83         2        3.278176e-01
        84         2       -1.989887e+00
        85         2       -1.453558e+00
        86         2       -1.062268e-01
        87         2        1.063357e+00
        88         2       -2.265399e+00
        89         2       -7.164944e-01
        90         2       -3.095131e-01
        91         2       -2.022480e-01
        92         2       -5.634600e-01
        93         2       -6.289441e-01
        94         2        1.033307e+00
        95         2        4.991397e-01
        96         2       -1.365741e+00
        97         2       -1.575893e+00
        98         2       -7.785988e-01
        99         2        2.524889e-01
       100         2        8.362360e-01
         1         3        8.313738e-02
         2         3       -2.683007e+00
         3         3        1.528281e+00
         4         3        1.090972e+00
         5         3       -1.274976e-01
         6         3       -9.050235e-01
         7         3        4.548387e-01
         8         3        1.494607e+00
         9         3        7.782329e-01
        10         3       -4.121121e-01
        11         3        3.980201e-01
        12         3       -4.610061e-01
        13         3        1.158127e+00
        14         3        1.341060e+00
        15         3       -4.888719e-01
        16         3        1.428046e+00
        17         3        1.693398e-01
        18         3       -6.016960e-01
        19         3       -8.493801e-01
        20         3       -1.105546e+00
        21         3       -6.642986e-01
        22         3       -1.256582e-01
        23         3       -6.534262e-01
        24         3       -2.561032e-01
        25         3       -1.130082e+00
        26         3       -1.360703e+00
        27         3       -1.686860e+00
        28         3        3.123030e-01
        29         3        5.728015e-01
        30         3       -4.060815e-02
        31         3        1.115633e+00
        32         3       -5.641567e-01
        33         3        1.806951e+00
        34         3        5.800232e-01
        35         3        8.569750e-01
        36         3       -2.007773e+00
        37         3        1.629884e+00
        38         3        9.459683e-01
        39         3       -1.820184e+00
        40         3        4.187781e-01
        41         3       -3.343041e-01
        42         3        1.014282e+00
        43         3        1.064461e+00
        44         3       -4.735723e-01
        45         3        1.260395e+00
        46         3        7.237902e-02
        47         3       -9.100007e-01
        48         3        1.115099e+00
        49         3       -7.306539e-01
        50         3       -4.110157e-01
        51         3       -1.314587e-01
        52         3        3.394803e-01
        53         3       -8.269199e-01
        54         3       -3.632909e-01
        55         3       -1.469817e+00
        56         3        1.947335e-01
        57         3        3.765487e-01
        58         3        1.748095e-01
        59         3        1.186961e+00
        60         3       -8.425370e-01
        61         3        1.410746e+00
        62         3       -9.734451e-01
        63         3        1.179306e+00
        64         3       -1.276993e+00
        65         3       -8.132489e-01
        66         3       -1.485419e+00
        67         3        6.727460e-01
        68         3        6.397393e-01
        69         3        1.584568e+00
        70         3       -8.201984e-01
        71         3        3.053532e-01
        72         3        8.823503e-01
        73         3       -1.523461e+00
        74         3        1.839523e+00
        75         3       -1.349985e+00
        76         3       -9.891120e-01
        77         3        1.640790e+00
        78         3        1.353249e-01
        79         3        5.529498e-01
        80         3        2.943391e-01
        81         3        1.306238e+00
        82         3        4.167860e-01
        83         3       -3.181288e-01
        84         3        3.513814e-01
        85         3       -1.443866e+00
        86         3       -1.144059e+00
        87         3       -2.271320e+00
        88         3       -1.455295e+00
        89         3        2.052436e-01
        90         3       -2.982336e-01
        91         3       -1.910192e-01
        92         3        9.430186e-01
        93         3       -2.615239e+00
        94         3        1.952501e+00
        95         3       -3.294323e-01
        96         3       -1.234198e+00
        97         3        7.685791e-01
        98         3        5.164105e-01
        99         3        8.262069e-02
       100         3       -4.429343e-01
         1         4        9.425638e-02
         2         4       -1.243560e+00
         3         4       -1.055191e+00
         4         4        2.636850e-01
         5         4       -2.770194e-01
         6         4        1.527445e-01
         7         4        6.981500e-01
         8         4       -1.192433e+00
         9         4       -1.709931e-02
        10         4       -8.920331e-01
        11         4        9.501366e-02
        12         4       -1.098965e+00
        13         4        1.146365e+00
        14         4       -7.711522e-01
        15         4       -1.100400e+00
        16         4        3.589056e-01
        17         4        5.901316e-01
        18         4       -1.077474e+00
        19         4        1.867715e+00
        20         4       -2.611891e-01
        21         4        1.701673e+00
        22         4        1.646849e+00
        23         4       -2.746656e-01
        24         4        3.078671e-01
        25         4       -1.586710e+00
        26         4       -1.895360e-01
        27         4       -1.236253e+00
        28         4       -1.265521e+00
        29         4       -1.309750e+00
        30         4       -5.877758e-01
        31         4       -3.461321e-02
        32         4        1.051539e+00
        33         4       -5.760956e-01
        34         4       -8.852111e-01
        35         4        5.367733e-01
        36         4        7.040207e-01
        37         4        1.590470e+00
        38         4       -1.186843e+00
        39         4       -5.375894e-01
        40         4        4.415212e-01
        41         4       -3.250853e-01
        42         4       -7.314907e-01
        43         4       -1.368476e-01
        44         4        4.057883e-01
        45         4        3.189344e-01
        46         4       -8.791814e-01
        47         4        2.340328e-01
        48         4       -3.666439e-01
        49         4        8.538767e-01
        50         4       -1.304757e+00
        51         4        1.647405e+00
        52         4       -8.587921e-02
        53         4       -6.670268e-01
        54         4       -6.028775e-02
        55         4       -3.415203e-01
        56         4       -3.426029e+00
        57         4        1.771738e+00
        58         4        5.550716e-01
        59         4        3.983775e-01
        60         4        6.988719e-01
        61         4        6.031298e-01
        62         4       -5.149882e-01
        63         4       -7.995828e-01
        64         4        9.591956e-01
        65         4       -1.423046e+00
        66         4       -3.202321e-02
        67         4        6.490705e-01
        68         4        4.774061e-01
        69         4        1.114855e+00
        70         4       -1.272264e+00
        71         4       -3.309093e-01
        72         4       -2.928791e-01
        73         4        1.764495e+00
        74         4        1.516290e+00
        75         4       -1.295556e-01
        76         4        1.815256e+00
        77         4        5.023471e-01
        78         4        1.968696e-01
        79         4        1.771008e+00
        80         4        6.382924e-01
        81         4       -1.010572e+00
        82         4        1.116179e+00
        83         4       -1.054696e+00
        84         4       -3.965779e-01
        85         4       -2.859078e-01
        86         4        2.570260e+00
        87         4        1.153791e+00
        88         4        1.305977e+00
        89         4       -1.661868e+00
        90         4        2.115471e+00
        91         4       -6.663201e-01
        92         4        1.292874e+00
        93         4       -2.732197e-01
        94         4        2.439687e-01
        95         4        8.181503e-01
        96         4       -5.522272e-02
        97         4       -5.037140e-01
        98         4        1.290787e+00
        99         4       -1.155040e+00
       100         4        1.657325e+00
         1         5       -9.546502e-01
         2         5       -6.564542e-01
         3         5       -6.303121e-01
         4         5        1.046562e+00
         5         5        6.492341e-01
         6         5        1.687224e-01
         7         5        7.110233e-01
         8         5       -2.496426e-01
         9         5       -1.013522e+00
        10         5       -1.134096e+00
        11         5       -1.524980e+00
        12         5       -5.240097e-01
        13         5        1.507043e-01
        14         5        3.000287e-01
        15         5        2.043539e+00
        16         5        1.273040e+00
        17         5        1.119682e+00
        18         5       -3.477394e-03
        19         5        1.269207e+00
        20         5       -1.363753e-01
        21         5        1.247437e-02
        22         5        1.476778e+00
        23         5        9.258597e-01
        24         5       -1.556710e+00
        25         5        2.259400e+00
        26         5       -6.296228e-01
        27         5       -9.093818e-01
        28         5        1.682375e-01
        29         5       -4.954519e-01
        30         5       -6.643347e-01
        31         5       -1.759488e+00
        32         5        1.481007e-01
        33         5        1.080632e+00
        34         5        7.487455e-02
        35         5        2.308743e-01
        36         5        1.406813e-01
        37         5        1.456085e+00
        38         5        1.795760e+00
        39         5        2.508976e+00
        40         5        2.823833e-01
        41         5       -1.524078e-01
        42         5        1.016475e-01
        43         5       -1.059044e-01
        44         5        9.370695e-01
        45         5        4.095980e-01
        46         5        5.517926e-02
        47         5       -8.245936e-01
        48         5       -3.658332e-01
        49         5        1.358530e+00
        50         5        2.731368e-01
        51         5        9.978765e-02
        52         5       -1.512639e-01
        53         5       -2.340131e-01
        54         5        2.082205e+00
        55         5       -6.663644e-01
        56         5       -2.083113e-02
        57         5        7.591196e-01
        58         5       -1.244511e+00
        59         5        6.260022e-01
        60         5       -1.930148e-01
        61         5       -1.235004e+00
        62         5        8.411287e-01
        63         5       -3.669589e-01
        64         5        1.051144e+00
        65         5        1.056292e+00
        66         5       -1.586083e+00
        67         5        1.640187e+00
        68         5       -1.587861e+00
        69         5       -7.956316e-01
        70         5       -2.267635e-01
        71         5        5.487876e-01
        72         5       -3.897081e-01
        73         5        5.921027e-01
        74         5        6.995646e-01
        75         5        6.763113e-01
        76         5       -2.185709e-01
        77         5        3.849615e-01
        78         5       -2.526652e-01
        79         5        1.946469e+00
        80         5        1.510597e+00
        81         5       -5.216301e-01
        82         5       -1.329236e+00
        83         5       -1.296583e+00
        84         5        4.199756e-01
        85         5        4.344636e-01
        86         5        4.196076e-03
        87         5       -6.058212e-01
        88         5       -1.351479e+00
        89         5        1.113409e+00
        90         5       -1.084938e+00
        91         5       -2.068540e-01
        92         5        4.370032e-01
        93         5        4.207409e-01
        94         5        2.288070e+00
        95         5       -3.738085e-01
        96         5        3.277998e-01
        97         5       -2.411752e-01
        98         5        9.977280e-01
        99         5        4.904350e-01
       100         5        2.094013e-01
;
param X_Original:=
    1        7.607334e-01
    2        8.249773e-01
    3       -2.808081e-01
    4       -7.557106e-01
    5        1.960808e+00
    6       -9.619724e-02
    7       -2.588543e+00
    8        1.776257e-01
    9       -9.206014e-01
   10        1.195367e+00
   11       -6.490999e-01
   12        5.412158e-01
   13       -1.966975e+00
   14       -6.498081e-01
   15       -2.257857e-01
   16        5.335155e-01
   17       -1.126240e-01
   18        2.126663e-01
   19        8.191505e-01
   20        5.247510e-01
   21        1.047732e+00
   22       -1.151497e+00
   23       -6.500212e-01
   24       -6.559637e-01
   25       -1.468737e-01
   26        1.494288e+00
   27        8.664686e-01
   28       -5.016342e-01
   29        1.180166e+00
   30        3.099866e-01
   31       -5.684763e-01
   32       -1.211834e+00
   33       -1.088393e+00
   34       -1.336038e+00
   35       -1.039770e+00
   36       -5.318133e-02
   37       -2.676131e+00
   38       -1.358440e+00
   39       -8.412144e-02
   40        8.141190e-01
   41        1.022409e+00
   42       -8.289513e-01
   43       -7.060981e-01
   44        8.657181e-01
   45        5.290228e-02
   46       -4.940565e-01
   47        1.040613e+00
   48       -4.264288e-01
   49       -1.398953e+00
   50        7.133091e-01
   51       -8.190620e-01
   52       -6.858662e-02
   53        2.162251e-01
   54       -1.373734e+00
   55       -1.879516e-01
   56        9.231535e-01
   57       -2.798065e+00
   58       -3.076393e-01
   59       -4.726460e-01
   60       -1.437406e+00
   61        1.521370e-01
   62       -4.610624e-01
   63        3.698565e-01
   64       -9.179895e-01
   65        1.197789e+00
   66        5.242584e-01
   67        3.676524e-02
   68       -9.671750e-01
   69        6.338160e-01
   70        8.315677e-01
   71       -1.261420e+00
   72        1.751447e+00
   73       -2.065816e-01
   74       -6.222628e-01
   75        1.236540e+00
   76       -2.991665e+00
   77       -1.239562e+00
   78       -6.430450e-01
   79       -1.894392e-01
   80       -3.723167e-01
   81        1.937002e+00
   82       -3.350096e-01
   83        1.136696e+00
   84        2.110485e+00
   85       -1.018298e+00
   86       -6.139348e-01
   87       -8.310191e-01
   88       -1.000947e+00
   89        2.226912e+00
   90        1.252874e+00
   91       -1.740948e-01
   92       -3.974099e-01
   93        4.784037e-01
   94       -3.097754e+00
   95       -6.355305e-01
   96       -4.182105e-01
   97       -5.798974e-01
   98        8.264628e-02
   99       -1.192994e-01
  100       -1.287541e+00
;
param outliervec_original :=
    1    1
    2    0
    3    0
    4    0
    5    0
    6    0
    7    0
    8    1
    9    0
   10    0
   11    1
   12    1
   13    1
   14    1
   15    0
   16    0
   17    0
   18    0
   19    0
   20    0
   21    1
   22    0
   23    1
   24    1
   25    0
   26    0
   27    0
   28    1
   29    1
   30    0
   31    0
   32    1
   33    1
   34    1
   35    0
   36    0
   37    0
   38    1
   39    0
   40    0
   41    1
   42    0
   43    0
   44    0
   45    0
   46    0
   47    1
   48    0
   49    0
   50    0
   51    0
   52    1
   53    0
   54    0
   55    1
   56    0
   57    0
   58    0
   59    0
   60    0
   61    1
   62    0
   63    0
   64    0
   65    0
   66    1
   67    0
   68    1
   69    1
   70    1
   71    0
   72    1
   73    1
   74    0
   75    0
   76    1
   77    1
   78    1
   79    1
   80    1
   81    0
   82    0
   83    0
   84    0
   85    1
   86    0
   87    0
   88    1
   89    1
   90    1
   91    1
   92    0
   93    1
   94    0
   95    0
   96    1
   97    1
   98    0
   99    1
  100    0
;
param d:= 84;
param r:=5;
param p:=0.400000;
param M:=1000;
param U:=
         1         1        1.559278e-01
         2         1        6.953255e-01
         3         1        6.465015e-01
         4         1        7.967159e-01
         5         1       -2.739858e-02
         6         1       -4.041102e-01
         7         1        1.031145e+00
         8         1       -8.119466e-01
         9         1        1.048725e+00
        10         1        6.788596e-01
        11         1        1.006880e-01
        12         1        5.740462e-01
        13         1       -1.489438e+00
        14         1       -6.337289e-01
        15         1        1.077882e+00
        16         1        6.103504e-01
        17         1        1.594976e-01
        18         1       -7.696579e-01
        19         1       -1.755613e+00
        20         1        5.386926e-01
        21         1        7.780788e-02
        22         1       -5.254943e-01
        23         1       -8.797493e-01
        24         1       -6.962502e-01
        25         1        2.085409e+00
        26         1        1.569635e+00
        27         1       -1.257359e-01
        28         1        3.111788e-01
        29         1        6.080217e-01
        30         1       -1.071770e+00
        31         1        3.848242e-01
        32         1       -3.151896e-02
        33         1        9.334589e-01
        34         1        2.193239e-01
        35         1        7.485427e-01
        36         1        4.404397e-02
        37         1       -1.853426e-01
        38         1       -2.507920e-01
        39         1       -7.104748e-01
        40         1       -1.517861e+00
        41         1       -1.598762e+00
        42         1       -5.453192e-01
        43         1        4.475968e-01
        44         1        9.801840e-02
        45         1        3.271021e-01
        46         1       -8.365482e-01
        47         1        9.514264e-01
        48         1        6.305295e-01
        49         1       -1.007197e+00
        50         1        9.626555e-01
        51         1       -8.936105e-01
        52         1        2.060265e-01
        53         1       -8.334611e-01
        54         1        4.868526e-01
        55         1       -8.467625e-01
        56         1        1.069414e-01
        57         1       -5.105190e-01
        58         1       -7.935069e-01
        59         1       -3.696450e-01
        60         1       -3.357307e-01
        61         1        8.796574e-01
        62         1        5.141117e-01
        63         1        3.374125e-01
        64         1       -1.972309e-01
        65         1        5.008394e-01
        66         1       -9.942984e-01
        67         1        1.116898e+00
        68         1       -1.560866e+00
        69         1       -1.403544e+00
        70         1       -2.324902e+00
        71         1       -7.101392e-01
        72         1       -7.178307e-01
        73         1       -1.118284e+00
        74         1       -1.381190e+00
        75         1        2.326254e-01
        76         1       -1.201931e+00
        77         1       -1.440053e+00
        78         1       -6.175351e-01
        79         1        9.121246e-01
        80         1        1.010938e+00
        81         1        8.659350e-02
        82         1       -2.983094e+00
        83         1        9.940895e-01
        84         1       -1.881018e+00
         1         2        9.527560e-01
         2         2        6.099462e-01
         3         2        6.734427e-01
         4         2       -3.697230e-01
         5         2       -2.142706e+00
         6         2        2.102795e-01
         7         2        1.521508e+00
         8         2        1.345757e+00
         9         2        1.104887e+00
        10         2       -1.631655e-01
        11         2        1.424779e+00
        12         2        1.585008e+00
        13         2       -2.510401e-01
        14         2       -1.503554e-01
        15         2       -1.955339e+00
        16         2       -9.647390e-01
        17         2        4.159153e-01
        18         2       -2.087465e+00
        19         2        2.849767e-01
        20         2       -5.666821e-01
        21         2        5.441233e-01
        22         2        7.307233e-03
        23         2       -5.566671e-01
        24         2        7.676237e-01
        25         2        9.829787e-01
        26         2       -5.978734e-01
        27         2        3.850885e-01
        28         2        1.256855e+00
        29         2       -4.770143e-01
        30         2        6.715808e-01
        31         2        3.730822e-01
        32         2        8.553932e-02
        33         2        5.149550e-01
        34         2       -2.719336e-01
        35         2       -8.095498e-01
        36         2       -1.283550e+00
        37         2       -2.091487e-01
        38         2        9.463608e-01
        39         2        7.340672e-01
        40         2       -1.168983e+00
        41         2       -3.936210e-01
        42         2        9.812724e-01
        43         2       -7.643898e-01
        44         2        5.384933e-01
        45         2        3.083387e-01
        46         2        3.368667e-02
        47         2       -2.068593e-01
        48         2        4.417008e-01
        49         2        6.293020e-01
        50         2        1.105140e-01
        51         2        1.136758e-01
        52         2        6.742708e-01
        53         2        1.576873e+00
        54         2        5.963674e-01
        55         2       -1.680712e-01
        56         2        1.362032e+00
        57         2        5.565006e-01
        58         2        1.254288e-01
        59         2        2.152121e-01
        60         2       -8.413790e-01
        61         2       -1.600578e+00
        62         2        6.764705e-01
        63         2       -7.801977e-01
        64         2        1.077334e+00
        65         2       -1.022769e+00
        66         2       -1.041802e+00
        67         2       -3.897511e-01
        68         2        2.303685e+00
        69         2       -3.907500e-01
        70         2       -9.588271e-01
        71         2        5.875195e-01
        72         2        3.278176e-01
        73         2       -1.989887e+00
        74         2       -1.062268e-01
        75         2        1.063357e+00
        76         2       -3.095131e-01
        77         2       -2.022480e-01
        78         2       -5.634600e-01
        79         2       -6.289441e-01
        80         2        1.033307e+00
        81         2        4.991397e-01
        82         2       -7.785988e-01
        83         2        2.524889e-01
        84         2        8.362360e-01
         1         3        8.313738e-02
         2         3       -2.683007e+00
         3         3        1.528281e+00
         4         3        1.090972e+00
         5         3       -1.274976e-01
         6         3       -9.050235e-01
         7         3        4.548387e-01
         8         3        1.494607e+00
         9         3        7.782329e-01
        10         3       -4.121121e-01
        11         3        3.980201e-01
        12         3       -4.610061e-01
        13         3        1.341060e+00
        14         3       -4.888719e-01
        15         3        1.428046e+00
        16         3        1.693398e-01
        17         3       -6.016960e-01
        18         3       -8.493801e-01
        19         3       -1.105546e+00
        20         3       -1.256582e-01
        21         3       -6.534262e-01
        22         3       -1.130082e+00
        23         3       -1.360703e+00
        24         3       -1.686860e+00
        25         3        3.123030e-01
        26         3        5.728015e-01
        27         3       -4.060815e-02
        28         3        1.115633e+00
        29         3        1.806951e+00
        30         3        5.800232e-01
        31         3        8.569750e-01
        32         3       -2.007773e+00
        33         3        1.629884e+00
        34         3        9.459683e-01
        35         3       -1.820184e+00
        36         3        4.187781e-01
        37         3       -3.343041e-01
        38         3        1.014282e+00
        39         3        1.064461e+00
        40         3       -4.735723e-01
        41         3        1.260395e+00
        42         3        7.237902e-02
        43         3       -9.100007e-01
        44         3        1.115099e+00
        45         3       -7.306539e-01
        46         3       -4.110157e-01
        47         3       -1.314587e-01
        48         3        3.394803e-01
        49         3       -8.269199e-01
        50         3       -3.632909e-01
        51         3       -1.469817e+00
        52         3        1.947335e-01
        53         3        3.765487e-01
        54         3        1.748095e-01
        55         3        1.186961e+00
        56         3       -8.425370e-01
        57         3       -9.734451e-01
        58         3        1.179306e+00
        59         3       -1.276993e+00
        60         3       -8.132489e-01
        61         3        6.727460e-01
        62         3        6.397393e-01
        63         3       -8.201984e-01
        64         3        3.053532e-01
        65         3        1.839523e+00
        66         3       -1.349985e+00
        67         3        1.640790e+00
        68         3        1.353249e-01
        69         3        5.529498e-01
        70         3        1.306238e+00
        71         3        4.167860e-01
        72         3       -3.181288e-01
        73         3        3.513814e-01
        74         3       -1.144059e+00
        75         3       -2.271320e+00
        76         3       -2.982336e-01
        77         3       -1.910192e-01
        78         3        9.430186e-01
        79         3       -2.615239e+00
        80         3        1.952501e+00
        81         3       -3.294323e-01
        82         3        5.164105e-01
        83         3        8.262069e-02
        84         3       -4.429343e-01
         1         4        9.425638e-02
         2         4       -1.243560e+00
         3         4       -1.055191e+00
         4         4        2.636850e-01
         5         4       -2.770194e-01
         6         4        1.527445e-01
         7         4        6.981500e-01
         8         4       -1.192433e+00
         9         4       -1.709931e-02
        10         4       -8.920331e-01
        11         4        9.501366e-02
        12         4       -1.098965e+00
        13         4       -7.711522e-01
        14         4       -1.100400e+00
        15         4        3.589056e-01
        16         4        5.901316e-01
        17         4       -1.077474e+00
        18         4        1.867715e+00
        19         4       -2.611891e-01
        20         4        1.646849e+00
        21         4       -2.746656e-01
        22         4       -1.586710e+00
        23         4       -1.895360e-01
        24         4       -1.236253e+00
        25         4       -1.265521e+00
        26         4       -1.309750e+00
        27         4       -5.877758e-01
        28         4       -3.461321e-02
        29         4       -5.760956e-01
        30         4       -8.852111e-01
        31         4        5.367733e-01
        32         4        7.040207e-01
        33         4        1.590470e+00
        34         4       -1.186843e+00
        35         4       -5.375894e-01
        36         4        4.415212e-01
        37         4       -3.250853e-01
        38         4       -7.314907e-01
        39         4       -1.368476e-01
        40         4        4.057883e-01
        41         4        3.189344e-01
        42         4       -8.791814e-01
        43         4        2.340328e-01
        44         4       -3.666439e-01
        45         4        8.538767e-01
        46         4       -1.304757e+00
        47         4        1.647405e+00
        48         4       -8.587921e-02
        49         4       -6.670268e-01
        50         4       -6.028775e-02
        51         4       -3.415203e-01
        52         4       -3.426029e+00
        53         4        1.771738e+00
        54         4        5.550716e-01
        55         4        3.983775e-01
        56         4        6.988719e-01
        57         4       -5.149882e-01
        58         4       -7.995828e-01
        59         4        9.591956e-01
        60         4       -1.423046e+00
        61         4        6.490705e-01
        62         4        4.774061e-01
        63         4       -1.272264e+00
        64         4       -3.309093e-01
        65         4        1.516290e+00
        66         4       -1.295556e-01
        67         4        5.023471e-01
        68         4        1.968696e-01
        69         4        1.771008e+00
        70         4       -1.010572e+00
        71         4        1.116179e+00
        72         4       -1.054696e+00
        73         4       -3.965779e-01
        74         4        2.570260e+00
        75         4        1.153791e+00
        76         4        2.115471e+00
        77         4       -6.663201e-01
        78         4        1.292874e+00
        79         4       -2.732197e-01
        80         4        2.439687e-01
        81         4        8.181503e-01
        82         4        1.290787e+00
        83         4       -1.155040e+00
        84         4        1.657325e+00
         1         5       -9.546502e-01
         2         5       -6.564542e-01
         3         5       -6.303121e-01
         4         5        1.046562e+00
         5         5        6.492341e-01
         6         5        1.687224e-01
         7         5        7.110233e-01
         8         5       -2.496426e-01
         9         5       -1.013522e+00
        10         5       -1.134096e+00
        11         5       -1.524980e+00
        12         5       -5.240097e-01
        13         5        3.000287e-01
        14         5        2.043539e+00
        15         5        1.273040e+00
        16         5        1.119682e+00
        17         5       -3.477394e-03
        18         5        1.269207e+00
        19         5       -1.363753e-01
        20         5        1.476778e+00
        21         5        9.258597e-01
        22         5        2.259400e+00
        23         5       -6.296228e-01
        24         5       -9.093818e-01
        25         5        1.682375e-01
        26         5       -4.954519e-01
        27         5       -6.643347e-01
        28         5       -1.759488e+00
        29         5        1.080632e+00
        30         5        7.487455e-02
        31         5        2.308743e-01
        32         5        1.406813e-01
        33         5        1.456085e+00
        34         5        1.795760e+00
        35         5        2.508976e+00
        36         5        2.823833e-01
        37         5       -1.524078e-01
        38         5        1.016475e-01
        39         5       -1.059044e-01
        40         5        9.370695e-01
        41         5        4.095980e-01
        42         5        5.517926e-02
        43         5       -8.245936e-01
        44         5       -3.658332e-01
        45         5        1.358530e+00
        46         5        2.731368e-01
        47         5        9.978765e-02
        48         5       -1.512639e-01
        49         5       -2.340131e-01
        50         5        2.082205e+00
        51         5       -6.663644e-01
        52         5       -2.083113e-02
        53         5        7.591196e-01
        54         5       -1.244511e+00
        55         5        6.260022e-01
        56         5       -1.930148e-01
        57         5        8.411287e-01
        58         5       -3.669589e-01
        59         5        1.051144e+00
        60         5        1.056292e+00
        61         5        1.640187e+00
        62         5       -1.587861e+00
        63         5       -2.267635e-01
        64         5        5.487876e-01
        65         5        6.995646e-01
        66         5        6.763113e-01
        67         5        3.849615e-01
        68         5       -2.526652e-01
        69         5        1.946469e+00
        70         5       -5.216301e-01
        71         5       -1.329236e+00
        72         5       -1.296583e+00
        73         5        4.199756e-01
        74         5        4.196076e-03
        75         5       -6.058212e-01
        76         5       -1.084938e+00
        77         5       -2.068540e-01
        78         5        4.370032e-01
        79         5        4.207409e-01
        80         5        2.288070e+00
        81         5       -3.738085e-01
        82         5        9.977280e-01
        83         5        4.904350e-01
        84         5        2.094013e-01
;

param theta:=
    1       -2.043996e-01
    2       -1.007116e+00
    3       -2.243685e-01
    4       -4.892702e-01
    5       -5.651104e-01
;
param X_true:=
    1       -5.166946e-01
    2        8.249773e-01
    3       -2.808081e-01
    4       -7.557106e-01
    5        1.960808e+00
    6       -9.619724e-02
    7       -2.588543e+00
    8       -8.002169e-01
    9       -9.206014e-01
   10        1.195367e+00
   11       -7.295062e-01
   12       -7.763721e-01
   13        4.641280e-01
   14       -2.257857e-01
   15        5.335155e-01
   16       -1.126240e-01
   17        2.126663e-01
   18        8.191505e-01
   19        5.247510e-01
   20       -1.151497e+00
   21       -8.061181e-01
   22       -1.468737e-01
   23        1.494288e+00
   24        8.664686e-01
   25       -9.621923e-01
   26        1.073583e+00
   27        3.099866e-01
   28       -5.684763e-01
   29       -3.781038e-01
   30       -1.966340e-01
   31       -1.039770e+00
   32       -5.318133e-02
   33       -2.676131e+00
   34       -4.173225e-01
   35       -8.412144e-02
   36        8.141190e-01
   37        5.687100e-01
   38       -8.289513e-01
   39       -7.060981e-01
   40        8.657181e-01
   41        5.290228e-02
   42       -4.940565e-01
   43        1.233997e+00
   44       -4.264288e-01
   45       -1.398953e+00
   46        7.133091e-01
   47       -8.190620e-01
   48       -5.223936e-01
   49        2.162251e-01
   50       -1.373734e+00
   51        9.416146e-01
   52        9.231535e-01
   53       -2.798065e+00
   54       -3.076393e-01
   55       -4.726460e-01
   56       -1.437406e+00
   57       -4.610624e-01
   58        3.698565e-01
   59       -9.179895e-01
   60        1.197789e+00
   61        3.676524e-02
   62       -2.661695e-01
   63        1.651436e+00
   64       -1.261420e+00
   65       -6.222628e-01
   66        1.236540e+00
   67       -6.672400e-01
   68       -1.984939e+00
   69       -1.410121e+00
   70        1.937002e+00
   71       -3.350096e-01
   72        1.136696e+00
   73        2.110485e+00
   74       -6.139348e-01
   75       -8.310191e-01
   76        2.023767e-01
   77        9.837980e-01
   78       -3.974099e-01
   79        9.296719e-01
   80       -3.097754e+00
   81       -6.355305e-01
   82        8.264628e-02
   83       -1.880378e-01
   84       -1.287541e+00
;
param X:=
    1        7.607334e-01
    2        8.249773e-01
    3       -2.808081e-01
    4       -7.557106e-01
    5        1.960808e+00
    6       -9.619724e-02
    7       -2.588543e+00
    8        1.776257e-01
    9       -9.206014e-01
   10        1.195367e+00
   11       -6.490999e-01
   12        5.412158e-01
   13       -6.498081e-01
   14       -2.257857e-01
   15        5.335155e-01
   16       -1.126240e-01
   17        2.126663e-01
   18        8.191505e-01
   19        5.247510e-01
   20       -1.151497e+00
   21       -6.500212e-01
   22       -1.468737e-01
   23        1.494288e+00
   24        8.664686e-01
   25       -5.016342e-01
   26        1.180166e+00
   27        3.099866e-01
   28       -5.684763e-01
   29       -1.088393e+00
   30       -1.336038e+00
   31       -1.039770e+00
   32       -5.318133e-02
   33       -2.676131e+00
   34       -1.358440e+00
   35       -8.412144e-02
   36        8.141190e-01
   37        1.022409e+00
   38       -8.289513e-01
   39       -7.060981e-01
   40        8.657181e-01
   41        5.290228e-02
   42       -4.940565e-01
   43        1.040613e+00
   44       -4.264288e-01
   45       -1.398953e+00
   46        7.133091e-01
   47       -8.190620e-01
   48       -6.858662e-02
   49        2.162251e-01
   50       -1.373734e+00
   51       -1.879516e-01
   52        9.231535e-01
   53       -2.798065e+00
   54       -3.076393e-01
   55       -4.726460e-01
   56       -1.437406e+00
   57       -4.610624e-01
   58        3.698565e-01
   59       -9.179895e-01
   60        1.197789e+00
   61        3.676524e-02
   62       -9.671750e-01
   63        8.315677e-01
   64       -1.261420e+00
   65       -6.222628e-01
   66        1.236540e+00
   67       -1.239562e+00
   68       -6.430450e-01
   69       -1.894392e-01
   70        1.937002e+00
   71       -3.350096e-01
   72        1.136696e+00
   73        2.110485e+00
   74       -6.139348e-01
   75       -8.310191e-01
   76        1.252874e+00
   77       -1.740948e-01
   78       -3.974099e-01
   79        4.784037e-01
   80       -3.097754e+00
   81       -6.355305e-01
   82        8.264628e-02
   83       -1.192994e-01
   84       -1.287541e+00
;
param outliervec:=
    1    1
    2    0
    3    0
    4    0
    5    0
    6    0
    7    0
    8    1
    9    0
   10    0
   11    1
   12    1
   13    1
   14    0
   15    0
   16    0
   17    0
   18    0
   19    0
   20    0
   21    1
   22    0
   23    0
   24    0
   25    1
   26    1
   27    0
   28    0
   29    1
   30    1
   31    0
   32    0
   33    0
   34    1
   35    0
   36    0
   37    1
   38    0
   39    0
   40    0
   41    0
   42    0
   43    1
   44    0
   45    0
   46    0
   47    0
   48    1
   49    0
   50    0
   51    1
   52    0
   53    0
   54    0
   55    0
   56    0
   57    0
   58    0
   59    0
   60    0
   61    0
   62    1
   63    1
   64    0
   65    0
   66    0
   67    1
   68    1
   69    1
   70    0
   71    0
   72    0
   73    0
   74    0
   75    0
   76    1
   77    1
   78    0
   79    1
   80    0
   81    0
   82    0
   83    1
   84    0
; 
param greedy_time :=         2.503358e-01
;