data;


param FN:= 0;
param D:= 100;
param U_Original:=
         1         1       -4.245768e-01
         2         1        1.200622e+00
         3         1        1.098624e-01
         4         1        3.255223e-01
         5         1       -8.177860e-01
         6         1       -2.835047e-01
         7         1        1.610326e+00
         8         1        8.858292e-01
         9         1       -2.984614e-01
        10         1       -6.045811e-01
        11         1       -1.191777e+00
        12         1       -7.646858e-01
        13         1        1.849663e+00
        14         1       -1.890553e-01
        15         1        2.294101e+00
        16         1        1.429180e-01
        17         1       -3.470554e-01
        18         1        4.286359e-03
        19         1        1.757159e-01
        20         1       -1.176379e+00
        21         1        2.229100e+00
        22         1        1.123774e+00
        23         1       -5.467991e-01
        24         1        7.996122e-01
        25         1       -1.968484e+00
        26         1        1.635958e+00
        27         1        9.662451e-01
        28         1        1.273614e+00
        29         1        1.532967e+00
        30         1       -1.938208e-01
        31         1        6.834756e-01
        32         1        4.620365e-01
        33         1        3.232513e-01
        34         1        7.187412e-01
        35         1        3.998850e-01
        36         1        1.893334e-01
        37         1        3.132248e-01
        38         1       -1.315468e+00
        39         1        4.547543e-01
        40         1        8.034235e-01
        41         1       -5.839780e-01
        42         1        9.485706e-01
        43         1        1.109450e+00
        44         1        1.900703e+00
        45         1       -1.335885e+00
        46         1       -1.373944e+00
        47         1       -2.345502e-01
        48         1        5.026528e-01
        49         1       -9.942722e-01
        50         1       -4.243518e-01
        51         1       -7.502852e-01
        52         1        2.152226e-01
        53         1        1.900669e-01
        54         1        1.025632e+00
        55         1        8.913461e-01
        56         1        1.820671e-01
        57         1        8.295599e-01
        58         1       -1.617178e+00
        59         1       -6.344860e-01
        60         1       -4.242605e-01
        61         1        1.161687e+00
        62         1       -8.227641e-01
        63         1        2.394605e-02
        64         1       -1.878592e-01
        65         1       -3.043516e-01
        66         1       -5.812538e-01
        67         1       -1.104409e+00
        68         1        9.436255e-01
        69         1        7.327246e-02
        70         1       -1.879148e-01
        71         1        1.056190e+00
        72         1       -1.728547e+00
        73         1       -4.807685e-01
        74         1        5.041619e-01
        75         1        7.400499e-01
        76         1       -1.200955e+00
        77         1        3.158267e-01
        78         1        2.015414e+00
        79         1        2.444123e+00
        80         1        4.021905e-01
        81         1       -1.447656e+00
        82         1       -8.895787e-01
        83         1        1.030099e+00
        84         1        2.341491e-01
        85         1        1.005262e+00
        86         1       -9.356535e-01
        87         1       -6.472056e-01
        88         1       -2.377049e+00
        89         1       -1.138149e+00
        90         1        1.442502e+00
        91         1        2.623473e-01
        92         1        1.043634e+00
        93         1       -1.041169e+00
        94         1        4.007581e-01
        95         1        6.525081e-01
        96         1        1.419882e+00
        97         1       -1.467744e-01
        98         1       -2.593968e-01
        99         1        4.712090e-02
       100         1       -1.600429e+00
         1         2       -1.773580e+00
         2         2        7.368931e-01
         3         2       -1.324351e+00
         4         2        1.927465e-01
         5         2        2.128471e-01
         6         2       -1.318430e+00
         7         2       -1.075508e+00
         8         2       -2.499902e-01
         9         2       -1.518046e+00
        10         2       -1.930216e-01
        11         2        1.551586e+00
        12         2        2.004535e+00
        13         2        3.624696e-01
        14         2        5.676018e-01
        15         2        1.254537e+00
        16         2       -1.046025e+00
        17         2       -7.259225e-01
        18         2        1.393943e-02
        19         2       -1.251641e+00
        20         2       -5.418102e-01
        21         2       -1.251075e-01
        22         2       -5.200491e-01
        23         2        4.001910e-01
        24         2       -1.100512e+00
        25         2       -5.858460e-01
        26         2       -6.065616e-01
        27         2       -7.888482e-01
        28         2        1.033381e+00
        29         2       -1.703232e-01
        30         2        2.921093e-02
        31         2       -8.199919e-01
        32         2       -5.382956e-01
        33         2       -1.608288e-02
        34         2       -8.748397e-01
        35         2       -1.005832e+00
        36         2       -3.369826e-01
        37         2       -9.164191e-01
        38         2       -2.979287e-02
        39         2       -1.727671e-01
        40         2        7.749585e-01
        41         2       -9.201694e-01
        42         2       -9.128058e-01
        43         2        1.063451e+00
        44         2       -8.511189e-01
        45         2       -5.071109e-01
        46         2        4.242875e-01
        47         2       -9.479349e-02
        48         2       -7.491952e-01
        49         2       -1.368429e+00
        50         2        8.989098e-01
        51         2        8.895363e-01
        52         2        1.165017e+00
        53         2       -1.860029e-01
        54         2        7.037120e-01
        55         2        1.215716e+00
        56         2       -2.346548e-01
        57         2        7.706081e-01
        58         2        9.499959e-01
        59         2        6.554031e-01
        60         2        6.978766e-02
        61         2        1.141961e-01
        62         2        6.270887e-01
        63         2       -2.906600e-01
        64         2        1.921984e+00
        65         2       -1.063468e-01
        66         2       -7.254915e-01
        67         2        2.204373e-01
        68         2       -6.981499e-01
        69         2       -2.401360e-01
        70         2        1.182567e+00
        71         2        1.470261e+00
        72         2        1.073994e+00
        73         2        6.124019e-02
        74         2       -1.463924e+00
        75         2       -1.184672e+00
        76         2       -8.616767e-02
        77         2        3.180048e-03
        78         2        1.292062e-01
        79         2       -8.197473e-02
        80         2        6.920020e-01
        81         2        5.224393e-01
        82         2        8.100344e-01
        83         2       -1.741980e+00
        84         2        5.039408e-02
        85         2       -1.169223e-01
        86         2       -1.793889e-01
        87         2       -1.252436e+00
        88         2       -1.830346e+00
        89         2       -9.344175e-01
        90         2        9.578452e-01
        91         2        8.442664e-02
        92         2       -4.686812e-01
        93         2       -7.801316e-01
        94         2        1.687142e+00
        95         2       -1.319227e+00
        96         2       -5.921125e-01
        97         2       -5.180392e-01
        98         2        8.685138e-01
        99         2       -1.732883e+00
       100         2       -3.451588e-01
         1         3        4.103591e-01
         2         3        1.609071e+00
         3         3        4.348769e-01
         4         3        3.643456e-01
         5         3       -1.622828e-01
         6         3        1.633072e+00
         7         3       -1.993957e-01
         8         3        7.660343e-01
         9         3        1.834597e+00
        10         3       -1.174754e+00
        11         3        2.956424e-01
        12         3        9.101939e-02
        13         3        4.911528e-01
        14         3        1.905127e+00
        15         3        1.784455e-01
        16         3       -3.347663e-01
        17         3       -4.480671e-01
        18         3        1.580956e+00
        19         3        1.975554e-01
        20         3        8.716466e-01
        21         3        1.103458e+00
        22         3        2.283509e+00
        23         3       -1.028419e+00
        24         3        2.042927e+00
        25         3        4.057362e-01
        26         3        1.532526e+00
        27         3        3.473078e-01
        28         3       -2.298273e+00
        29         3        4.156453e-02
        30         3       -5.640891e-01
        31         3       -1.994749e+00
        32         3        6.610401e-01
        33         3        1.453115e+00
        34         3       -3.217003e-01
        35         3       -1.232067e-02
        36         3        7.237094e-01
        37         3       -7.357874e-01
        38         3       -7.252107e-01
        39         3        1.419556e-01
        40         3        6.290483e-01
        41         3        3.995638e-01
        42         3       -8.613930e-01
        43         3        6.985090e-01
        44         3       -2.272931e+00
        45         3        1.247164e+00
        46         3        9.744472e-01
        47         3       -8.819816e-01
        48         3       -2.928989e-01
        49         3       -7.303072e-01
        50         3       -3.392861e-01
        51         3       -1.441213e+00
        52         3       -1.575722e-01
        53         3       -1.649475e+00
        54         3        8.712576e-01
        55         3        1.659155e+00
        56         3        8.701256e-02
        57         3       -1.449292e-01
        58         3       -6.122090e-01
        59         3        6.934373e-01
        60         3       -1.135681e+00
        61         3       -1.145314e+00
        62         3       -9.977473e-01
        63         3       -1.839085e-01
        64         3       -8.380348e-01
        65         3        2.940615e-01
        66         3        3.933889e-01
        67         3       -1.707237e-01
        68         3        3.892360e-01
        69         3       -3.012917e-02
        70         3       -2.705176e-01
        71         3       -6.059862e-01
        72         3        1.175805e+00
        73         3       -1.510838e+00
        74         3       -1.292062e-01
        75         3        4.237758e-01
        76         3       -2.906582e+00
        77         3        1.005454e+00
        78         3        3.793771e-01
        79         3       -9.783248e-01
        80         3       -4.695575e-01
        81         3       -9.172108e-01
        82         3       -2.223894e-01
        83         3       -4.380144e-01
        84         3        1.119678e+00
        85         3        1.729740e+00
        86         3       -4.425112e-01
        87         3       -9.212406e-01
        88         3       -3.441418e-01
        89         3        1.247131e+00
        90         3        1.957603e+00
        91         3        1.926738e+00
        92         3        1.612489e+00
        93         3       -1.017499e+00
        94         3       -4.305321e-01
        95         3        4.347338e-02
        96         3        2.119950e+00
        97         3        8.148943e-01
        98         3       -9.154101e-01
        99         3       -1.253754e+00
       100         3        1.897149e+00
         1         4        4.455990e-01
         2         4       -1.468307e+00
         3         4       -4.046867e-01
         4         4       -1.175106e+00
         5         4       -4.383946e-01
         6         4        9.745058e-01
         7         4        1.082721e+00
         8         4        2.624756e+00
         9         4       -1.339050e+00
        10         4       -9.207119e-01
        11         4        7.497978e-01
        12         4       -2.006681e+00
        13         4       -1.240259e+00
        14         4       -2.250341e-01
        15         4       -5.374615e-01
        16         4       -5.984476e-01
        17         4       -7.290176e-01
        18         4       -1.589692e+00
        19         4        5.208876e-02
        20         4        1.822822e+00
        21         4       -1.371503e-01
        22         4       -2.469501e-01
        23         4        2.116275e-01
        24         4        1.214364e+00
        25         4        1.049578e+00
        26         4        2.685885e-03
        27         4        1.811373e-01
        28         4        9.919697e-01
        29         4        8.006191e-01
        30         4        1.510266e+00
        31         4        7.657615e-02
        32         4       -3.736118e-01
        33         4        1.217005e+00
        34         4       -4.556991e-01
        35         4        4.860296e-01
        36         4        1.065471e+00
        37         4       -1.536884e+00
        38         4       -7.926961e-01
        39         4        1.364359e+00
        40         4       -7.336512e-01
        41         4        5.597869e-01
        42         4       -1.146627e+00
        43         4       -4.561226e-01
        44         4        8.472832e-01
        45         4        1.144297e+00
        46         4       -2.018794e+00
        47         4        1.925184e-01
        48         4        7.523974e-01
        49         4       -7.966465e-01
        50         4       -7.213880e-01
        51         4       -3.398155e-01
        52         4       -3.226571e-01
        53         4        8.401666e-01
        54         4        4.126986e-01
        55         4        1.377877e+00
        56         4        1.154376e+00
        57         4       -5.217314e-01
        58         4       -6.252409e-01
        59         4       -6.509732e-01
        60         4        1.182816e+00
        61         4        3.233430e-01
        62         4       -7.958244e-01
        63         4       -5.672721e-01
        64         4        4.626914e-01
        65         4        3.264124e-01
        66         4        1.276876e+00
        67         4        2.474647e-01
        68         4       -2.162891e+00
        69         4        1.014067e-01
        70         4        3.176349e-01
        71         4        5.525552e-02
        72         4        5.759035e-01
        73         4        1.228283e+00
        74         4        1.088210e-01
        75         4       -7.219828e-01
        76         4       -5.285918e-02
        77         4       -4.340263e-01
        78         4        7.974831e-01
        79         4        4.557564e-01
        80         4       -2.308285e-01
        81         4       -8.750141e-02
        82         4        1.159959e+00
        83         4        2.815030e-01
        84         4       -1.456072e+00
        85         4        4.483718e-01
        86         4       -3.470843e-01
        87         4        1.839698e-02
        88         4        1.076543e+00
        89         4       -9.100865e-02
        90         4        3.322978e-01
        91         4        5.451097e-01
        92         4       -2.454836e+00
        93         4        2.653032e-02
        94         4        2.378404e-02
        95         4       -1.498522e+00
        96         4        1.939001e+00
        97         4       -2.278713e+00
        98         4        2.198658e-01
        99         4        1.028946e+00
       100         4       -1.238526e+00
         1         5       -9.703410e-01
         2         5        2.030570e-01
         3         5        3.593389e-01
         4         5        3.415895e-01
         5         5       -1.380342e+00
         6         5        3.600319e-01
         7         5        1.859662e+00
         8         5       -7.472311e-02
         9         5        7.273194e-01
        10         5        1.195447e-01
        11         5        2.338677e-01
        12         5        2.110683e-01
        13         5       -4.338387e-01
        14         5        1.341372e+00
        15         5        9.697446e-01
        16         5        1.491845e+00
        17         5       -1.117053e+00
        18         5       -1.417407e+00
        19         5       -1.270955e+00
        20         5        3.321029e+00
        21         5        4.483264e-01
        22         5        3.635610e-02
        23         5       -4.935141e-01
        24         5        6.086752e-01
        25         5       -1.515803e-01
        26         5        1.790442e-01
        27         5        8.575682e-01
        28         5        1.731022e+00
        29         5       -5.881992e-01
        30         5       -1.631906e-01
        31         5       -2.845565e+00
        32         5       -1.241815e+00
        33         5        9.314534e-01
        34         5       -5.822696e-01
        35         5        2.781425e-01
        36         5       -5.804948e-01
        37         5       -4.156373e-01
        38         5       -3.933291e-01
        39         5       -7.484460e-03
        40         5       -9.588583e-01
        41         5       -5.768040e-01
        42         5        1.534406e+00
        43         5       -5.211006e-01
        44         5        8.146182e-01
        45         5        1.629902e+00
        46         5        4.315324e-01
        47         5       -8.230377e-01
        48         5       -7.162306e-01
        49         5       -1.433528e+00
        50         5       -7.051461e-02
        51         5       -1.271686e-01
        52         5       -1.285396e-01
        53         5       -1.184330e-01
        54         5        4.410179e-01
        55         5       -1.133734e+00
        56         5        8.578078e-01
        57         5       -1.884998e+00
        58         5       -9.720645e-01
        59         5       -3.139127e-01
        60         5        9.816719e-01
        61         5       -1.190054e-01
        62         5       -1.157635e+00
        63         5        5.220725e-01
        64         5        6.190823e-01
        65         5       -2.926806e-02
        66         5       -9.629882e-01
        67         5       -2.669705e-01
        68         5        1.990480e+00
        69         5       -1.076046e+00
        70         5        7.435904e-01
        71         5       -2.683232e-01
        72         5       -2.704769e-01
        73         5        4.886236e-01
        74         5       -1.018207e+00
        75         5        2.070158e+00
        76         5       -1.493359e-01
        77         5        3.342423e-01
        78         5       -1.051306e+00
        79         5        1.039843e-01
        80         5        2.879272e-01
        81         5       -1.103909e+00
        82         5        8.904970e-02
        83         5       -7.398921e-01
        84         5        4.474608e-03
        85         5        1.883474e+00
        86         5        7.664262e-01
        87         5        3.187863e-01
        88         5        1.663499e-01
        89         5        1.106979e+00
        90         5        1.664476e+00
        91         5       -4.643352e-01
        92         5        1.172460e-01
        93         5        5.611850e-02
        94         5       -2.185819e+00
        95         5       -1.192859e+00
        96         5       -1.069857e-01
        97         5       -1.736613e-01
        98         5       -7.159893e-02
        99         5        7.063942e-01
       100         5        5.843296e-01
;
param X_Original:=
    1        1.354955e+00
    2        2.446501e-02
    3       -1.461588e+00
    4       -8.391912e-02
    5        4.210141e-01
    6       -5.921758e-01
    7        7.202208e-01
    8       -2.237992e+00
    9       -1.792444e-01
   10       -1.033271e+00
   11        8.747905e-01
   12       -5.030753e-01
   13       -3.382621e-01
   14       -4.183967e-02
   15        8.702180e-01
   16       -4.970501e-01
   17       -1.783103e+00
   18        7.077157e-01
   19       -4.211857e-01
   20       -5.694518e-01
   21        2.029046e-01
   22       -3.088744e-01
   23       -1.546133e+00
   24        3.350455e-01
   25        3.790571e-02
   26        2.223319e+00
   27        9.951393e-01
   28       -3.336374e-01
   29       -1.929570e+00
   30        1.173892e-01
   31       -1.856582e+00
   32       -2.286701e-01
   33        2.937815e-01
   34       -1.277194e+00
   35        1.390965e-01
   36       -9.142944e-01
   37       -2.028393e+00
   38        2.216938e+00
   39       -8.616914e-01
   40       -7.224755e-01
   41       -1.904295e+00
   42        9.436173e-01
   43        7.357025e-01
   44       -1.786245e+00
   45        8.130816e-02
   46       -1.658458e+00
   47        6.604779e-01
   48       -5.323248e-01
   49       -2.859083e+00
   50       -2.436525e+00
   51       -8.324360e-02
   52        1.645504e+00
   53       -3.491359e-01
   54        1.431862e-01
   55        3.278853e+00
   56        9.393846e-01
   57        2.475235e-01
   58       -8.313051e-01
   59       -7.635730e-01
   60        1.714481e-01
   61        1.591955e+00
   62       -1.342363e+00
   63        5.978776e-02
   64       -8.183865e-01
   65        1.066903e+00
   66        7.874834e-01
   67        4.091123e-01
   68       -1.096180e+00
   69       -3.705649e-01
   70       -3.563504e-01
   71       -1.231225e+00
   72        5.793103e-01
   73        2.333849e+00
   74        7.099059e-01
   75       -1.191368e+00
   76        1.240871e+00
   77       -1.929477e+00
   78        8.137447e-01
   79       -6.087250e-01
   80       -3.462211e-01
   81       -1.582327e+00
   82       -1.611891e-01
   83       -9.459936e-01
   84        9.672376e-01
   85        3.611385e+00
   86       -3.607313e-01
   87        1.061716e+00
   88        4.924894e-01
   89       -8.458864e-01
   90        4.410387e+00
   91        1.025717e+00
   92       -1.564512e+00
   93       -4.870564e-01
   94       -1.338161e+00
   95       -1.036792e+00
   96       -2.009024e+00
   97        8.692073e-01
   98       -8.321386e-01
   99       -5.680672e-01
  100        1.089607e+00
;
param outliervec_original :=
    1    1
    2    1
    3    1
    4    1
    5    1
    6    1
    7    1
    8    1
    9    1
   10    1
   11    0
   12    1
   13    1
   14    1
   15    1
   16    0
   17    0
   18    1
   19    1
   20    1
   21    1
   22    1
   23    0
   24    1
   25    1
   26    1
   27    0
   28    1
   29    1
   30    1
   31    1
   32    1
   33    1
   34    1
   35    1
   36    1
   37    0
   38    1
   39    1
   40    1
   41    1
   42    1
   43    1
   44    0
   45    1
   46    1
   47    1
   48    1
   49    0
   50    1
   51    1
   52    1
   53    1
   54    1
   55    0
   56    0
   57    1
   58    1
   59    1
   60    1
   61    1
   62    1
   63    1
   64    1
   65    1
   66    1
   67    1
   68    1
   69    1
   70    1
   71    1
   72    1
   73    1
   74    1
   75    1
   76    1
   77    1
   78    1
   79    1
   80    1
   81    1
   82    1
   83    0
   84    0
   85    0
   86    1
   87    1
   88    1
   89    1
   90    0
   91    1
   92    1
   93    1
   94    1
   95    1
   96    1
   97    1
   98    1
   99    1
  100    1
;
param d:= 65;
param r:=5;
param p:=0.860000;
param M:=1000;
param U:=
         1         1       -4.245768e-01
         2         1        1.200622e+00
         3         1        3.255223e-01
         4         1        1.610326e+00
         5         1       -6.045811e-01
         6         1       -1.191777e+00
         7         1        1.849663e+00
         8         1        2.294101e+00
         9         1        1.429180e-01
        10         1       -3.470554e-01
        11         1        4.286359e-03
        12         1        1.757159e-01
        13         1       -5.467991e-01
        14         1       -1.968484e+00
        15         1        1.635958e+00
        16         1        9.662451e-01
        17         1        1.273614e+00
        18         1       -1.938208e-01
        19         1        6.834756e-01
        20         1        4.620365e-01
        21         1        7.187412e-01
        22         1        3.998850e-01
        23         1        3.132248e-01
        24         1        8.034235e-01
        25         1        1.109450e+00
        26         1        1.900703e+00
        27         1       -1.373944e+00
        28         1        5.026528e-01
        29         1       -9.942722e-01
        30         1       -4.243518e-01
        31         1        1.900669e-01
        32         1        8.913461e-01
        33         1        1.820671e-01
        34         1       -1.617178e+00
        35         1       -6.344860e-01
        36         1       -4.242605e-01
        37         1       -8.227641e-01
        38         1        2.394605e-02
        39         1       -1.878592e-01
        40         1       -3.043516e-01
        41         1       -5.812538e-01
        42         1       -1.104409e+00
        43         1        9.436255e-01
        44         1        7.327246e-02
        45         1       -1.879148e-01
        46         1        1.056190e+00
        47         1       -1.728547e+00
        48         1        5.041619e-01
        49         1        2.015414e+00
        50         1        2.444123e+00
        51         1        4.021905e-01
        52         1       -1.447656e+00
        53         1       -8.895787e-01
        54         1        1.030099e+00
        55         1        2.341491e-01
        56         1        1.005262e+00
        57         1       -9.356535e-01
        58         1       -2.377049e+00
        59         1        1.442502e+00
        60         1       -1.041169e+00
        61         1        4.007581e-01
        62         1        6.525081e-01
        63         1       -2.593968e-01
        64         1        4.712090e-02
        65         1       -1.600429e+00
         1         2       -1.773580e+00
         2         2        7.368931e-01
         3         2        1.927465e-01
         4         2       -1.075508e+00
         5         2       -1.930216e-01
         6         2        1.551586e+00
         7         2        3.624696e-01
         8         2        1.254537e+00
         9         2       -1.046025e+00
        10         2       -7.259225e-01
        11         2        1.393943e-02
        12         2       -1.251641e+00
        13         2        4.001910e-01
        14         2       -5.858460e-01
        15         2       -6.065616e-01
        16         2       -7.888482e-01
        17         2        1.033381e+00
        18         2        2.921093e-02
        19         2       -8.199919e-01
        20         2       -5.382956e-01
        21         2       -8.748397e-01
        22         2       -1.005832e+00
        23         2       -9.164191e-01
        24         2        7.749585e-01
        25         2        1.063451e+00
        26         2       -8.511189e-01
        27         2        4.242875e-01
        28         2       -7.491952e-01
        29         2       -1.368429e+00
        30         2        8.989098e-01
        31         2       -1.860029e-01
        32         2        1.215716e+00
        33         2       -2.346548e-01
        34         2        9.499959e-01
        35         2        6.554031e-01
        36         2        6.978766e-02
        37         2        6.270887e-01
        38         2       -2.906600e-01
        39         2        1.921984e+00
        40         2       -1.063468e-01
        41         2       -7.254915e-01
        42         2        2.204373e-01
        43         2       -6.981499e-01
        44         2       -2.401360e-01
        45         2        1.182567e+00
        46         2        1.470261e+00
        47         2        1.073994e+00
        48         2       -1.463924e+00
        49         2        1.292062e-01
        50         2       -8.197473e-02
        51         2        6.920020e-01
        52         2        5.224393e-01
        53         2        8.100344e-01
        54         2       -1.741980e+00
        55         2        5.039408e-02
        56         2       -1.169223e-01
        57         2       -1.793889e-01
        58         2       -1.830346e+00
        59         2        9.578452e-01
        60         2       -7.801316e-01
        61         2        1.687142e+00
        62         2       -1.319227e+00
        63         2        8.685138e-01
        64         2       -1.732883e+00
        65         2       -3.451588e-01
         1         3        4.103591e-01
         2         3        1.609071e+00
         3         3        3.643456e-01
         4         3       -1.993957e-01
         5         3       -1.174754e+00
         6         3        2.956424e-01
         7         3        4.911528e-01
         8         3        1.784455e-01
         9         3       -3.347663e-01
        10         3       -4.480671e-01
        11         3        1.580956e+00
        12         3        1.975554e-01
        13         3       -1.028419e+00
        14         3        4.057362e-01
        15         3        1.532526e+00
        16         3        3.473078e-01
        17         3       -2.298273e+00
        18         3       -5.640891e-01
        19         3       -1.994749e+00
        20         3        6.610401e-01
        21         3       -3.217003e-01
        22         3       -1.232067e-02
        23         3       -7.357874e-01
        24         3        6.290483e-01
        25         3        6.985090e-01
        26         3       -2.272931e+00
        27         3        9.744472e-01
        28         3       -2.928989e-01
        29         3       -7.303072e-01
        30         3       -3.392861e-01
        31         3       -1.649475e+00
        32         3        1.659155e+00
        33         3        8.701256e-02
        34         3       -6.122090e-01
        35         3        6.934373e-01
        36         3       -1.135681e+00
        37         3       -9.977473e-01
        38         3       -1.839085e-01
        39         3       -8.380348e-01
        40         3        2.940615e-01
        41         3        3.933889e-01
        42         3       -1.707237e-01
        43         3        3.892360e-01
        44         3       -3.012917e-02
        45         3       -2.705176e-01
        46         3       -6.059862e-01
        47         3        1.175805e+00
        48         3       -1.292062e-01
        49         3        3.793771e-01
        50         3       -9.783248e-01
        51         3       -4.695575e-01
        52         3       -9.172108e-01
        53         3       -2.223894e-01
        54         3       -4.380144e-01
        55         3        1.119678e+00
        56         3        1.729740e+00
        57         3       -4.425112e-01
        58         3       -3.441418e-01
        59         3        1.957603e+00
        60         3       -1.017499e+00
        61         3       -4.305321e-01
        62         3        4.347338e-02
        63         3       -9.154101e-01
        64         3       -1.253754e+00
        65         3        1.897149e+00
         1         4        4.455990e-01
         2         4       -1.468307e+00
         3         4       -1.175106e+00
         4         4        1.082721e+00
         5         4       -9.207119e-01
         6         4        7.497978e-01
         7         4       -1.240259e+00
         8         4       -5.374615e-01
         9         4       -5.984476e-01
        10         4       -7.290176e-01
        11         4       -1.589692e+00
        12         4        5.208876e-02
        13         4        2.116275e-01
        14         4        1.049578e+00
        15         4        2.685885e-03
        16         4        1.811373e-01
        17         4        9.919697e-01
        18         4        1.510266e+00
        19         4        7.657615e-02
        20         4       -3.736118e-01
        21         4       -4.556991e-01
        22         4        4.860296e-01
        23         4       -1.536884e+00
        24         4       -7.336512e-01
        25         4       -4.561226e-01
        26         4        8.472832e-01
        27         4       -2.018794e+00
        28         4        7.523974e-01
        29         4       -7.966465e-01
        30         4       -7.213880e-01
        31         4        8.401666e-01
        32         4        1.377877e+00
        33         4        1.154376e+00
        34         4       -6.252409e-01
        35         4       -6.509732e-01
        36         4        1.182816e+00
        37         4       -7.958244e-01
        38         4       -5.672721e-01
        39         4        4.626914e-01
        40         4        3.264124e-01
        41         4        1.276876e+00
        42         4        2.474647e-01
        43         4       -2.162891e+00
        44         4        1.014067e-01
        45         4        3.176349e-01
        46         4        5.525552e-02
        47         4        5.759035e-01
        48         4        1.088210e-01
        49         4        7.974831e-01
        50         4        4.557564e-01
        51         4       -2.308285e-01
        52         4       -8.750141e-02
        53         4        1.159959e+00
        54         4        2.815030e-01
        55         4       -1.456072e+00
        56         4        4.483718e-01
        57         4       -3.470843e-01
        58         4        1.076543e+00
        59         4        3.322978e-01
        60         4        2.653032e-02
        61         4        2.378404e-02
        62         4       -1.498522e+00
        63         4        2.198658e-01
        64         4        1.028946e+00
        65         4       -1.238526e+00
         1         5       -9.703410e-01
         2         5        2.030570e-01
         3         5        3.415895e-01
         4         5        1.859662e+00
         5         5        1.195447e-01
         6         5        2.338677e-01
         7         5       -4.338387e-01
         8         5        9.697446e-01
         9         5        1.491845e+00
        10         5       -1.117053e+00
        11         5       -1.417407e+00
        12         5       -1.270955e+00
        13         5       -4.935141e-01
        14         5       -1.515803e-01
        15         5        1.790442e-01
        16         5        8.575682e-01
        17         5        1.731022e+00
        18         5       -1.631906e-01
        19         5       -2.845565e+00
        20         5       -1.241815e+00
        21         5       -5.822696e-01
        22         5        2.781425e-01
        23         5       -4.156373e-01
        24         5       -9.588583e-01
        25         5       -5.211006e-01
        26         5        8.146182e-01
        27         5        4.315324e-01
        28         5       -7.162306e-01
        29         5       -1.433528e+00
        30         5       -7.051461e-02
        31         5       -1.184330e-01
        32         5       -1.133734e+00
        33         5        8.578078e-01
        34         5       -9.720645e-01
        35         5       -3.139127e-01
        36         5        9.816719e-01
        37         5       -1.157635e+00
        38         5        5.220725e-01
        39         5        6.190823e-01
        40         5       -2.926806e-02
        41         5       -9.629882e-01
        42         5       -2.669705e-01
        43         5        1.990480e+00
        44         5       -1.076046e+00
        45         5        7.435904e-01
        46         5       -2.683232e-01
        47         5       -2.704769e-01
        48         5       -1.018207e+00
        49         5       -1.051306e+00
        50         5        1.039843e-01
        51         5        2.879272e-01
        52         5       -1.103909e+00
        53         5        8.904970e-02
        54         5       -7.398921e-01
        55         5        4.474608e-03
        56         5        1.883474e+00
        57         5        7.664262e-01
        58         5        1.663499e-01
        59         5        1.664476e+00
        60         5        5.611850e-02
        61         5       -2.185819e+00
        62         5       -1.192859e+00
        63         5       -7.159893e-02
        64         5        7.063942e-01
        65         5        5.843296e-01
;

param theta:=
    1        4.636525e-01
    2        3.966787e-01
    3        1.324109e+00
    4        4.428694e-01
    5        3.736341e-01
;
param X_true:=
    1       -5.215136e-01
    2        2.405663e+00
    3        3.183307e-01
    4        1.229669e+00
    5       -2.275403e+00
    6        8.747905e-01
    7        9.406295e-01
    8        1.921365e+00
    9       -4.970501e-01
   10       -1.783103e+00
   11        8.670609e-01
   12       -6.055847e-01
   13       -1.546133e+00
   14       -1.982002e-01
   15        2.615520e+00
   16        9.951393e-01
   17       -9.571039e-01
   18       -2.181819e-01
   19       -3.678798e+00
   20        2.483986e-01
   21       -8.584073e-01
   22        8.940873e-02
   23       -2.028393e+00
   24        8.298614e-01
   25        1.463854e+00
   26       -1.786245e+00
   27        8.792255e-02
   28       -3.861132e-01
   29       -2.859083e+00
   30       -6.361070e-01
   31       -1.841672e+00
   32        3.278853e+00
   33        9.393846e-01
   34       -1.824527e+00
   35        4.784768e-01
   36       -7.812794e-01
   37       -2.238469e+00
   38       -4.024028e-01
   39       -2.679883e-04
   40        3.392114e-01
   41        1.707637e-01
   42       -6.404066e-01
   43        4.626761e-01
   44       -4.581155e-01
   45        4.449642e-01
   46        1.950894e-01
   47        1.335386e+00
   48       -8.510011e-01
   49        1.447605e+00
   50        4.770397e-02
   51       -1.533855e-01
   52       -2.129177e+00
   53        1.610052e-01
   54       -9.459936e-01
   55        9.672376e-01
   56        3.611385e+00
   57       -9.588232e-01
   58       -1.743475e+00
   59        4.410387e+00
   60       -2.107936e+00
   61       -5.218337e-01
   62       -1.273827e+00
   63       -9.160674e-01
   64       -1.605737e+00
   65        1.302258e+00
;
param X:=
    1        1.354955e+00
    2        2.446501e-02
    3       -8.391912e-02
    4        7.202208e-01
    5       -1.033271e+00
    6        8.747905e-01
    7       -3.382621e-01
    8        8.702180e-01
    9       -4.970501e-01
   10       -1.783103e+00
   11        7.077157e-01
   12       -4.211857e-01
   13       -1.546133e+00
   14        3.790571e-02
   15        2.223319e+00
   16        9.951393e-01
   17       -3.336374e-01
   18        1.173892e-01
   19       -1.856582e+00
   20       -2.286701e-01
   21       -1.277194e+00
   22        1.390965e-01
   23       -2.028393e+00
   24       -7.224755e-01
   25        7.357025e-01
   26       -1.786245e+00
   27       -1.658458e+00
   28       -5.323248e-01
   29       -2.859083e+00
   30       -2.436525e+00
   31       -3.491359e-01
   32        3.278853e+00
   33        9.393846e-01
   34       -8.313051e-01
   35       -7.635730e-01
   36        1.714481e-01
   37       -1.342363e+00
   38        5.978776e-02
   39       -8.183865e-01
   40        1.066903e+00
   41        7.874834e-01
   42        4.091123e-01
   43       -1.096180e+00
   44       -3.705649e-01
   45       -3.563504e-01
   46       -1.231225e+00
   47        5.793103e-01
   48        7.099059e-01
   49        8.137447e-01
   50       -6.087250e-01
   51       -3.462211e-01
   52       -1.582327e+00
   53       -1.611891e-01
   54       -9.459936e-01
   55        9.672376e-01
   56        3.611385e+00
   57       -3.607313e-01
   58        4.924894e-01
   59        4.410387e+00
   60       -4.870564e-01
   61       -1.338161e+00
   62       -1.036792e+00
   63       -8.321386e-01
   64       -5.680672e-01
   65        1.089607e+00
;
param outliervec:=
    1    1
    2    1
    3    1
    4    1
    5    1
    6    0
    7    1
    8    1
    9    0
   10    0
   11    1
   12    1
   13    0
   14    1
   15    1
   16    0
   17    1
   18    1
   19    1
   20    1
   21    1
   22    1
   23    0
   24    1
   25    1
   26    0
   27    1
   28    1
   29    0
   30    1
   31    1
   32    0
   33    0
   34    1
   35    1
   36    1
   37    1
   38    1
   39    1
   40    1
   41    1
   42    1
   43    1
   44    1
   45    1
   46    1
   47    1
   48    1
   49    1
   50    1
   51    1
   52    1
   53    1
   54    0
   55    0
   56    0
   57    1
   58    1
   59    0
   60    1
   61    1
   62    1
   63    1
   64    1
   65    1
; 
param greedy_time :=         4.786874e-01
;