data;


param FN:= 8;
param D:= 100;
param U_Original:=
         1         1        8.932262e-01
         2         1       -1.090418e+00
         3         1       -1.193254e+00
         4         1        6.244671e-01
         5         1       -4.138964e-01
         6         1       -3.877476e-01
         7         1        8.540766e-01
         8         1       -2.681437e-01
         9         1       -7.997960e-01
        10         1        1.787444e+00
        11         1       -2.705056e+00
        12         1       -2.109197e-01
        13         1       -1.234809e+00
        14         1       -9.359439e-01
        15         1       -1.224715e+00
        16         1       -2.458825e+00
        17         1       -1.493609e+00
        18         1        8.285323e-02
        19         1       -1.159410e+00
        20         1       -4.224597e-01
        21         1        3.862028e-01
        22         1        1.485696e+00
        23         1        2.948112e-01
        24         1       -7.610776e-01
        25         1       -4.076626e-02
        26         1        8.601063e-02
        27         1       -1.108988e+00
        28         1       -9.294467e-02
        29         1       -9.652194e-01
        30         1        1.914966e+00
        31         1        2.420407e+00
        32         1        2.758522e+00
        33         1        6.591725e-01
        34         1       -5.733322e-01
        35         1       -5.440593e-01
        36         1       -1.802875e+00
        37         1        3.790677e-01
        38         1        4.502354e-01
        39         1       -4.083011e-01
        40         1        1.067253e+00
        41         1       -1.244341e+00
        42         1        1.060325e+00
        43         1        2.124891e-01
        44         1        1.016331e-01
        45         1        1.482346e+00
        46         1       -4.424548e-01
        47         1       -1.268154e-01
        48         1       -7.121312e-01
        49         1        1.772870e+00
        50         1        2.599786e-01
        51         1       -1.238595e+00
        52         1       -2.184209e-01
        53         1       -5.827426e-01
        54         1        7.585682e-02
        55         1        1.380566e+00
        56         1        5.165204e-01
        57         1       -8.682232e-01
        58         1       -5.394175e-02
        59         1       -2.943270e-01
        60         1        6.546747e-01
        61         1        1.330310e+00
        62         1       -7.683695e-01
        63         1        5.809895e-01
        64         1       -1.438620e+00
        65         1       -5.548072e-01
        66         1        8.801554e-01
        67         1        8.740492e-01
        68         1        3.617713e-01
        69         1       -1.801209e-01
        70         1       -1.051726e+00
        71         1       -8.679208e-01
        72         1       -2.671275e+00
        73         1       -5.622183e-01
        74         1       -6.979738e-01
        75         1        1.658827e-01
        76         1        8.527007e-01
        77         1        8.091535e-02
        78         1       -1.533970e+00
        79         1       -4.691188e-01
        80         1       -1.444379e+00
        81         1       -1.974830e+00
        82         1        8.559065e-01
        83         1        9.070428e-01
        84         1        2.387454e-01
        85         1        1.059447e+00
        86         1       -2.087297e+00
        87         1        1.274571e+00
        88         1        4.679089e-01
        89         1       -2.951691e-01
        90         1        1.162864e+00
        91         1       -7.632162e-01
        92         1        2.057574e+00
        93         1        2.811394e-01
        94         1       -9.779455e-01
        95         1        1.758352e+00
        96         1       -1.883126e-02
        97         1       -4.962247e-02
        98         1       -1.388163e+00
        99         1        2.503595e-01
       100         1        1.343011e+00
         1         2        8.439830e-01
         2         2       -1.599742e+00
         3         2       -1.913711e-01
         4         2        2.320016e+00
         5         2       -1.925895e-01
         6         2        1.827471e-01
         7         2        2.777459e-01
         8         2        4.637791e-01
         9         2       -1.327260e+00
        10         2       -5.537508e-01
        11         2        1.902764e+00
        12         2        1.192708e+00
        13         2        9.301233e-01
        14         2       -7.437847e-01
        15         2       -8.666035e-01
        16         2        5.757003e-01
        17         2        1.358379e-01
        18         2        1.008369e+00
        19         2       -1.546993e+00
        20         2        2.732245e-01
        21         2        4.679378e-01
        22         2        9.833680e-01
        23         2        8.074496e-02
        24         2       -6.688639e-01
        25         2        4.364185e-01
        26         2        1.230878e+00
        27         2       -7.320815e-01
        28         2        3.162924e-01
        29         2       -2.785116e-01
        30         2        1.458496e+00
        31         2       -1.036464e+00
        32         2        2.886739e-02
        33         2       -1.542284e+00
        34         2        4.055021e-01
        35         2       -6.945930e-01
        36         2        2.272458e-01
        37         2        1.243711e-01
        38         2       -7.679188e-01
        39         2        2.156811e-03
        40         2        1.711156e-01
        41         2        1.659696e-01
        42         2        3.177052e-01
        43         2        1.333223e+00
        44         2       -3.527735e-01
        45         2        5.484133e-01
        46         2       -1.613706e-01
        47         2        2.019241e+00
        48         2        8.968665e-01
        49         2       -3.279590e-02
        50         2        9.562779e-01
        51         2        9.830894e-01
        52         2       -1.268683e+00
        53         2       -1.280052e+00
        54         2        5.179057e-01
        55         2       -2.801104e-01
        56         2       -1.968404e-01
        57         2        2.078403e-01
        58         2        2.983340e-01
        59         2        2.267918e-01
        60         2       -4.444457e-01
        61         2       -1.794056e-01
        62         2        1.745854e+00
        63         2        1.380781e-01
        64         2        2.160267e+00
        65         2        4.638191e-01
        66         2       -9.368644e-01
        67         2       -4.703016e-01
        68         2       -8.929625e-01
        69         2        6.398081e-01
        70         2        1.023314e+00
        71         2        1.362755e+00
        72         2        1.033818e+00
        73         2       -8.257377e-02
        74         2       -2.018962e+00
        75         2       -1.735073e+00
        76         2       -2.374155e-03
        77         2        1.177962e+00
        78         2       -8.603656e-01
        79         2       -1.721531e+00
        80         2        3.577631e-01
        81         2       -1.526387e-01
        82         2        7.027565e-01
        83         2       -7.505638e-01
        84         2        1.525443e-01
        85         2        1.762397e-01
        86         2       -2.971115e-01
        87         2       -1.277593e-02
        88         2        9.184982e-01
        89         2        7.421543e-02
        90         2        9.539379e-01
        91         2        2.089641e-01
        92         2        1.434638e+00
        93         2       -7.739399e-02
        94         2       -1.476720e-02
        95         2        9.308971e-01
        96         2       -6.054515e-01
        97         2       -1.339215e+00
        98         2       -9.792804e-01
        99         2       -4.534989e-01
       100         2       -2.856094e-01
         1         3       -3.741482e-01
         2         3        9.098282e-01
         3         3        3.506704e-01
         4         3        8.818641e-01
         5         3       -1.295441e+00
         6         3       -4.030131e-01
         7         3        1.375767e+00
         8         3       -1.018117e+00
         9         3        1.505875e+00
        10         3       -3.008649e-02
        11         3       -6.052454e-01
        12         3        2.426366e-01
        13         3        5.456311e-03
        14         3        2.772273e+00
        15         3        6.682273e-01
        16         3        1.882824e+00
        17         3       -1.405250e+00
        18         3        8.096611e-01
        19         3       -1.733574e+00
        20         3        9.866566e-01
        21         3        8.019279e-01
        22         3       -1.722185e+00
        23         3        3.236123e-01
        24         3       -6.208721e-02
        25         3       -2.417554e-01
        26         3        1.028429e+00
        27         3        1.503846e-01
        28         3        6.835439e-01
        29         3        1.180128e-01
        30         3        7.097310e-01
        31         3       -1.336129e+00
        32         3       -1.684389e+00
        33         3        7.886939e-01
        34         3        1.155753e+00
        35         3       -7.885321e-01
        36         3        1.385148e+00
        37         3        5.825492e-01
        38         3        4.289426e-01
        39         3        1.177992e+00
        40         3        1.126149e+00
        41         3        4.262398e-01
        42         3        4.372750e-01
        43         3        2.151559e+00
        44         3       -3.955171e-01
        45         3       -1.073985e+00
        46         3       -1.460880e+00
        47         3       -9.934437e-01
        48         3        1.149133e+00
        49         3       -7.159601e-01
        50         3       -9.086093e-01
        51         3        8.433686e-02
        52         3       -7.696350e-01
        53         3       -6.291562e-02
        54         3       -1.736119e+00
        55         3       -1.567014e+00
        56         3        2.342589e-01
        57         3        5.130188e-01
        58         3        2.508016e-01
        59         3        8.880775e-01
        60         3       -9.582418e-01
        61         3       -2.745854e+00
        62         3        3.343631e-01
        63         3        1.315930e+00
        64         3       -1.947174e-01
        65         3        1.282953e+00
        66         3        3.542548e-01
        67         3        4.641430e-02
        68         3        5.576127e-01
        69         3        4.667722e-01
        70         3        1.414039e+00
        71         3       -3.782702e-01
        72         3        3.316697e-01
        73         3        8.542576e-01
        74         3       -4.422509e-01
        75         3       -3.676320e-01
        76         3       -1.646800e+00
        77         3        8.432565e-01
        78         3       -1.183741e+00
        79         3        7.046474e-01
        80         3       -1.557915e+00
        81         3       -6.310483e-01
        82         3        1.908149e+00
        83         3        7.843125e-01
        84         3       -7.162052e-01
        85         3       -2.957345e-01
        86         3       -9.033031e-01
        87         3       -1.778476e+00
        88         3       -2.131838e+00
        89         3       -6.303310e-01
        90         3       -2.427595e-01
        91         3       -6.429106e-01
        92         3        1.494087e+00
        93         3       -8.289457e-01
        94         3        4.625771e-01
        95         3       -1.754443e+00
        96         3        9.117534e-01
        97         3       -4.824957e-01
        98         3        1.149231e+00
        99         3        1.593538e+00
       100         3       -1.158479e+00
         1         4       -7.276404e-01
         2         4        5.821334e-01
         3         4       -5.765865e-01
         4         4        6.298491e-01
         5         4        7.127971e-01
         6         4       -5.322732e-02
         7         4        4.238429e-01
         8         4        1.814544e-01
         9         4       -4.594158e-01
        10         4        1.330102e+00
        11         4       -1.509151e+00
        12         4       -8.308046e-01
        13         4       -1.242299e+00
        14         4       -1.349936e-01
        15         4        7.791667e-01
        16         4        7.232268e-01
        17         4        1.459574e+00
        18         4       -7.035308e-01
        19         4       -8.938537e-01
        20         4        6.169445e-01
        21         4       -1.786176e+00
        22         4        3.004159e-02
        23         4       -1.086177e+00
        24         4        4.907046e-01
        25         4       -1.425702e-01
        26         4        7.587124e-01
        27         4       -3.164536e-01
        28         4       -7.985866e-01
        29         4       -3.681045e-01
        30         4        7.007015e-01
        31         4        9.331857e-02
        32         4       -1.342981e+00
        33         4        1.131465e+00
        34         4       -1.155069e-01
        35         4        1.231513e+00
        36         4        1.006987e+00
        37         4        6.370358e-01
        38         4       -3.196546e-01
        39         4       -7.862620e-01
        40         4       -1.265329e+00
        41         4       -2.601536e-01
        42         4        4.858883e-01
        43         4       -3.717170e-01
        44         4        1.325692e-01
        45         4        4.073864e-01
        46         4        3.876484e-01
        47         4        1.148084e+00
        48         4        4.352262e-01
        49         4        1.285345e-01
        50         4       -2.758648e-01
        51         4       -1.417341e+00
        52         4       -3.924488e-01
        53         4        8.601124e-01
        54         4        6.803140e-02
        55         4        1.044861e+00
        56         4       -4.797212e-01
        57         4       -1.147498e+00
        58         4       -1.829343e+00
        59         4       -6.080904e-01
        60         4        8.964893e-01
        61         4        4.655889e-01
        62         4        1.864923e-01
        63         4       -2.295002e+00
        64         4       -6.444950e-01
        65         4       -3.395455e-01
        66         4       -5.404139e-01
        67         4       -7.637262e-01
        68         4        2.884899e-01
        69         4       -2.640321e+00
        70         4       -5.359124e-01
        71         4        3.841147e-01
        72         4        7.318712e-01
        73         4       -1.338183e+00
        74         4        2.073558e-01
        75         4        5.875145e-01
        76         4        3.643236e-01
        77         4        5.288023e-01
        78         4        5.421558e-01
        79         4       -4.869044e-01
        80         4       -4.593896e-02
        81         4       -5.905994e-01
        82         4        2.219122e-01
        83         4        5.028203e-01
        84         4       -4.005180e-01
        85         4        8.461674e-01
        86         4       -1.735442e-01
        87         4        5.374933e-01
        88         4        5.011830e-02
        89         4       -5.082651e-01
        90         4       -1.573745e-01
        91         4       -8.743927e-01
        92         4       -4.432679e-01
        93         4       -1.523976e+00
        94         4       -9.638594e-01
        95         4       -5.301396e-01
        96         4        3.104528e-01
        97         4        1.071795e+00
        98         4        1.361281e+00
        99         4       -2.130351e-01
       100         4        6.121469e-01
         1         5       -4.347893e-01
         2         5       -5.646110e-02
         3         5        9.241070e-01
         4         5        4.960132e-01
         5         5        1.733045e+00
         6         5       -1.413435e+00
         7         5        3.311474e-02
         8         5        1.202827e+00
         9         5        6.907500e-01
        10         5        5.067190e-01
        11         5        2.648220e+00
        12         5       -2.275468e-01
        13         5       -1.080027e+00
        14         5        6.699326e-01
        15         5       -1.240949e+00
        16         5        1.334326e+00
        17         5       -8.552912e-02
        18         5       -6.763981e-01
        19         5        2.261680e-01
        20         5       -1.054050e+00
        21         5       -1.083003e-01
        22         5        3.386902e-01
        23         5        1.306616e+00
        24         5        1.717815e-01
        25         5        2.531831e-01
        26         5       -9.529865e-01
        27         5        1.115502e+00
        28         5       -6.788125e-01
        29         5        4.117334e-01
        30         5       -9.088564e-01
        31         5       -6.612984e-01
        32         5       -1.445340e+00
        33         5        9.219374e-01
        34         5       -8.899443e-01
        35         5       -5.270158e-01
        36         5        1.082655e+00
        37         5        5.518454e-01
        38         5        1.504737e+00
        39         5        3.328307e-01
        40         5        1.182017e-01
        41         5       -1.922453e-01
        42         5       -5.523329e-01
        43         5        2.500993e-02
        44         5       -1.822401e+00
        45         5        6.692003e-01
        46         5        1.882834e+00
        47         5       -8.693696e-02
        48         5        4.814747e-03
        49         5       -5.619250e-01
        50         5       -4.729953e-01
        51         5       -1.105667e+00
        52         5        7.249469e-01
        53         5       -4.345373e-01
        54         5       -1.636671e+00
        55         5        9.555407e-01
        56         5        5.367366e-01
        57         5        3.839542e-03
        58         5       -7.693820e-01
        59         5       -4.549342e-01
        60         5        1.113769e+00
        61         5       -1.109261e+00
        62         5       -1.365914e+00
        63         5       -7.071675e-01
        64         5        4.500061e-01
        65         5       -1.024198e+00
        66         5        9.566203e-01
        67         5        1.488260e+00
        68         5        1.694796e+00
        69         5        1.618016e-01
        70         5       -6.150118e-01
        71         5       -1.122216e+00
        72         5       -1.432313e+00
        73         5       -3.526582e-01
        74         5        1.210429e-01
        75         5        2.573440e+00
        76         5        1.498584e+00
        77         5        6.032253e-01
        78         5        2.765200e+00
        79         5        5.679607e-01
        80         5       -2.228064e+00
        81         5        1.748640e+00
        82         5        7.244837e-01
        83         5        1.309924e+00
        84         5        1.725159e-01
        85         5       -3.804102e-01
        86         5        1.925933e+00
        87         5       -1.493652e-01
        88         5       -1.302676e+00
        89         5        8.799587e-01
        90         5        5.204377e-01
        91         5        1.996476e+00
        92         5       -8.102765e-01
        93         5       -5.457414e-01
        94         5       -1.501729e+00
        95         5       -8.092193e-01
        96         5       -8.892827e-02
        97         5        6.001733e-01
        98         5        6.714061e-01
        99         5        4.114362e-01
       100         5        6.731996e-01
;
param X_Original:=
    1        4.425183e-01
    2       -9.354258e-01
    3        2.466752e+00
    4       -7.963135e-01
    5        3.565458e-01
    6        1.345816e-01
    7       -7.169200e-02
    8        2.160970e+00
    9        4.723765e-01
   10       -3.141491e-01
   11       -4.127656e-01
   12       -1.085240e+00
   13       -1.608345e+00
   14        5.608391e-01
   15       -4.112050e-01
   16       -1.411571e+00
   17       -2.528971e+00
   18        6.100588e-01
   19        8.655942e-01
   20        2.418566e+00
   21       -1.047426e+00
   22        9.261805e-03
   23        5.880901e-01
   24        4.339959e-01
   25       -5.034409e-01
   26        1.463992e+00
   27       -2.335871e+00
   28       -9.653907e-02
   29        5.655474e-01
   30        2.774728e-01
   31       -2.894823e-01
   32        9.543160e-01
   33       -1.163108e-01
   34       -1.535152e+00
   35        2.233567e-01
   36       -1.275359e+00
   37       -4.868113e-02
   38        1.211231e+00
   39        9.371973e-01
   40        7.538352e-01
   41        6.029875e-01
   42       -1.067807e+00
   43       -1.669687e+00
   44        1.711495e+00
   45       -1.246178e+00
   46        1.565426e-01
   47        8.282688e-01
   48        5.863216e-01
   49        2.716228e-01
   50       -7.491086e-01
   51       -1.058720e+00
   52       -1.268784e+00
   53        6.192036e-01
   54       -3.968087e+00
   55       -6.952448e-01
   56       -7.253216e-01
   57        2.257850e-01
   58       -1.757107e+00
   59       -2.859011e-02
   60        1.868673e-01
   61        7.695968e-01
   62       -5.122561e-01
   63       -1.108296e+00
   64       -6.496530e-01
   65        1.879906e+00
   66        1.548593e-01
   67       -5.658356e-01
   68       -6.980080e-01
   69       -9.079193e-01
   70        1.097359e+00
   71        1.514515e+00
   72       -1.746929e+00
   73        5.714598e-02
   74        1.605017e-01
   75        2.782988e+00
   76       -9.044295e-01
   77        3.538211e-01
   78       -2.186406e-01
   79        4.690697e-01
   80        2.628869e+00
   81        1.860371e-01
   82       -1.539298e+00
   83        2.358941e+00
   84        8.928823e-02
   85       -1.968514e+00
   86       -1.691778e+00
   87        4.424152e-01
   88        8.088521e-01
   89        1.037731e+00
   90       -1.092472e-01
   91       -2.188500e+00
   92        2.143071e-01
   93       -1.047103e+00
   94       -2.144440e+00
   95       -1.111032e+00
   96       -1.028293e+00
   97        1.551636e-01
   98       -1.399658e+00
   99       -1.638653e+00
  100       -3.284899e-01
;
param outliervec_original :=
    1    1
    2    1
    3    0
    4    1
    5    0
    6    1
    7    1
    8    1
    9    1
   10    1
   11    1
   12    1
   13    1
   14    1
   15    1
   16    1
   17    0
   18    1
   19    1
   20    1
   21    1
   22    1
   23    1
   24    1
   25    1
   26    1
   27    1
   28    1
   29    1
   30    1
   31    1
   32    1
   33    1
   34    1
   35    1
   36    1
   37    1
   38    1
   39    1
   40    1
   41    1
   42    1
   43    1
   44    1
   45    0
   46    1
   47    1
   48    0
   49    1
   50    1
   51    1
   52    1
   53    1
   54    0
   55    1
   56    1
   57    1
   58    1
   59    1
   60    1
   61    1
   62    1
   63    1
   64    1
   65    1
   66    1
   67    1
   68    1
   69    1
   70    0
   71    1
   72    0
   73    1
   74    1
   75    0
   76    1
   77    1
   78    1
   79    1
   80    1
   81    1
   82    1
   83    1
   84    1
   85    0
   86    1
   87    1
   88    1
   89    0
   90    0
   91    1
   92    1
   93    1
   94    1
   95    1
   96    1
   97    1
   98    1
   99    1
  100    1
;
param d:= 64;
param r:=5;
param p:=0.880000;
param M:=1000;
param U:=
         1         1        8.932262e-01
         2         1        6.244671e-01
         3         1        8.540766e-01
         4         1        1.787444e+00
         5         1       -2.109197e-01
         6         1       -2.458825e+00
         7         1        8.285323e-02
         8         1       -1.159410e+00
         9         1       -4.224597e-01
        10         1        3.862028e-01
        11         1        1.485696e+00
        12         1       -7.610776e-01
        13         1       -4.076626e-02
        14         1        8.601063e-02
        15         1       -1.108988e+00
        16         1       -9.294467e-02
        17         1       -9.652194e-01
        18         1        1.914966e+00
        19         1        2.420407e+00
        20         1        2.758522e+00
        21         1        6.591725e-01
        22         1       -5.440593e-01
        23         1       -1.802875e+00
        24         1        3.790677e-01
        25         1       -1.244341e+00
        26         1        2.124891e-01
        27         1        1.016331e-01
        28         1        1.482346e+00
        29         1       -1.268154e-01
        30         1       -7.121312e-01
        31         1        1.772870e+00
        32         1       -2.184209e-01
        33         1       -5.827426e-01
        34         1        1.380566e+00
        35         1        5.165204e-01
        36         1       -8.682232e-01
        37         1       -2.943270e-01
        38         1        6.546747e-01
        39         1        1.330310e+00
        40         1        5.809895e-01
        41         1       -1.438620e+00
        42         1       -5.548072e-01
        43         1        3.617713e-01
        44         1       -1.801209e-01
        45         1       -1.051726e+00
        46         1       -8.679208e-01
        47         1       -5.622183e-01
        48         1       -6.979738e-01
        49         1        8.527007e-01
        50         1        8.091535e-02
        51         1       -1.444379e+00
        52         1        8.559065e-01
        53         1        2.387454e-01
        54         1       -2.087297e+00
        55         1        1.274571e+00
        56         1        4.679089e-01
        57         1        1.162864e+00
        58         1       -7.632162e-01
        59         1        2.057574e+00
        60         1        2.811394e-01
        61         1       -1.883126e-02
        62         1       -4.962247e-02
        63         1        2.503595e-01
        64         1        1.343011e+00
         1         2        8.439830e-01
         2         2        2.320016e+00
         3         2        2.777459e-01
         4         2       -5.537508e-01
         5         2        1.192708e+00
         6         2        5.757003e-01
         7         2        1.008369e+00
         8         2       -1.546993e+00
         9         2        2.732245e-01
        10         2        4.679378e-01
        11         2        9.833680e-01
        12         2       -6.688639e-01
        13         2        4.364185e-01
        14         2        1.230878e+00
        15         2       -7.320815e-01
        16         2        3.162924e-01
        17         2       -2.785116e-01
        18         2        1.458496e+00
        19         2       -1.036464e+00
        20         2        2.886739e-02
        21         2       -1.542284e+00
        22         2       -6.945930e-01
        23         2        2.272458e-01
        24         2        1.243711e-01
        25         2        1.659696e-01
        26         2        1.333223e+00
        27         2       -3.527735e-01
        28         2        5.484133e-01
        29         2        2.019241e+00
        30         2        8.968665e-01
        31         2       -3.279590e-02
        32         2       -1.268683e+00
        33         2       -1.280052e+00
        34         2       -2.801104e-01
        35         2       -1.968404e-01
        36         2        2.078403e-01
        37         2        2.267918e-01
        38         2       -4.444457e-01
        39         2       -1.794056e-01
        40         2        1.380781e-01
        41         2        2.160267e+00
        42         2        4.638191e-01
        43         2       -8.929625e-01
        44         2        6.398081e-01
        45         2        1.023314e+00
        46         2        1.362755e+00
        47         2       -8.257377e-02
        48         2       -2.018962e+00
        49         2       -2.374155e-03
        50         2        1.177962e+00
        51         2        3.577631e-01
        52         2        7.027565e-01
        53         2        1.525443e-01
        54         2       -2.971115e-01
        55         2       -1.277593e-02
        56         2        9.184982e-01
        57         2        9.539379e-01
        58         2        2.089641e-01
        59         2        1.434638e+00
        60         2       -7.739399e-02
        61         2       -6.054515e-01
        62         2       -1.339215e+00
        63         2       -4.534989e-01
        64         2       -2.856094e-01
         1         3       -3.741482e-01
         2         3        8.818641e-01
         3         3        1.375767e+00
         4         3       -3.008649e-02
         5         3        2.426366e-01
         6         3        1.882824e+00
         7         3        8.096611e-01
         8         3       -1.733574e+00
         9         3        9.866566e-01
        10         3        8.019279e-01
        11         3       -1.722185e+00
        12         3       -6.208721e-02
        13         3       -2.417554e-01
        14         3        1.028429e+00
        15         3        1.503846e-01
        16         3        6.835439e-01
        17         3        1.180128e-01
        18         3        7.097310e-01
        19         3       -1.336129e+00
        20         3       -1.684389e+00
        21         3        7.886939e-01
        22         3       -7.885321e-01
        23         3        1.385148e+00
        24         3        5.825492e-01
        25         3        4.262398e-01
        26         3        2.151559e+00
        27         3       -3.955171e-01
        28         3       -1.073985e+00
        29         3       -9.934437e-01
        30         3        1.149133e+00
        31         3       -7.159601e-01
        32         3       -7.696350e-01
        33         3       -6.291562e-02
        34         3       -1.567014e+00
        35         3        2.342589e-01
        36         3        5.130188e-01
        37         3        8.880775e-01
        38         3       -9.582418e-01
        39         3       -2.745854e+00
        40         3        1.315930e+00
        41         3       -1.947174e-01
        42         3        1.282953e+00
        43         3        5.576127e-01
        44         3        4.667722e-01
        45         3        1.414039e+00
        46         3       -3.782702e-01
        47         3        8.542576e-01
        48         3       -4.422509e-01
        49         3       -1.646800e+00
        50         3        8.432565e-01
        51         3       -1.557915e+00
        52         3        1.908149e+00
        53         3       -7.162052e-01
        54         3       -9.033031e-01
        55         3       -1.778476e+00
        56         3       -2.131838e+00
        57         3       -2.427595e-01
        58         3       -6.429106e-01
        59         3        1.494087e+00
        60         3       -8.289457e-01
        61         3        9.117534e-01
        62         3       -4.824957e-01
        63         3        1.593538e+00
        64         3       -1.158479e+00
         1         4       -7.276404e-01
         2         4        6.298491e-01
         3         4        4.238429e-01
         4         4        1.330102e+00
         5         4       -8.308046e-01
         6         4        7.232268e-01
         7         4       -7.035308e-01
         8         4       -8.938537e-01
         9         4        6.169445e-01
        10         4       -1.786176e+00
        11         4        3.004159e-02
        12         4        4.907046e-01
        13         4       -1.425702e-01
        14         4        7.587124e-01
        15         4       -3.164536e-01
        16         4       -7.985866e-01
        17         4       -3.681045e-01
        18         4        7.007015e-01
        19         4        9.331857e-02
        20         4       -1.342981e+00
        21         4        1.131465e+00
        22         4        1.231513e+00
        23         4        1.006987e+00
        24         4        6.370358e-01
        25         4       -2.601536e-01
        26         4       -3.717170e-01
        27         4        1.325692e-01
        28         4        4.073864e-01
        29         4        1.148084e+00
        30         4        4.352262e-01
        31         4        1.285345e-01
        32         4       -3.924488e-01
        33         4        8.601124e-01
        34         4        1.044861e+00
        35         4       -4.797212e-01
        36         4       -1.147498e+00
        37         4       -6.080904e-01
        38         4        8.964893e-01
        39         4        4.655889e-01
        40         4       -2.295002e+00
        41         4       -6.444950e-01
        42         4       -3.395455e-01
        43         4        2.884899e-01
        44         4       -2.640321e+00
        45         4       -5.359124e-01
        46         4        3.841147e-01
        47         4       -1.338183e+00
        48         4        2.073558e-01
        49         4        3.643236e-01
        50         4        5.288023e-01
        51         4       -4.593896e-02
        52         4        2.219122e-01
        53         4       -4.005180e-01
        54         4       -1.735442e-01
        55         4        5.374933e-01
        56         4        5.011830e-02
        57         4       -1.573745e-01
        58         4       -8.743927e-01
        59         4       -4.432679e-01
        60         4       -1.523976e+00
        61         4        3.104528e-01
        62         4        1.071795e+00
        63         4       -2.130351e-01
        64         4        6.121469e-01
         1         5       -4.347893e-01
         2         5        4.960132e-01
         3         5        3.311474e-02
         4         5        5.067190e-01
         5         5       -2.275468e-01
         6         5        1.334326e+00
         7         5       -6.763981e-01
         8         5        2.261680e-01
         9         5       -1.054050e+00
        10         5       -1.083003e-01
        11         5        3.386902e-01
        12         5        1.717815e-01
        13         5        2.531831e-01
        14         5       -9.529865e-01
        15         5        1.115502e+00
        16         5       -6.788125e-01
        17         5        4.117334e-01
        18         5       -9.088564e-01
        19         5       -6.612984e-01
        20         5       -1.445340e+00
        21         5        9.219374e-01
        22         5       -5.270158e-01
        23         5        1.082655e+00
        24         5        5.518454e-01
        25         5       -1.922453e-01
        26         5        2.500993e-02
        27         5       -1.822401e+00
        28         5        6.692003e-01
        29         5       -8.693696e-02
        30         5        4.814747e-03
        31         5       -5.619250e-01
        32         5        7.249469e-01
        33         5       -4.345373e-01
        34         5        9.555407e-01
        35         5        5.367366e-01
        36         5        3.839542e-03
        37         5       -4.549342e-01
        38         5        1.113769e+00
        39         5       -1.109261e+00
        40         5       -7.071675e-01
        41         5        4.500061e-01
        42         5       -1.024198e+00
        43         5        1.694796e+00
        44         5        1.618016e-01
        45         5       -6.150118e-01
        46         5       -1.122216e+00
        47         5       -3.526582e-01
        48         5        1.210429e-01
        49         5        1.498584e+00
        50         5        6.032253e-01
        51         5       -2.228064e+00
        52         5        7.244837e-01
        53         5        1.725159e-01
        54         5        1.925933e+00
        55         5       -1.493652e-01
        56         5       -1.302676e+00
        57         5        5.204377e-01
        58         5        1.996476e+00
        59         5       -8.102765e-01
        60         5       -5.457414e-01
        61         5       -8.892827e-02
        62         5        6.001733e-01
        63         5        4.114362e-01
        64         5        6.731996e-01
;

param theta:=
    1       -2.926112e-01
    2       -3.466402e-01
    3        9.701626e-01
    4       -9.939196e-01
    5        1.231733e+00
;
param X_true:=
    1       -7.281589e-01
    2       -1.470716e-01
    3        6.081117e-01
    4       -1.058269e+00
    5        4.299061e-01
    6        3.271805e+00
    7        2.771294e-01
    8        3.614785e-01
    9       -9.235166e-01
   10        2.146943e+00
   11       -2.059497e+00
   12        1.176724e-01
   13        7.969267e-02
   14       -1.381747e+00
   15        2.410652e+00
   16        5.389966e-01
   17        1.364834e+00
   18       -2.193181e+00
   19       -2.553861e+00
   20       -2.895859e+00
   21        1.118826e+00
   22       -2.237441e+00
   23        2.124906e+00
   24        4.579098e-01
   25        7.414425e-01
   26        1.962767e+00
   27       -2.666597e+00
   28       -1.246178e+00
   29       -2.874647e+00
   30        5.863216e-01
   31       -2.021158e+00
   32        1.041585e+00
   33       -8.372996e-01
   34       -1.686625e+00
   35        1.283621e+00
   36        1.824984e+00
   37        9.131495e-01
   38       -4.874513e-01
   39       -4.818831e+00
   40        2.467511e+00
   41        6.774703e-01
   42        3.224836e-01
   43        2.544786e+00
   44        3.106804e+00
   45        1.097359e+00
   46       -2.350660e+00
   47        1.918131e+00
   48        4.191003e-01
   49       -3.631306e-01
   50        6.029343e-01
   51       -3.912133e+00
   52        2.028045e+00
   53       -2.065756e-01
   54        2.382326e+00
   55       -2.810531e+00
   56       -4.177804e+00
   57       -1.092472e-01
   58        2.854523e+00
   59       -2.075592e-01
   60       -1.644330e-02
   61        6.819093e-01
   62       -3.161890e-01
   63        2.348970e+00
   64       -1.197834e+00
;
param X:=
    1        4.425183e-01
    2       -7.963135e-01
    3       -7.169200e-02
    4       -3.141491e-01
    5       -1.085240e+00
    6       -1.411571e+00
    7        6.100588e-01
    8        8.655942e-01
    9        2.418566e+00
   10       -1.047426e+00
   11        9.261805e-03
   12        4.339959e-01
   13       -5.034409e-01
   14        1.463992e+00
   15       -2.335871e+00
   16       -9.653907e-02
   17        5.655474e-01
   18        2.774728e-01
   19       -2.894823e-01
   20        9.543160e-01
   21       -1.163108e-01
   22        2.233567e-01
   23       -1.275359e+00
   24       -4.868113e-02
   25        6.029875e-01
   26       -1.669687e+00
   27        1.711495e+00
   28       -1.246178e+00
   29        8.282688e-01
   30        5.863216e-01
   31        2.716228e-01
   32       -1.268784e+00
   33        6.192036e-01
   34       -6.952448e-01
   35       -7.253216e-01
   36        2.257850e-01
   37       -2.859011e-02
   38        1.868673e-01
   39        7.695968e-01
   40       -1.108296e+00
   41       -6.496530e-01
   42        1.879906e+00
   43       -6.980080e-01
   44       -9.079193e-01
   45        1.097359e+00
   46        1.514515e+00
   47        5.714598e-02
   48        1.605017e-01
   49       -9.044295e-01
   50        3.538211e-01
   51        2.628869e+00
   52       -1.539298e+00
   53        8.928823e-02
   54       -1.691778e+00
   55        4.424152e-01
   56        8.088521e-01
   57       -1.092472e-01
   58       -2.188500e+00
   59        2.143071e-01
   60       -1.047103e+00
   61       -1.028293e+00
   62        1.551636e-01
   63       -1.638653e+00
   64       -3.284899e-01
;
param outliervec:=
    1    1
    2    1
    3    1
    4    1
    5    1
    6    1
    7    1
    8    1
    9    1
   10    1
   11    1
   12    1
   13    1
   14    1
   15    1
   16    1
   17    1
   18    1
   19    1
   20    1
   21    1
   22    1
   23    1
   24    1
   25    1
   26    1
   27    1
   28    0
   29    1
   30    0
   31    1
   32    1
   33    1
   34    1
   35    1
   36    1
   37    1
   38    1
   39    1
   40    1
   41    1
   42    1
   43    1
   44    1
   45    0
   46    1
   47    1
   48    1
   49    1
   50    1
   51    1
   52    1
   53    1
   54    1
   55    1
   56    1
   57    0
   58    1
   59    1
   60    1
   61    1
   62    1
   63    1
   64    1
; 
param greedy_time :=         5.072023e-01
;