data;


param FN:= 0;
param D:= 100;
param U_Original:=
         1         1       -1.064727e-01
         2         1       -1.214696e-01
         3         1       -9.959203e-02
         4         1        1.163951e-01
         5         1        4.594080e-01
         6         1       -2.192222e-01
         7         1        5.292387e-01
         8         1       -1.058119e-01
         9         1        8.073657e-01
        10         1        2.093541e+00
        11         1       -7.289937e-01
        12         1        9.179845e-01
        13         1       -3.809938e-01
        14         1       -2.099088e-01
        15         1        5.902905e-01
        16         1        9.636428e-01
        17         1       -9.920417e-01
        18         1        1.565152e+00
        19         1        4.761632e-01
        20         1       -4.256806e-01
        21         1       -1.001010e+00
        22         1        6.697851e-01
        23         1       -7.528221e-01
        24         1        7.016582e-01
        25         1       -1.430492e+00
        26         1        9.902468e-01
        27         1        9.785698e-01
        28         1       -5.849184e-01
        29         1        4.822979e-01
        30         1        7.173829e-01
        31         1       -9.788759e-01
        32         1       -1.954076e+00
        33         1        6.282417e-01
        34         1        1.254352e+00
        35         1        1.157062e-01
        36         1       -1.072255e-01
        37         1        9.413492e-01
        38         1       -5.812919e-01
        39         1       -2.591657e-01
        40         1       -1.830313e+00
        41         1        5.983917e-01
        42         1       -4.038935e-01
        43         1       -1.225240e+00
        44         1       -1.395418e+00
        45         1        1.376286e+00
        46         1        1.031948e+00
        47         1        1.285048e+00
        48         1        4.421268e-01
        49         1        4.894185e-01
        50         1        3.132572e-01
        51         1       -7.019681e-01
        52         1        5.823439e-01
        53         1       -3.387591e-01
        54         1       -2.042379e+00
        55         1       -1.354043e+00
        56         1        8.278713e-01
        57         1       -2.290796e-01
        58         1        4.245903e-01
        59         1        3.813272e-01
        60         1       -4.591560e-01
        61         1        5.684383e-01
        62         1        1.160143e+00
        63         1       -1.067057e+00
        64         1       -3.576925e-01
        65         1        5.134307e-02
        66         1       -2.349478e-01
        67         1        1.202187e+00
        68         1        4.491184e-02
        69         1        1.450716e+00
        70         1       -1.588012e-02
        71         1        3.220274e-01
        72         1        6.534505e-01
        73         1        8.271664e-04
        74         1       -8.582546e-02
        75         1       -2.995405e-01
        76         1        4.052012e-01
        77         1        1.929096e+00
        78         1       -1.766780e+00
        79         1       -1.040747e+00
        80         1        1.232728e-01
        81         1       -9.546669e-01
        82         1        1.872305e+00
        83         1        1.738937e+00
        84         1        1.623581e+00
        85         1       -8.138763e-01
        86         1        4.298143e-04
        87         1       -2.092702e+00
        88         1        4.759855e-01
        89         1       -7.512096e-01
        90         1        9.876893e-01
        91         1        1.968682e+00
        92         1        1.233166e+00
        93         1       -1.385726e+00
        94         1       -4.768960e-02
        95         1        1.042378e-01
        96         1        1.980683e-01
        97         1        4.849581e-01
        98         1        7.258809e-01
        99         1        1.090670e+00
       100         1        4.831084e-01
         1         2        1.947853e-01
         2         2       -1.444542e-01
         3         2       -4.945674e-01
         4         2       -2.038475e+00
         5         2       -9.595025e-01
         6         2        3.600998e-01
         7         2        9.925876e-02
         8         2        7.892943e-01
         9         2        1.424488e+00
        10         2       -3.246846e-01
        11         2        1.822726e-01
        12         2        1.624662e+00
        13         2       -2.155722e-01
        14         2       -6.436604e-01
        15         2       -1.047770e+00
        16         2        5.447959e-01
        17         2        9.933428e-01
        18         2       -1.396005e+00
        19         2        7.861152e-01
        20         2       -1.639789e+00
        21         2       -5.755322e-01
        22         2       -8.214523e-01
        23         2       -2.811950e-01
        24         2       -1.126683e+00
        25         2        1.311087e-01
        26         2        1.564844e+00
        27         2        1.597651e+00
        28         2        3.671873e-01
        29         2        5.877725e-01
        30         2        4.344175e-01
        31         2       -1.744873e+00
        32         2        2.503428e-01
        33         2        4.893901e-01
        34         2       -7.303911e-02
        35         2        1.353975e+00
        36         2        1.071846e-01
        37         2        1.107679e-01
        38         2       -1.335587e+00
        39         2        1.546632e+00
        40         2       -8.746986e-01
        41         2        8.976670e-01
        42         2        3.044188e-01
        43         2       -7.836510e-01
        44         2       -4.077284e-01
        45         2       -1.148557e+00
        46         2        9.364354e-01
        47         2       -5.855115e-01
        48         2        3.278327e-01
        49         2        3.733695e-01
        50         2        5.005740e-01
        51         2        1.640250e+00
        52         2        1.920309e+00
        53         2        1.565939e+00
        54         2       -5.435731e-01
        55         2        1.475172e-01
        56         2       -2.261410e-01
        57         2       -5.837949e-01
        58         2       -1.302303e+00
        59         2        4.867411e-01
        60         2        6.165098e-01
        61         2       -1.028204e+00
        62         2       -1.627912e+00
        63         2        7.634766e-01
        64         2        9.730251e-01
        65         2        5.235968e-01
        66         2       -6.103430e-01
        67         2       -1.378245e-01
        68         2        1.655423e-01
        69         2        1.901888e+00
        70         2       -1.297504e+00
        71         2        6.270157e-01
        72         2        7.934469e-01
        73         2       -1.610672e+00
        74         2       -1.628044e-01
        75         2       -1.168373e+00
        76         2       -5.383739e-01
        77         2        1.462870e-02
        78         2       -5.406685e-02
        79         2        1.165353e+00
        80         2       -1.128802e+00
        81         2       -9.833300e-01
        82         2        6.723184e-01
        83         2        1.321389e+00
        84         2        1.972470e+00
        85         2        5.906804e-02
        86         2        1.150560e+00
        87         2       -5.763219e-02
        88         2        4.478115e-01
        89         2        7.383972e-01
        90         2       -8.799067e-01
        91         2       -2.858519e-01
        92         2       -7.625721e-01
        93         2       -8.641477e-02
        94         2       -3.927472e-01
        95         2        6.978558e-01
        96         2        9.040393e-01
        97         2        3.000392e-01
        98         2        5.678156e-01
        99         2        2.557086e-01
       100         2       -8.448700e-01
         1         3        1.934679e+00
         2         3        2.586966e-01
         3         3        5.207112e-01
         4         3        4.599866e-01
         5         3       -7.102964e-01
         6         3       -2.118914e-01
         7         3        4.911962e-01
         8         3       -1.525398e+00
         9         3       -1.098611e-01
        10         3       -4.286625e-01
        11         3       -8.870487e-01
        12         3       -6.172473e-01
        13         3        1.570177e-01
        14         3       -3.626783e-01
        15         3        8.306772e-01
        16         3        2.253768e-02
        17         3       -1.340297e-01
        18         3       -9.276387e-03
        19         3       -8.293609e-02
        20         3       -1.643835e+00
        21         3       -5.340407e-01
        22         3       -3.370161e-01
        23         3        1.349567e-02
        24         3        8.799657e-01
        25         3       -4.524293e-01
        26         3       -4.373733e-01
        27         3        3.156635e-01
        28         3        2.493665e+00
        29         3       -5.606825e-01
        30         3        1.361720e+00
        31         3       -3.167288e-01
        32         3        7.842824e-01
        33         3        2.522075e-01
        34         3        2.574221e+00
        35         3        5.829090e-01
        36         3        2.828082e-01
        37         3       -6.162235e-01
        38         3        9.973269e-02
        39         3        6.307782e-01
        40         3        5.962035e-02
        41         3       -8.168261e-01
        42         3        1.223464e+00
        43         3       -1.144081e-02
        44         3        7.637019e-01
        45         3        1.712745e+00
        46         3       -6.758066e-01
        47         3       -4.850112e-01
        48         3        5.746991e-02
        49         3       -7.692594e-01
        50         3       -1.756057e+00
        51         3       -7.174166e-01
        52         3       -1.705981e+00
        53         3        2.588282e-02
        54         3       -2.414263e-01
        55         3       -1.834810e+00
        56         3       -1.556306e+00
        57         3       -6.804738e-01
        58         3        5.404645e-01
        59         3        4.259035e-01
        60         3       -1.045785e+00
        61         3        5.167523e-01
        62         3        7.482405e-01
        63         3        4.127641e-01
        64         3        7.121505e-01
        65         3       -3.568285e-01
        66         3        8.058288e-01
        67         3       -8.769989e-01
        68         3        1.036803e+00
        69         3       -1.007761e+00
        70         3       -9.666636e-01
        71         3       -6.266934e-01
        72         3        8.501152e-01
        73         3       -7.126565e-01
        74         3       -1.259321e+00
        75         3        1.414156e+00
        76         3       -2.330258e-01
        77         3       -2.824920e-01
        78         3       -2.117331e+00
        79         3        9.186322e-01
        80         3        1.315519e+00
        81         3        9.539367e-02
        82         3       -2.684571e-02
        83         3        4.739559e-02
        84         3       -6.869649e-01
        85         3        8.083305e-01
        86         3        5.811552e-01
        87         3       -5.890849e-01
        88         3        2.081013e+00
        89         3        1.997507e+00
        90         3        4.414854e-01
        91         3       -1.242672e+00
        92         3       -7.013853e-01
        93         3       -4.976123e-01
        94         3        6.603836e-01
        95         3       -1.257102e+00
        96         3        5.588914e-01
        97         3        1.382234e+00
        98         3        1.366137e+00
        99         3        1.815919e+00
       100         3       -1.558341e+00
         1         4       -2.369550e-01
         2         4       -7.418316e-02
         3         4        2.843117e-01
         4         4       -3.905921e-01
         5         4       -1.104112e+00
         6         4        5.199160e-01
         7         4       -5.333230e-02
         8         4        1.210096e+00
         9         4       -2.876660e-01
        10         4       -5.018919e-01
        11         4        7.993772e-01
        12         4        2.155388e+00
        13         4        1.049386e+00
        14         4       -1.918498e+00
        15         4        3.679047e-01
        16         4        1.426798e+00
        17         4       -1.159857e+00
        18         4       -5.184122e-01
        19         4        2.940019e-01
        20         4        3.366485e-01
        21         4        1.123801e+00
        22         4        9.186920e-01
        23         4        8.763189e-01
        24         4        1.043855e+00
        25         4        2.878811e-01
        26         4        4.585638e-01
        27         4        1.735600e-01
        28         4        1.281999e+00
        29         4       -1.625069e+00
        30         4       -2.201251e+00
        31         4        7.052586e-01
        32         4        1.105580e+00
        33         4        2.326919e-01
        34         4        7.009031e-01
        35         4        1.104591e+00
        36         4       -5.738067e-01
        37         4        7.208988e-01
        38         4        5.654844e-01
        39         4        2.636723e-01
        40         4       -2.667568e-01
        41         4        2.486523e+00
        42         4       -1.944876e+00
        43         4        6.597801e-01
        44         4       -1.237045e+00
        45         4        2.850915e-01
        46         4       -4.382430e-01
        47         4       -6.233537e-01
        48         4       -1.876518e-01
        49         4       -9.444189e-02
        50         4        1.180510e+00
        51         4       -1.799026e-01
        52         4        6.546917e-01
        53         4        8.481505e-01
        54         4        5.211399e-01
        55         4       -1.391567e+00
        56         4       -1.614685e+00
        57         4        6.154305e-01
        58         4        7.597077e-01
        59         4        6.802980e-01
        60         4       -1.368207e+00
        61         4        5.754369e-01
        62         4        1.300577e+00
        63         4       -1.462994e+00
        64         4        1.591902e-01
        65         4       -5.013319e-01
        66         4       -1.290113e-01
        67         4        1.832687e+00
        68         4        1.980557e-01
        69         4        1.302299e+00
        70         4       -6.022285e-01
        71         4       -2.403267e-01
        72         4        2.000872e+00
        73         4       -2.053856e-01
        74         4        6.785950e-01
        75         4       -1.914676e+00
        76         4       -2.323885e-01
        77         4       -1.358692e+00
        78         4        2.118397e+00
        79         4        1.156762e+00
        80         4       -2.126942e+00
        81         4        6.641109e-01
        82         4        5.137402e-01
        83         4       -1.477835e+00
        84         4        1.440152e+00
        85         4       -1.479419e+00
        86         4        5.934975e-01
        87         4       -2.339461e-01
        88         4       -5.247124e-02
        89         4       -1.044037e+00
        90         4       -7.480614e-01
        91         4        1.429284e+00
        92         4       -1.405474e+00
        93         4        6.299748e-01
        94         4       -7.382650e-02
        95         4       -1.564042e-01
        96         4        7.033148e-01
        97         4       -8.383146e-02
        98         4        1.889070e+00
        99         4        1.975875e-01
       100         4       -1.444970e+00
         1         5       -5.007223e-01
         2         5        9.528411e-01
         3         5       -6.173040e-01
         4         5       -1.378283e+00
         5         5       -2.542357e-01
         6         5        1.287024e-01
         7         5        2.545060e+00
         8         5        1.646795e-01
         9         5       -1.712945e+00
        10         5       -1.863502e-02
        11         5        6.955517e-01
        12         5       -1.116425e+00
        13         5        9.115406e-02
        14         5        2.110848e+00
        15         5       -2.542582e-01
        16         5       -7.239108e-01
        17         5       -8.438316e-01
        18         5       -1.498732e+00
        19         5       -1.083288e+00
        20         5       -9.640320e-01
        21         5        1.847344e-01
        22         5        1.261814e+00
        23         5        4.882203e-01
        24         5        7.111175e-02
        25         5       -1.789513e+00
        26         5        1.669785e-01
        27         5       -8.029140e-01
        28         5       -4.888672e-02
        29         5        2.500412e-01
        30         5        1.480355e+00
        31         5       -7.343649e-02
        32         5        1.101927e+00
        33         5        7.875241e-01
        34         5       -4.636307e-01
        35         5        1.066555e+00
        36         5        8.245404e-01
        37         5       -2.808479e-01
        38         5       -1.053497e+00
        39         5       -8.052674e-01
        40         5       -1.325799e+00
        41         5        1.895952e+00
        42         5       -3.715586e-01
        43         5        5.440492e-01
        44         5        5.466997e-01
        45         5       -1.543015e+00
        46         5        8.548947e-01
        47         5       -1.162627e+00
        48         5        1.358050e+00
        49         5        2.142948e+00
        50         5       -4.167659e-01
        51         5       -8.808266e-01
        52         5       -9.287289e-01
        53         5        1.416642e-01
        54         5        2.543622e-01
        55         5       -8.720016e-01
        56         5       -1.608191e+00
        57         5        1.213818e-01
        58         5        7.870341e-01
        59         5       -8.647182e-01
        60         5       -7.831228e-01
        61         5       -5.262275e-01
        62         5       -2.508636e-01
        63         5       -4.499930e-01
        64         5       -1.079026e-01
        65         5        1.391635e+00
        66         5        1.949939e+00
        67         5       -2.518561e+00
        68         5       -9.933271e-04
        69         5        1.086277e+00
        70         5       -1.274024e-01
        71         5        7.247531e-01
        72         5       -3.211545e-01
        73         5        8.871529e-01
        74         5       -1.166245e+00
        75         5        3.731856e-01
        76         5       -3.383156e-01
        77         5        1.495292e+00
        78         5        5.043165e-01
        79         5       -1.471125e+00
        80         5        8.699370e-01
        81         5        2.122016e-01
        82         5        2.361012e+00
        83         5        1.073856e+00
        84         5       -1.361291e-01
        85         5       -1.290001e+00
        86         5        7.656045e-01
        87         5       -9.357127e-01
        88         5        8.850014e-01
        89         5        1.303038e-01
        90         5       -5.920294e-01
        91         5       -1.070930e+00
        92         5       -1.838185e+00
        93         5       -4.570804e-01
        94         5        1.501906e+00
        95         5        9.137050e-01
        96         5       -7.416753e-01
        97         5       -1.773944e+00
        98         5       -2.210856e-01
        99         5        1.223257e+00
       100         5        1.939240e+00
;
param X_Original:=
    1        4.955855e+00
    2        5.680735e-01
    3        5.619895e-01
    4       -1.898774e+00
    5       -3.213005e+00
    6       -1.749765e-03
    7        7.035146e-01
    8       -2.494013e+00
    9        1.663130e+00
   10       -4.770543e-01
   11       -2.054816e+00
   12        1.547380e+00
   13        2.199565e-01
   14       -2.044314e+00
   15        5.342459e-01
   16        1.616897e+00
   17       -1.811703e+00
   18       -1.460268e+00
   19        9.841208e-01
   20       -6.733394e+00
   21        1.479738e+00
   22       -1.047748e+00
   23        3.567117e-01
   24        1.453329e+00
   25       -2.079579e+00
   26        1.727991e+00
   27        3.400667e+00
   28       -7.682023e-01
   29       -7.899131e-01
   30        1.103617e+00
   31       -3.521134e+00
   32        6.658529e-01
   33        1.891184e+00
   34        6.411005e-01
   35        3.915688e+00
   36        8.019901e-01
   37       -7.241182e-01
   38       -1.923685e+00
   39       -1.423696e+00
   40       -2.425945e+00
   41        5.927110e-01
   42       -8.118121e-01
   43       -1.480283e+00
   44        1.651936e+00
   45        3.378223e+00
   46        1.311371e+00
   47       -1.705879e+00
   48        1.063645e+00
   49       -7.655048e-01
   50        5.114940e-01
   51       -2.596989e-01
   52       -1.426266e+00
   53        2.255487e+00
   54       -2.313322e+00
   55        1.090199e+00
   56       -5.610347e-01
   57       -2.442818e+00
   58       -2.322171e+00
   59        1.982182e+00
   60        7.502842e-01
   61       -1.900486e+00
   62        7.176208e-01
   63        9.397706e-01
   64        3.649698e-01
   65        3.351484e-01
   66        1.458169e+00
   67       -1.702057e+00
   68        2.947436e+00
   69        6.993229e-01
   70        1.006652e+00
   71       -4.910832e-01
   72        4.132773e+00
   73       -2.055875e+00
   74       -1.835850e-01
   75        1.370109e+00
   76       -1.222145e+00
   77        3.135014e-01
   78       -5.751949e+00
   79        3.348578e+00
   80        1.454035e+00
   81       -1.387674e+00
   82        7.401930e-01
   83        3.557666e-01
   84        2.232133e+00
   85        9.692865e-01
   86       -1.465994e-01
   87       -3.041356e+00
   88        6.341580e+00
   89        2.527533e-01
   90        1.673394e-01
   91       -2.214734e+00
   92       -2.138404e-01
   93        7.535106e-01
   94        1.412389e+00
   95       -2.063270e+00
   96        2.808427e+00
   97        3.814756e+00
   98        5.172943e+00
   99        5.904598e+00
  100       -4.857074e+00
;
param outliervec_original :=
    1    0
    2    0
    3    0
    4    0
    5    0
    6    0
    7    1
    8    0
    9    0
   10    0
   11    0
   12    0
   13    0
   14    0
   15    1
   16    0
   17    1
   18    0
   19    0
   20    0
   21    1
   22    0
   23    1
   24    0
   25    0
   26    0
   27    0
   28    1
   29    0
   30    1
   31    0
   32    1
   33    0
   34    1
   35    0
   36    0
   37    0
   38    0
   39    1
   40    0
   41    0
   42    1
   43    0
   44    1
   45    0
   46    1
   47    0
   48    0
   49    0
   50    1
   51    0
   52    0
   53    0
   54    0
   55    1
   56    1
   57    0
   58    1
   59    0
   60    1
   61    1
   62    0
   63    0
   64    1
   65    1
   66    0
   67    0
   68    0
   69    1
   70    1
   71    0
   72    0
   73    1
   74    1
   75    0
   76    0
   77    0
   78    0
   79    0
   80    0
   81    0
   82    1
   83    1
   84    0
   85    0
   86    1
   87    0
   88    0
   89    1
   90    0
   91    0
   92    1
   93    1
   94    0
   95    0
   96    0
   97    0
   98    0
   99    0
  100    0
;
param d:= 87;
param r:=5;
param p:=0.300000;
param M:=1000;
param U:=
         1         1       -1.064727e-01
         2         1       -1.214696e-01
         3         1       -9.959203e-02
         4         1        1.163951e-01
         5         1        4.594080e-01
         6         1       -2.192222e-01
         7         1        5.292387e-01
         8         1       -1.058119e-01
         9         1        8.073657e-01
        10         1        2.093541e+00
        11         1       -7.289937e-01
        12         1        9.179845e-01
        13         1       -3.809938e-01
        14         1       -2.099088e-01
        15         1        5.902905e-01
        16         1        9.636428e-01
        17         1       -9.920417e-01
        18         1        1.565152e+00
        19         1        4.761632e-01
        20         1       -4.256806e-01
        21         1        6.697851e-01
        22         1       -7.528221e-01
        23         1        7.016582e-01
        24         1       -1.430492e+00
        25         1        9.902468e-01
        26         1        9.785698e-01
        27         1        4.822979e-01
        28         1        7.173829e-01
        29         1       -9.788759e-01
        30         1       -1.954076e+00
        31         1        6.282417e-01
        32         1        1.157062e-01
        33         1       -1.072255e-01
        34         1        9.413492e-01
        35         1       -5.812919e-01
        36         1       -1.830313e+00
        37         1        5.983917e-01
        38         1       -1.225240e+00
        39         1       -1.395418e+00
        40         1        1.376286e+00
        41         1        1.031948e+00
        42         1        1.285048e+00
        43         1        4.421268e-01
        44         1        4.894185e-01
        45         1       -7.019681e-01
        46         1        5.823439e-01
        47         1       -3.387591e-01
        48         1       -2.042379e+00
        49         1       -2.290796e-01
        50         1        4.245903e-01
        51         1        3.813272e-01
        52         1        5.684383e-01
        53         1        1.160143e+00
        54         1       -1.067057e+00
        55         1       -3.576925e-01
        56         1        5.134307e-02
        57         1       -2.349478e-01
        58         1        1.202187e+00
        59         1        4.491184e-02
        60         1        1.450716e+00
        61         1        3.220274e-01
        62         1        6.534505e-01
        63         1        8.271664e-04
        64         1       -2.995405e-01
        65         1        4.052012e-01
        66         1        1.929096e+00
        67         1       -1.766780e+00
        68         1       -1.040747e+00
        69         1        1.232728e-01
        70         1       -9.546669e-01
        71         1        1.872305e+00
        72         1        1.738937e+00
        73         1        1.623581e+00
        74         1       -8.138763e-01
        75         1       -2.092702e+00
        76         1        4.759855e-01
        77         1        9.876893e-01
        78         1        1.968682e+00
        79         1        1.233166e+00
        80         1       -1.385726e+00
        81         1       -4.768960e-02
        82         1        1.042378e-01
        83         1        1.980683e-01
        84         1        4.849581e-01
        85         1        7.258809e-01
        86         1        1.090670e+00
        87         1        4.831084e-01
         1         2        1.947853e-01
         2         2       -1.444542e-01
         3         2       -4.945674e-01
         4         2       -2.038475e+00
         5         2       -9.595025e-01
         6         2        3.600998e-01
         7         2        9.925876e-02
         8         2        7.892943e-01
         9         2        1.424488e+00
        10         2       -3.246846e-01
        11         2        1.822726e-01
        12         2        1.624662e+00
        13         2       -2.155722e-01
        14         2       -6.436604e-01
        15         2       -1.047770e+00
        16         2        5.447959e-01
        17         2        9.933428e-01
        18         2       -1.396005e+00
        19         2        7.861152e-01
        20         2       -1.639789e+00
        21         2       -8.214523e-01
        22         2       -2.811950e-01
        23         2       -1.126683e+00
        24         2        1.311087e-01
        25         2        1.564844e+00
        26         2        1.597651e+00
        27         2        5.877725e-01
        28         2        4.344175e-01
        29         2       -1.744873e+00
        30         2        2.503428e-01
        31         2        4.893901e-01
        32         2        1.353975e+00
        33         2        1.071846e-01
        34         2        1.107679e-01
        35         2       -1.335587e+00
        36         2       -8.746986e-01
        37         2        8.976670e-01
        38         2       -7.836510e-01
        39         2       -4.077284e-01
        40         2       -1.148557e+00
        41         2        9.364354e-01
        42         2       -5.855115e-01
        43         2        3.278327e-01
        44         2        3.733695e-01
        45         2        1.640250e+00
        46         2        1.920309e+00
        47         2        1.565939e+00
        48         2       -5.435731e-01
        49         2       -5.837949e-01
        50         2       -1.302303e+00
        51         2        4.867411e-01
        52         2       -1.028204e+00
        53         2       -1.627912e+00
        54         2        7.634766e-01
        55         2        9.730251e-01
        56         2        5.235968e-01
        57         2       -6.103430e-01
        58         2       -1.378245e-01
        59         2        1.655423e-01
        60         2        1.901888e+00
        61         2        6.270157e-01
        62         2        7.934469e-01
        63         2       -1.610672e+00
        64         2       -1.168373e+00
        65         2       -5.383739e-01
        66         2        1.462870e-02
        67         2       -5.406685e-02
        68         2        1.165353e+00
        69         2       -1.128802e+00
        70         2       -9.833300e-01
        71         2        6.723184e-01
        72         2        1.321389e+00
        73         2        1.972470e+00
        74         2        5.906804e-02
        75         2       -5.763219e-02
        76         2        4.478115e-01
        77         2       -8.799067e-01
        78         2       -2.858519e-01
        79         2       -7.625721e-01
        80         2       -8.641477e-02
        81         2       -3.927472e-01
        82         2        6.978558e-01
        83         2        9.040393e-01
        84         2        3.000392e-01
        85         2        5.678156e-01
        86         2        2.557086e-01
        87         2       -8.448700e-01
         1         3        1.934679e+00
         2         3        2.586966e-01
         3         3        5.207112e-01
         4         3        4.599866e-01
         5         3       -7.102964e-01
         6         3       -2.118914e-01
         7         3        4.911962e-01
         8         3       -1.525398e+00
         9         3       -1.098611e-01
        10         3       -4.286625e-01
        11         3       -8.870487e-01
        12         3       -6.172473e-01
        13         3        1.570177e-01
        14         3       -3.626783e-01
        15         3        8.306772e-01
        16         3        2.253768e-02
        17         3       -1.340297e-01
        18         3       -9.276387e-03
        19         3       -8.293609e-02
        20         3       -1.643835e+00
        21         3       -3.370161e-01
        22         3        1.349567e-02
        23         3        8.799657e-01
        24         3       -4.524293e-01
        25         3       -4.373733e-01
        26         3        3.156635e-01
        27         3       -5.606825e-01
        28         3        1.361720e+00
        29         3       -3.167288e-01
        30         3        7.842824e-01
        31         3        2.522075e-01
        32         3        5.829090e-01
        33         3        2.828082e-01
        34         3       -6.162235e-01
        35         3        9.973269e-02
        36         3        5.962035e-02
        37         3       -8.168261e-01
        38         3       -1.144081e-02
        39         3        7.637019e-01
        40         3        1.712745e+00
        41         3       -6.758066e-01
        42         3       -4.850112e-01
        43         3        5.746991e-02
        44         3       -7.692594e-01
        45         3       -7.174166e-01
        46         3       -1.705981e+00
        47         3        2.588282e-02
        48         3       -2.414263e-01
        49         3       -6.804738e-01
        50         3        5.404645e-01
        51         3        4.259035e-01
        52         3        5.167523e-01
        53         3        7.482405e-01
        54         3        4.127641e-01
        55         3        7.121505e-01
        56         3       -3.568285e-01
        57         3        8.058288e-01
        58         3       -8.769989e-01
        59         3        1.036803e+00
        60         3       -1.007761e+00
        61         3       -6.266934e-01
        62         3        8.501152e-01
        63         3       -7.126565e-01
        64         3        1.414156e+00
        65         3       -2.330258e-01
        66         3       -2.824920e-01
        67         3       -2.117331e+00
        68         3        9.186322e-01
        69         3        1.315519e+00
        70         3        9.539367e-02
        71         3       -2.684571e-02
        72         3        4.739559e-02
        73         3       -6.869649e-01
        74         3        8.083305e-01
        75         3       -5.890849e-01
        76         3        2.081013e+00
        77         3        4.414854e-01
        78         3       -1.242672e+00
        79         3       -7.013853e-01
        80         3       -4.976123e-01
        81         3        6.603836e-01
        82         3       -1.257102e+00
        83         3        5.588914e-01
        84         3        1.382234e+00
        85         3        1.366137e+00
        86         3        1.815919e+00
        87         3       -1.558341e+00
         1         4       -2.369550e-01
         2         4       -7.418316e-02
         3         4        2.843117e-01
         4         4       -3.905921e-01
         5         4       -1.104112e+00
         6         4        5.199160e-01
         7         4       -5.333230e-02
         8         4        1.210096e+00
         9         4       -2.876660e-01
        10         4       -5.018919e-01
        11         4        7.993772e-01
        12         4        2.155388e+00
        13         4        1.049386e+00
        14         4       -1.918498e+00
        15         4        3.679047e-01
        16         4        1.426798e+00
        17         4       -1.159857e+00
        18         4       -5.184122e-01
        19         4        2.940019e-01
        20         4        3.366485e-01
        21         4        9.186920e-01
        22         4        8.763189e-01
        23         4        1.043855e+00
        24         4        2.878811e-01
        25         4        4.585638e-01
        26         4        1.735600e-01
        27         4       -1.625069e+00
        28         4       -2.201251e+00
        29         4        7.052586e-01
        30         4        1.105580e+00
        31         4        2.326919e-01
        32         4        1.104591e+00
        33         4       -5.738067e-01
        34         4        7.208988e-01
        35         4        5.654844e-01
        36         4       -2.667568e-01
        37         4        2.486523e+00
        38         4        6.597801e-01
        39         4       -1.237045e+00
        40         4        2.850915e-01
        41         4       -4.382430e-01
        42         4       -6.233537e-01
        43         4       -1.876518e-01
        44         4       -9.444189e-02
        45         4       -1.799026e-01
        46         4        6.546917e-01
        47         4        8.481505e-01
        48         4        5.211399e-01
        49         4        6.154305e-01
        50         4        7.597077e-01
        51         4        6.802980e-01
        52         4        5.754369e-01
        53         4        1.300577e+00
        54         4       -1.462994e+00
        55         4        1.591902e-01
        56         4       -5.013319e-01
        57         4       -1.290113e-01
        58         4        1.832687e+00
        59         4        1.980557e-01
        60         4        1.302299e+00
        61         4       -2.403267e-01
        62         4        2.000872e+00
        63         4       -2.053856e-01
        64         4       -1.914676e+00
        65         4       -2.323885e-01
        66         4       -1.358692e+00
        67         4        2.118397e+00
        68         4        1.156762e+00
        69         4       -2.126942e+00
        70         4        6.641109e-01
        71         4        5.137402e-01
        72         4       -1.477835e+00
        73         4        1.440152e+00
        74         4       -1.479419e+00
        75         4       -2.339461e-01
        76         4       -5.247124e-02
        77         4       -7.480614e-01
        78         4        1.429284e+00
        79         4       -1.405474e+00
        80         4        6.299748e-01
        81         4       -7.382650e-02
        82         4       -1.564042e-01
        83         4        7.033148e-01
        84         4       -8.383146e-02
        85         4        1.889070e+00
        86         4        1.975875e-01
        87         4       -1.444970e+00
         1         5       -5.007223e-01
         2         5        9.528411e-01
         3         5       -6.173040e-01
         4         5       -1.378283e+00
         5         5       -2.542357e-01
         6         5        1.287024e-01
         7         5        2.545060e+00
         8         5        1.646795e-01
         9         5       -1.712945e+00
        10         5       -1.863502e-02
        11         5        6.955517e-01
        12         5       -1.116425e+00
        13         5        9.115406e-02
        14         5        2.110848e+00
        15         5       -2.542582e-01
        16         5       -7.239108e-01
        17         5       -8.438316e-01
        18         5       -1.498732e+00
        19         5       -1.083288e+00
        20         5       -9.640320e-01
        21         5        1.261814e+00
        22         5        4.882203e-01
        23         5        7.111175e-02
        24         5       -1.789513e+00
        25         5        1.669785e-01
        26         5       -8.029140e-01
        27         5        2.500412e-01
        28         5        1.480355e+00
        29         5       -7.343649e-02
        30         5        1.101927e+00
        31         5        7.875241e-01
        32         5        1.066555e+00
        33         5        8.245404e-01
        34         5       -2.808479e-01
        35         5       -1.053497e+00
        36         5       -1.325799e+00
        37         5        1.895952e+00
        38         5        5.440492e-01
        39         5        5.466997e-01
        40         5       -1.543015e+00
        41         5        8.548947e-01
        42         5       -1.162627e+00
        43         5        1.358050e+00
        44         5        2.142948e+00
        45         5       -8.808266e-01
        46         5       -9.287289e-01
        47         5        1.416642e-01
        48         5        2.543622e-01
        49         5        1.213818e-01
        50         5        7.870341e-01
        51         5       -8.647182e-01
        52         5       -5.262275e-01
        53         5       -2.508636e-01
        54         5       -4.499930e-01
        55         5       -1.079026e-01
        56         5        1.391635e+00
        57         5        1.949939e+00
        58         5       -2.518561e+00
        59         5       -9.933271e-04
        60         5        1.086277e+00
        61         5        7.247531e-01
        62         5       -3.211545e-01
        63         5        8.871529e-01
        64         5        3.731856e-01
        65         5       -3.383156e-01
        66         5        1.495292e+00
        67         5        5.043165e-01
        68         5       -1.471125e+00
        69         5        8.699370e-01
        70         5        2.122016e-01
        71         5        2.361012e+00
        72         5        1.073856e+00
        73         5       -1.361291e-01
        74         5       -1.290001e+00
        75         5       -9.357127e-01
        76         5        8.850014e-01
        77         5       -5.920294e-01
        78         5       -1.070930e+00
        79         5       -1.838185e+00
        80         5       -4.570804e-01
        81         5        1.501906e+00
        82         5        9.137050e-01
        83         5       -7.416753e-01
        84         5       -1.773944e+00
        85         5       -2.210856e-01
        86         5        1.223257e+00
        87         5        1.939240e+00
;

param theta:=
    1        5.747570e-01
    2        1.344021e+00
    3        2.547071e+00
    4        2.954825e-01
    5        2.046928e-01
;
param X_true:=
    1        4.955855e+00
    2        5.680735e-01
    3        5.619895e-01
    4       -1.898774e+00
    5       -3.213005e+00
    6       -1.749765e-03
    7        2.193898e+00
    8       -2.494013e+00
    9        1.663130e+00
   10       -4.770543e-01
   11       -2.054816e+00
   12        1.547380e+00
   13        2.199565e-01
   14       -2.044314e+00
   15        1.103507e+00
   16        1.616897e+00
   17       -9.193587e-02
   18       -1.460268e+00
   19        9.841208e-01
   20       -6.733394e+00
   21       -1.047748e+00
   22       -4.173753e-01
   23        1.453329e+00
   24       -2.079579e+00
   25        1.727991e+00
   26        3.400667e+00
   27       -7.899131e-01
   28        4.117171e+00
   29       -3.521134e+00
   30        1.763206e+00
   31        1.891184e+00
   32        3.915688e+00
   33        8.019901e-01
   34       -7.241182e-01
   35       -1.923685e+00
   36       -2.425945e+00
   37        5.927110e-01
   38       -1.480283e+00
   39        3.415617e-01
   40        3.378223e+00
   41        1.758784e-01
   42       -1.705879e+00
   43        1.063645e+00
   44       -7.655048e-01
   45       -2.596989e-01
   46       -1.426266e+00
   47        2.255487e+00
   48       -2.313322e+00
   49       -2.442818e+00
   50        2.558952e-01
   51        1.982182e+00
   52        3.233078e-01
   53        7.176208e-01
   54        9.397706e-01
   55        2.941029e+00
   56       -3.890969e-02
   57        1.458169e+00
   58       -1.702057e+00
   59        2.947436e+00
   60        1.430309e+00
   61       -4.910832e-01
   62        4.132773e+00
   63       -3.858582e+00
   64        1.370109e+00
   65       -1.222145e+00
   66        3.135014e-01
   67       -5.751949e+00
   68        3.348578e+00
   69        1.454035e+00
   70       -1.387674e+00
   71        2.546436e+00
   72        2.679297e+00
   73        2.232133e+00
   74        9.692865e-01
   75       -3.041356e+00
   76        6.341580e+00
   77        1.673394e-01
   78       -2.214734e+00
   79       -2.894177e+00
   80       -2.087468e+00
   81        1.412389e+00
   82       -2.063270e+00
   83        2.808427e+00
   84        3.814756e+00
   85        5.172943e+00
   86        5.904598e+00
   87       -4.857074e+00
;
param X:=
    1        4.955855e+00
    2        5.680735e-01
    3        5.619895e-01
    4       -1.898774e+00
    5       -3.213005e+00
    6       -1.749765e-03
    7        7.035146e-01
    8       -2.494013e+00
    9        1.663130e+00
   10       -4.770543e-01
   11       -2.054816e+00
   12        1.547380e+00
   13        2.199565e-01
   14       -2.044314e+00
   15        5.342459e-01
   16        1.616897e+00
   17       -1.811703e+00
   18       -1.460268e+00
   19        9.841208e-01
   20       -6.733394e+00
   21       -1.047748e+00
   22        3.567117e-01
   23        1.453329e+00
   24       -2.079579e+00
   25        1.727991e+00
   26        3.400667e+00
   27       -7.899131e-01
   28        1.103617e+00
   29       -3.521134e+00
   30        6.658529e-01
   31        1.891184e+00
   32        3.915688e+00
   33        8.019901e-01
   34       -7.241182e-01
   35       -1.923685e+00
   36       -2.425945e+00
   37        5.927110e-01
   38       -1.480283e+00
   39        1.651936e+00
   40        3.378223e+00
   41        1.311371e+00
   42       -1.705879e+00
   43        1.063645e+00
   44       -7.655048e-01
   45       -2.596989e-01
   46       -1.426266e+00
   47        2.255487e+00
   48       -2.313322e+00
   49       -2.442818e+00
   50       -2.322171e+00
   51        1.982182e+00
   52       -1.900486e+00
   53        7.176208e-01
   54        9.397706e-01
   55        3.649698e-01
   56        3.351484e-01
   57        1.458169e+00
   58       -1.702057e+00
   59        2.947436e+00
   60        6.993229e-01
   61       -4.910832e-01
   62        4.132773e+00
   63       -2.055875e+00
   64        1.370109e+00
   65       -1.222145e+00
   66        3.135014e-01
   67       -5.751949e+00
   68        3.348578e+00
   69        1.454035e+00
   70       -1.387674e+00
   71        7.401930e-01
   72        3.557666e-01
   73        2.232133e+00
   74        9.692865e-01
   75       -3.041356e+00
   76        6.341580e+00
   77        1.673394e-01
   78       -2.214734e+00
   79       -2.138404e-01
   80        7.535106e-01
   81        1.412389e+00
   82       -2.063270e+00
   83        2.808427e+00
   84        3.814756e+00
   85        5.172943e+00
   86        5.904598e+00
   87       -4.857074e+00
;
param outliervec:=
    1    0
    2    0
    3    0
    4    0
    5    0
    6    0
    7    1
    8    0
    9    0
   10    0
   11    0
   12    0
   13    0
   14    0
   15    1
   16    0
   17    1
   18    0
   19    0
   20    0
   21    0
   22    1
   23    0
   24    0
   25    0
   26    0
   27    0
   28    1
   29    0
   30    1
   31    0
   32    0
   33    0
   34    0
   35    0
   36    0
   37    0
   38    0
   39    1
   40    0
   41    1
   42    0
   43    0
   44    0
   45    0
   46    0
   47    0
   48    0
   49    0
   50    1
   51    0
   52    1
   53    0
   54    0
   55    1
   56    1
   57    0
   58    0
   59    0
   60    1
   61    0
   62    0
   63    1
   64    0
   65    0
   66    0
   67    0
   68    0
   69    0
   70    0
   71    1
   72    1
   73    0
   74    0
   75    0
   76    0
   77    0
   78    0
   79    1
   80    1
   81    0
   82    0
   83    0
   84    0
   85    0
   86    0
   87    0
; 
param greedy_time :=         2.208506e-01
;