data;


param FN:= 1;
param D:= 100;
param U_Original:=
         1         1        2.077736e+00
         2         1        1.181888e+00
         3         1        3.674336e-02
         4         1        1.614169e+00
         5         1       -3.992051e-01
         6         1        1.821913e-01
         7         1        4.096142e-02
         8         1       -8.221622e-01
         9         1       -3.421380e-01
        10         1        8.414843e-02
        11         1       -6.305296e-01
        12         1        6.373758e-01
        13         1       -9.866762e-02
        14         1       -1.466552e-01
        15         1        1.084029e+00
        16         1        1.380632e+00
        17         1       -1.390988e+00
        18         1        9.584728e-01
        19         1        5.728082e-01
        20         1        1.440725e+00
        21         1        4.204774e-01
        22         1       -8.899206e-01
        23         1        4.703656e-01
        24         1       -1.368226e-01
        25         1        5.877825e-03
        26         1       -3.697811e-01
        27         1        2.658060e+00
        28         1        8.905816e-01
        29         1        7.271109e-01
        30         1        3.243184e-01
        31         1       -5.465640e-01
        32         1        2.020560e-01
        33         1       -8.535873e-01
        34         1       -1.055715e+00
        35         1        1.326564e+00
        36         1       -4.005032e-01
        37         1       -3.711833e-01
        38         1        7.024860e-01
        39         1       -5.615488e-01
        40         1        5.480827e-02
        41         1       -1.088342e+00
        42         1        1.687981e+00
        43         1       -1.768287e+00
        44         1       -4.173865e-01
        45         1       -1.470730e+00
        46         1       -1.769854e-01
        47         1        1.660326e+00
        48         1       -7.902482e-01
        49         1       -6.216438e-01
        50         1        2.380191e-01
        51         1       -1.547524e-01
        52         1        6.838691e-01
        53         1        4.533428e-01
        54         1        1.762593e+00
        55         1       -8.386599e-01
        56         1        7.205946e-01
        57         1        1.243585e+00
        58         1       -9.954086e-01
        59         1        1.553719e+00
        60         1       -8.006835e-01
        61         1        1.383325e-03
        62         1       -1.846948e-01
        63         1       -3.074969e-02
        64         1       -8.405472e-01
        65         1       -4.641882e-01
        66         1        6.887277e-01
        67         1        7.274468e-01
        68         1        4.102707e-01
        69         1        5.770469e-03
        70         1        1.018591e+00
        71         1        7.406156e-01
        72         1       -7.507821e-01
        73         1       -6.937875e-01
        74         1        1.177166e+00
        75         1       -1.718294e+00
        76         1        4.459653e-01
        77         1       -2.997319e+00
        78         1        2.129279e-01
        79         1       -1.471829e+00
        80         1        6.929869e-02
        81         1       -5.282476e-01
        82         1       -7.713599e-01
        83         1       -2.756666e+00
        84         1       -6.777809e-01
        85         1       -2.148100e+00
        86         1       -2.799779e-01
        87         1        2.634966e-01
        88         1        8.701777e-01
        89         1       -1.079820e+00
        90         1        5.883094e-01
        91         1       -1.173672e+00
        92         1       -5.482656e-03
        93         1        5.715540e-01
        94         1       -1.080203e-02
        95         1       -2.050519e+00
        96         1        1.224457e+00
        97         1       -3.384745e-01
        98         1        1.654087e-01
        99         1       -5.081422e-01
       100         1       -1.061324e+00
         1         2       -7.306711e-01
         2         2        2.440589e-01
         3         2       -6.133403e-01
         4         2       -3.231195e-01
         5         2        8.075057e-01
         6         2        2.138595e-01
         7         2       -5.640818e-01
         8         2       -2.989427e-01
         9         2        1.922115e+00
        10         2        8.150798e-02
        11         2        4.591546e-01
        12         2        3.681620e+00
        13         2        3.830402e-01
        14         2        5.429639e-02
        15         2        1.972283e-02
        16         2       -1.357525e-01
        17         2       -1.073720e+00
        18         2       -1.059128e-01
        19         2        1.482929e-01
        20         2        1.254864e+00
        21         2       -7.912092e-01
        22         2       -2.264247e+00
        23         2        7.518661e-01
        24         2        5.284800e-01
        25         2       -4.889836e-01
        26         2       -7.389093e-02
        27         2        9.969151e-01
        28         2       -1.346351e+00
        29         2        1.906919e+00
        30         2        5.759557e-02
        31         2       -6.216553e-01
        32         2       -8.779799e-01
        33         2       -9.209670e-01
        34         2       -1.088579e+00
        35         2        2.087129e-02
        36         2       -1.129644e+00
        37         2        2.689956e-01
        38         2        4.800537e-01
        39         2       -3.077465e-02
        40         2        3.171567e-02
        41         2        2.220526e-01
        42         2        1.099310e+00
        43         2        8.004768e-02
        44         2       -1.088975e+00
        45         2        3.951623e-01
        46         2       -1.034574e+00
        47         2       -1.155786e+00
        48         2       -1.242961e-01
        49         2        9.983018e-01
        50         2       -3.905903e-01
        51         2       -3.143213e-02
        52         2        1.132630e+00
        53         2        8.753526e-01
        54         2        9.782862e-01
        55         2       -6.077715e-01
        56         2        1.545425e+00
        57         2        1.692339e-01
        58         2       -5.056340e-01
        59         2        4.922267e-01
        60         2        3.484864e-01
        61         2        2.877947e+00
        62         2        1.424789e-01
        63         2       -4.363487e-02
        64         2        1.675041e+00
        65         2       -1.364985e+00
        66         2        1.117030e+00
        67         2       -3.418426e-01
        68         2        6.694116e-01
        69         2       -1.265803e+00
        70         2       -9.885422e-01
        71         2       -8.637295e-02
        72         2        5.059670e-01
        73         2        1.404966e+00
        74         2       -5.110329e-01
        75         2        3.026125e+00
        76         2        4.366054e-02
        77         2       -1.333303e+00
        78         2       -1.927277e-01
        79         2       -1.523982e+00
        80         2       -1.848826e+00
        81         2       -5.542024e-02
        82         2       -9.381086e-01
        83         2        9.807085e-01
        84         2       -7.096439e-01
        85         2        8.514557e-01
        86         2       -8.085930e-02
        87         2        3.160962e-01
        88         2       -1.218272e+00
        89         2        1.300363e+00
        90         2       -8.383910e-01
        91         2        4.889576e-01
        92         2        1.672912e-01
        93         2       -1.543753e+00
        94         2       -1.339452e-01
        95         2        4.997218e-01
        96         2       -8.009779e-01
        97         2       -4.220759e-01
        98         2        4.269382e-01
        99         2       -1.073908e+00
       100         2       -5.970635e-01
         1         3       -3.255669e-01
         2         3        1.673018e+00
         3         3       -1.009467e+00
         4         3       -2.971328e-01
         5         3       -2.368208e-01
         6         3       -6.285606e-01
         7         3        3.704230e-01
         8         3        8.468996e-01
         9         3       -4.315392e-01
        10         3        1.391106e+00
        11         3        6.684417e-01
        12         3        2.320119e-01
        13         3        1.100669e+00
        14         3        4.911767e-02
        15         3       -2.387590e-02
        16         3        1.903556e+00
        17         3       -5.780296e-01
        18         3        1.157485e+00
        19         3       -1.870040e+00
        20         3        6.675179e-01
        21         3        3.981018e-01
        22         3        5.650213e-01
        23         3       -3.966900e-02
        24         3        6.659616e-01
        25         3       -1.059526e-02
        26         3        6.340890e-01
        27         3       -7.628114e-01
        28         3       -6.046438e-01
        29         3        1.201035e+00
        30         3        9.176611e-02
        31         3       -1.544353e+00
        32         3        4.757299e-01
        33         3        4.598954e-01
        34         3       -1.047222e+00
        35         3       -4.318554e-01
        36         3       -1.199115e+00
        37         3        1.611324e+00
        38         3        3.103249e-01
        39         3        1.164867e+00
        40         3       -2.159976e+00
        41         3       -8.167811e-01
        42         3        8.495332e-01
        43         3        1.589150e+00
        44         3       -1.145820e+00
        45         3       -2.372787e-01
        46         3        3.402853e-01
        47         3       -8.458775e-01
        48         3        4.402515e-01
        49         3        9.793904e-01
        50         3        1.984192e+00
        51         3        9.476178e-01
        52         3        1.728645e+00
        53         3       -7.589209e-01
        54         3        8.963538e-01
        55         3       -2.190953e-01
        56         3        5.044361e-01
        57         3        6.534722e-01
        58         3        8.935426e-01
        59         3        3.568332e-02
        60         3       -2.141884e-02
        61         3        1.399136e+00
        62         3       -7.390587e-01
        63         3        1.766361e+00
        64         3        8.504417e-01
        65         3       -1.047202e+00
        66         3       -3.897876e-01
        67         3        9.543254e-01
        68         3        5.591665e-01
        69         3        1.178772e-01
        70         3        3.217998e-01
        71         3       -1.114251e+00
        72         3        2.458621e-01
        73         3       -9.549125e-01
        74         3       -6.274216e-01
        75         3        4.400631e-02
        76         3        5.156080e-01
        77         3       -1.938129e+00
        78         3       -6.251559e-03
        79         3        4.897884e-01
        80         3       -9.602824e-01
        81         3       -6.449035e-01
        82         3       -1.702534e-01
        83         3        2.435764e-01
        84         3        1.371048e+00
        85         3       -1.204556e-01
        86         3        5.443151e-02
        87         3        7.821021e-01
        88         3       -5.756647e-01
        89         3       -4.830957e-01
        90         3       -4.272117e-01
        91         3       -5.919173e-01
        92         3       -4.072888e-01
        93         3       -6.304570e-01
        94         3        1.032708e-01
        95         3        3.735556e-01
        96         3       -5.067223e-01
        97         3       -5.590503e-01
        98         3        3.218075e-01
        99         3       -2.367074e-01
       100         3       -6.113017e-01
         1         4        5.213013e-01
         2         4        1.140656e+00
         3         4        6.208396e-01
         4         4       -9.951098e-01
         5         4        8.188489e-01
         6         4       -3.969436e-02
         7         4       -1.132634e+00
         8         4        1.548913e+00
         9         4       -1.336840e+00
        10         4        5.219438e-02
        11         4       -1.540095e+00
        12         4        3.038828e-01
        13         4       -4.973602e-01
        14         4        6.647396e-01
        15         4        7.118193e-01
        16         4       -2.190158e+00
        17         4        9.817438e-01
        18         4        9.482206e-01
        19         4       -1.071004e+00
        20         4       -1.070196e+00
        21         4        9.556948e-01
        22         4        8.106765e-01
        23         4        4.561802e-01
        24         4        2.191617e+00
        25         4        1.452991e-01
        26         4        4.911011e-01
        27         4        7.361690e-02
        28         4        3.499280e-01
        29         4        3.543874e-01
        30         4        2.028488e-01
        31         4       -9.832999e-01
        32         4       -3.496282e-01
        33         4        5.265139e-01
        34         4       -5.180803e-01
        35         4       -2.167479e+00
        36         4       -1.749700e+00
        37         4       -6.206541e-01
        38         4        1.517902e-01
        39         4       -3.366640e-01
        40         4        1.033412e+00
        41         4        4.064229e-01
        42         4        9.782190e-02
        43         4       -4.410766e-01
        44         4        5.888479e-01
        45         4        8.507930e-01
        46         4       -2.029404e+00
        47         4        1.558826e+00
        48         4        2.493743e+00
        49         4       -9.845083e-01
        50         4        2.499665e-01
        51         4       -9.437592e-01
        52         4        2.119301e+00
        53         4       -8.441791e-01
        54         4       -7.879415e-01
        55         4       -1.475470e+00
        56         4       -1.321330e+00
        57         4        1.285844e+00
        58         4       -7.959444e-01
        59         4       -1.714892e+00
        60         4       -1.761409e+00
        61         4        2.186731e-01
        62         4        2.314899e-01
        63         4        6.661775e-01
        64         4       -1.473840e+00
        65         4       -1.749550e+00
        66         4       -8.232393e-02
        67         4        1.620211e+00
        68         4       -7.917326e-01
        69         4        1.247373e-01
        70         4       -2.344515e-01
        71         4       -1.300235e+00
        72         4        3.703709e-01
        73         4       -1.476212e-01
        74         4        2.501030e-01
        75         4        1.164244e+00
        76         4        5.761550e-01
        77         4       -1.260109e+00
        78         4       -2.143578e+00
        79         4        5.785702e-01
        80         4        7.557594e-01
        81         4        5.892658e-01
        82         4        2.224774e-01
        83         4       -2.657072e-02
        84         4        6.018820e-01
        85         4        1.970814e+00
        86         4        1.213446e+00
        87         4        1.666331e+00
        88         4        1.218147e+00
        89         4        1.155264e-01
        90         4        4.164697e-01
        91         4        9.994633e-01
        92         4        2.448039e-01
        93         4        1.422054e-01
        94         4       -4.668533e-01
        95         4       -8.975700e-01
        96         4       -2.395595e-01
        97         4        1.956364e+00
        98         4        6.916189e-01
        99         4        1.814521e+00
       100         4        8.483448e-01
         1         5        1.534955e+00
         2         5        1.085355e-01
         3         5       -8.672003e-01
         4         5        1.847433e-01
         5         5       -2.447585e-01
         6         5       -1.445254e+00
         7         5        8.032678e-02
         8         5       -8.939340e-01
         9         5       -1.061834e+00
        10         5        8.218146e-01
        11         5        2.036556e-01
        12         5       -3.091047e-01
        13         5       -5.029379e-01
        14         5        2.839257e-01
        15         5       -1.503911e+00
        16         5        4.952553e-01
        17         5        6.930161e-01
        18         5       -4.758305e-01
        19         5       -2.325602e+00
        20         5       -3.892296e-01
        21         5        7.921253e-01
        22         5        3.491685e-01
        23         5        2.512385e-01
        24         5       -6.870241e-01
        25         5        5.354918e-01
        26         5        4.200681e-01
        27         5        1.292971e+00
        28         5        2.079886e+00
        29         5        7.073742e-01
        30         5       -3.457853e-01
        31         5        2.256816e-01
        32         5       -2.313917e-01
        33         5        2.235085e-01
        34         5       -8.495241e-01
        35         5        2.352649e-01
        36         5        5.177142e-02
        37         5        7.069988e-01
        38         5       -4.670415e-01
        39         5       -6.443373e-01
        40         5        2.771917e-01
        41         5        1.613228e-01
        42         5       -2.065542e+00
        43         5        2.120539e+00
        44         5       -1.586467e+00
        45         5        1.451295e+00
        46         5        6.556695e-01
        47         5       -5.480513e-01
        48         5        1.495786e+00
        49         5       -6.725773e-01
        50         5        1.416112e+00
        51         5        1.864225e-03
        52         5       -2.335306e-01
        53         5       -7.711959e-01
        54         5        9.379713e-01
        55         5        2.451634e-01
        56         5       -3.878532e-01
        57         5       -5.845300e-01
        58         5       -7.644004e-01
        59         5        1.087587e+00
        60         5        1.300720e+00
        61         5       -8.703923e-01
        62         5        6.410292e-01
        63         5       -2.513258e+00
        64         5        7.535606e-02
        65         5       -1.186182e+00
        66         5        3.091208e-01
        67         5       -1.062490e+00
        68         5        1.517599e+00
        69         5       -2.879282e+00
        70         5       -2.207191e-01
        71         5        1.031423e+00
        72         5        1.902540e+00
        73         5       -3.492546e-01
        74         5        1.658697e+00
        75         5       -1.840930e+00
        76         5        2.076642e+00
        77         5        1.220305e+00
        78         5       -5.597941e-01
        79         5       -1.868019e+00
        80         5       -4.046947e-01
        81         5       -2.072478e+00
        82         5       -1.691937e+00
        83         5        4.521614e-02
        84         5       -4.358625e-01
        85         5       -3.501012e-01
        86         5        2.736939e-01
        87         5       -1.474411e+00
        88         5        3.438735e-01
        89         5       -7.806478e-01
        90         5        3.267729e-01
        91         5       -2.185663e+00
        92         5       -1.939544e+00
        93         5        2.918842e-01
        94         5        8.130452e-01
        95         5       -1.579002e+00
        96         5        5.495702e-02
        97         5       -9.017864e-01
        98         5       -3.011292e-01
        99         5       -1.159150e+00
       100         5        7.502886e-01
;
param X_Original:=
    1       -2.384711e-01
    2        2.183043e-01
    3        2.995455e+00
    4        3.235004e-01
    5        5.345254e-01
    6       -5.703964e-01
    7       -1.690649e+00
    8       -2.730869e-01
    9       -6.029329e-01
   10       -1.125554e+00
   11       -3.293315e+00
   12       -2.209967e+00
   13       -8.395212e-01
   14        6.185070e-01
   15        2.752221e+00
   16       -6.856605e-01
   17       -3.716999e-01
   18        1.449799e-01
   19        9.072864e-01
   20       -9.959546e-01
   21       -2.076177e-01
   22        1.083049e-01
   23        5.451108e-01
   24       -3.416231e-01
   25       -1.657882e-01
   26        1.299144e+00
   27        1.435597e+00
   28       -7.267833e-01
   29       -1.803359e+00
   30        5.711003e-01
   31       -7.525365e-01
   32       -5.960938e-01
   33        1.543098e-01
   34       -2.840758e-01
   35       -2.110709e-01
   36       -8.193069e-01
   37       -3.955087e+00
   38        7.496585e-01
   39       -1.976358e+00
   40        4.149333e+00
   41       -2.007897e+00
   42       -1.159167e+00
   43        9.102855e-01
   44       -2.799065e-02
   45        3.895221e-01
   46       -1.323821e-01
   47        1.412047e+00
   48       -3.794619e-01
   49        5.183505e-04
   50       -3.656554e+00
   51        1.178174e+00
   52        1.211932e-01
   53        5.275433e-01
   54       -2.617393e-01
   55        4.837148e-01
   56       -1.561165e+00
   57        1.161176e+00
   58        1.409446e-01
   59       -7.043501e-01
   60       -1.884901e+00
   61       -1.623103e+00
   62       -3.661736e-01
   63       -1.863849e+00
   64        8.722169e-01
   65        6.033283e-01
   66        1.348859e+00
   67       -1.106357e+00
   68       -2.827771e-02
   69        2.484570e+00
   70       -2.578940e-01
   71        7.683117e-01
   72        4.282598e-01
   73       -8.633503e-01
   74        3.609102e-01
   75        9.713808e-01
   76        8.983700e-01
   77       -9.877411e-01
   78       -6.110945e-01
   79        5.838529e-01
   80       -1.393632e+00
   81        2.907330e+00
   82       -7.127154e-01
   83        1.394807e+00
   84       -1.054983e+00
   85        8.887356e-01
   86        7.977119e-01
   87       -1.506146e+00
   88       -3.105633e-01
   89       -2.816940e-01
   90       -1.893943e+00
   91       -1.634970e-01
   92        5.232855e-01
   93       -8.918440e-01
   94       -9.186145e-02
   95        2.598804e+00
   96        1.450559e+00
   97        3.260813e-01
   98       -4.297876e-01
   99        3.000638e+00
  100        1.169070e+00
;
param outliervec_original :=
    1    1
    2    1
    3    0
    4    1
    5    1
    6    1
    7    0
    8    1
    9    1
   10    1
   11    0
   12    1
   13    1
   14    1
   15    0
   16    1
   17    1
   18    1
   19    1
   20    0
   21    1
   22    1
   23    0
   24    1
   25    1
   26    1
   27    1
   28    1
   29    0
   30    0
   31    1
   32    1
   33    1
   34    1
   35    1
   36    1
   37    0
   38    1
   39    0
   40    0
   41    1
   42    1
   43    1
   44    1
   45    1
   46    1
   47    1
   48    1
   49    1
   50    0
   51    1
   52    1
   53    1
   54    1
   55    1
   56    0
   57    1
   58    1
   59    1
   60    1
   61    0
   62    1
   63    1
   64    1
   65    0
   66    1
   67    1
   68    1
   69    0
   70    1
   71    1
   72    1
   73    1
   74    1
   75    0
   76    1
   77    1
   78    1
   79    0
   80    1
   81    0
   82    1
   83    1
   84    1
   85    0
   86    1
   87    1
   88    1
   89    1
   90    1
   91    1
   92    1
   93    1
   94    1
   95    1
   96    0
   97    1
   98    1
   99    0
  100    1
;
param d:= 68;
param r:=5;
param p:=0.780000;
param M:=1000;
param U:=
         1         1        1.181888e+00
         2         1        3.674336e-02
         3         1        1.614169e+00
         4         1       -3.992051e-01
         5         1        4.096142e-02
         6         1       -8.221622e-01
         7         1       -3.421380e-01
         8         1        8.414843e-02
         9         1       -6.305296e-01
        10         1        6.373758e-01
        11         1       -9.866762e-02
        12         1       -1.466552e-01
        13         1        1.084029e+00
        14         1       -1.390988e+00
        15         1        9.584728e-01
        16         1        1.440725e+00
        17         1        4.204774e-01
        18         1       -8.899206e-01
        19         1        4.703656e-01
        20         1       -1.368226e-01
        21         1        5.877825e-03
        22         1        2.658060e+00
        23         1        7.271109e-01
        24         1        3.243184e-01
        25         1        2.020560e-01
        26         1       -8.535873e-01
        27         1       -1.055715e+00
        28         1        1.326564e+00
        29         1       -4.005032e-01
        30         1       -3.711833e-01
        31         1        7.024860e-01
        32         1       -5.615488e-01
        33         1        5.480827e-02
        34         1       -1.470730e+00
        35         1       -7.902482e-01
        36         1        2.380191e-01
        37         1        6.838691e-01
        38         1        4.533428e-01
        39         1        1.762593e+00
        40         1        7.205946e-01
        41         1        1.243585e+00
        42         1        1.553719e+00
        43         1       -8.006835e-01
        44         1        1.383325e-03
        45         1       -1.846948e-01
        46         1       -3.074969e-02
        47         1       -4.641882e-01
        48         1        6.887277e-01
        49         1        5.770469e-03
        50         1        1.018591e+00
        51         1        7.406156e-01
        52         1       -6.937875e-01
        53         1        1.177166e+00
        54         1       -2.997319e+00
        55         1        2.129279e-01
        56         1       -1.471829e+00
        57         1       -5.282476e-01
        58         1       -7.713599e-01
        59         1       -6.777809e-01
        60         1       -2.148100e+00
        61         1       -2.799779e-01
        62         1       -1.079820e+00
        63         1       -5.482656e-03
        64         1       -1.080203e-02
        65         1        1.224457e+00
        66         1        1.654087e-01
        67         1       -5.081422e-01
        68         1       -1.061324e+00
         1         2        2.440589e-01
         2         2       -6.133403e-01
         3         2       -3.231195e-01
         4         2        8.075057e-01
         5         2       -5.640818e-01
         6         2       -2.989427e-01
         7         2        1.922115e+00
         8         2        8.150798e-02
         9         2        4.591546e-01
        10         2        3.681620e+00
        11         2        3.830402e-01
        12         2        5.429639e-02
        13         2        1.972283e-02
        14         2       -1.073720e+00
        15         2       -1.059128e-01
        16         2        1.254864e+00
        17         2       -7.912092e-01
        18         2       -2.264247e+00
        19         2        7.518661e-01
        20         2        5.284800e-01
        21         2       -4.889836e-01
        22         2        9.969151e-01
        23         2        1.906919e+00
        24         2        5.759557e-02
        25         2       -8.779799e-01
        26         2       -9.209670e-01
        27         2       -1.088579e+00
        28         2        2.087129e-02
        29         2       -1.129644e+00
        30         2        2.689956e-01
        31         2        4.800537e-01
        32         2       -3.077465e-02
        33         2        3.171567e-02
        34         2        3.951623e-01
        35         2       -1.242961e-01
        36         2       -3.905903e-01
        37         2        1.132630e+00
        38         2        8.753526e-01
        39         2        9.782862e-01
        40         2        1.545425e+00
        41         2        1.692339e-01
        42         2        4.922267e-01
        43         2        3.484864e-01
        44         2        2.877947e+00
        45         2        1.424789e-01
        46         2       -4.363487e-02
        47         2       -1.364985e+00
        48         2        1.117030e+00
        49         2       -1.265803e+00
        50         2       -9.885422e-01
        51         2       -8.637295e-02
        52         2        1.404966e+00
        53         2       -5.110329e-01
        54         2       -1.333303e+00
        55         2       -1.927277e-01
        56         2       -1.523982e+00
        57         2       -5.542024e-02
        58         2       -9.381086e-01
        59         2       -7.096439e-01
        60         2        8.514557e-01
        61         2       -8.085930e-02
        62         2        1.300363e+00
        63         2        1.672912e-01
        64         2       -1.339452e-01
        65         2       -8.009779e-01
        66         2        4.269382e-01
        67         2       -1.073908e+00
        68         2       -5.970635e-01
         1         3        1.673018e+00
         2         3       -1.009467e+00
         3         3       -2.971328e-01
         4         3       -2.368208e-01
         5         3        3.704230e-01
         6         3        8.468996e-01
         7         3       -4.315392e-01
         8         3        1.391106e+00
         9         3        6.684417e-01
        10         3        2.320119e-01
        11         3        1.100669e+00
        12         3        4.911767e-02
        13         3       -2.387590e-02
        14         3       -5.780296e-01
        15         3        1.157485e+00
        16         3        6.675179e-01
        17         3        3.981018e-01
        18         3        5.650213e-01
        19         3       -3.966900e-02
        20         3        6.659616e-01
        21         3       -1.059526e-02
        22         3       -7.628114e-01
        23         3        1.201035e+00
        24         3        9.176611e-02
        25         3        4.757299e-01
        26         3        4.598954e-01
        27         3       -1.047222e+00
        28         3       -4.318554e-01
        29         3       -1.199115e+00
        30         3        1.611324e+00
        31         3        3.103249e-01
        32         3        1.164867e+00
        33         3       -2.159976e+00
        34         3       -2.372787e-01
        35         3        4.402515e-01
        36         3        1.984192e+00
        37         3        1.728645e+00
        38         3       -7.589209e-01
        39         3        8.963538e-01
        40         3        5.044361e-01
        41         3        6.534722e-01
        42         3        3.568332e-02
        43         3       -2.141884e-02
        44         3        1.399136e+00
        45         3       -7.390587e-01
        46         3        1.766361e+00
        47         3       -1.047202e+00
        48         3       -3.897876e-01
        49         3        1.178772e-01
        50         3        3.217998e-01
        51         3       -1.114251e+00
        52         3       -9.549125e-01
        53         3       -6.274216e-01
        54         3       -1.938129e+00
        55         3       -6.251559e-03
        56         3        4.897884e-01
        57         3       -6.449035e-01
        58         3       -1.702534e-01
        59         3        1.371048e+00
        60         3       -1.204556e-01
        61         3        5.443151e-02
        62         3       -4.830957e-01
        63         3       -4.072888e-01
        64         3        1.032708e-01
        65         3       -5.067223e-01
        66         3        3.218075e-01
        67         3       -2.367074e-01
        68         3       -6.113017e-01
         1         4        1.140656e+00
         2         4        6.208396e-01
         3         4       -9.951098e-01
         4         4        8.188489e-01
         5         4       -1.132634e+00
         6         4        1.548913e+00
         7         4       -1.336840e+00
         8         4        5.219438e-02
         9         4       -1.540095e+00
        10         4        3.038828e-01
        11         4       -4.973602e-01
        12         4        6.647396e-01
        13         4        7.118193e-01
        14         4        9.817438e-01
        15         4        9.482206e-01
        16         4       -1.070196e+00
        17         4        9.556948e-01
        18         4        8.106765e-01
        19         4        4.561802e-01
        20         4        2.191617e+00
        21         4        1.452991e-01
        22         4        7.361690e-02
        23         4        3.543874e-01
        24         4        2.028488e-01
        25         4       -3.496282e-01
        26         4        5.265139e-01
        27         4       -5.180803e-01
        28         4       -2.167479e+00
        29         4       -1.749700e+00
        30         4       -6.206541e-01
        31         4        1.517902e-01
        32         4       -3.366640e-01
        33         4        1.033412e+00
        34         4        8.507930e-01
        35         4        2.493743e+00
        36         4        2.499665e-01
        37         4        2.119301e+00
        38         4       -8.441791e-01
        39         4       -7.879415e-01
        40         4       -1.321330e+00
        41         4        1.285844e+00
        42         4       -1.714892e+00
        43         4       -1.761409e+00
        44         4        2.186731e-01
        45         4        2.314899e-01
        46         4        6.661775e-01
        47         4       -1.749550e+00
        48         4       -8.232393e-02
        49         4        1.247373e-01
        50         4       -2.344515e-01
        51         4       -1.300235e+00
        52         4       -1.476212e-01
        53         4        2.501030e-01
        54         4       -1.260109e+00
        55         4       -2.143578e+00
        56         4        5.785702e-01
        57         4        5.892658e-01
        58         4        2.224774e-01
        59         4        6.018820e-01
        60         4        1.970814e+00
        61         4        1.213446e+00
        62         4        1.155264e-01
        63         4        2.448039e-01
        64         4       -4.668533e-01
        65         4       -2.395595e-01
        66         4        6.916189e-01
        67         4        1.814521e+00
        68         4        8.483448e-01
         1         5        1.085355e-01
         2         5       -8.672003e-01
         3         5        1.847433e-01
         4         5       -2.447585e-01
         5         5        8.032678e-02
         6         5       -8.939340e-01
         7         5       -1.061834e+00
         8         5        8.218146e-01
         9         5        2.036556e-01
        10         5       -3.091047e-01
        11         5       -5.029379e-01
        12         5        2.839257e-01
        13         5       -1.503911e+00
        14         5        6.930161e-01
        15         5       -4.758305e-01
        16         5       -3.892296e-01
        17         5        7.921253e-01
        18         5        3.491685e-01
        19         5        2.512385e-01
        20         5       -6.870241e-01
        21         5        5.354918e-01
        22         5        1.292971e+00
        23         5        7.073742e-01
        24         5       -3.457853e-01
        25         5       -2.313917e-01
        26         5        2.235085e-01
        27         5       -8.495241e-01
        28         5        2.352649e-01
        29         5        5.177142e-02
        30         5        7.069988e-01
        31         5       -4.670415e-01
        32         5       -6.443373e-01
        33         5        2.771917e-01
        34         5        1.451295e+00
        35         5        1.495786e+00
        36         5        1.416112e+00
        37         5       -2.335306e-01
        38         5       -7.711959e-01
        39         5        9.379713e-01
        40         5       -3.878532e-01
        41         5       -5.845300e-01
        42         5        1.087587e+00
        43         5        1.300720e+00
        44         5       -8.703923e-01
        45         5        6.410292e-01
        46         5       -2.513258e+00
        47         5       -1.186182e+00
        48         5        3.091208e-01
        49         5       -2.879282e+00
        50         5       -2.207191e-01
        51         5        1.031423e+00
        52         5       -3.492546e-01
        53         5        1.658697e+00
        54         5        1.220305e+00
        55         5       -5.597941e-01
        56         5       -1.868019e+00
        57         5       -2.072478e+00
        58         5       -1.691937e+00
        59         5       -4.358625e-01
        60         5       -3.501012e-01
        61         5        2.736939e-01
        62         5       -7.806478e-01
        63         5       -1.939544e+00
        64         5        8.130452e-01
        65         5        5.495702e-02
        66         5       -3.011292e-01
        67         5       -1.159150e+00
        68         5        7.502886e-01
;

param theta:=
    1        6.991527e-01
    2       -1.544120e-01
    3       -1.510286e+00
    4        1.043461e+00
    5       -8.102540e-01
;
param X_true:=
    1       -6.358139e-01
    2        2.995455e+00
    3        4.391526e-01
    4        1.006626e+00
    5       -1.690649e+00
    6        5.328264e-01
    7       -4.188416e-01
    8       -2.666137e+00
    9       -3.293315e+00
   10        9.427532e-02
   11       -1.901923e+00
   12        2.784776e-01
   13        2.752221e+00
   14        5.291641e-01
   15        3.133136e-01
   16       -9.959546e-01
   17        1.703098e-01
   18       -5.629133e-01
   19        5.451108e-01
   20        1.660474e+00
   21       -1.866542e-01
   22        1.885699e+00
   23       -1.803359e+00
   24        5.711003e-01
   25       -6.189868e-01
   26       -7.808552e-01
   27        1.159323e+00
   28       -8.758299e-01
   29       -1.622676e-01
   30       -3.955087e+00
   31        4.851489e-01
   32       -1.976358e+00
   33        4.149333e+00
   34       -1.019073e+00
   35        1.919390e-01
   36       -3.656554e+00
   37        9.311583e-02
   38        1.071975e+00
   39       -1.854669e+00
   40       -1.561165e+00
   41        1.671739e+00
   42       -1.714254e+00
   43       -3.473136e+00
   44       -1.623103e+00
   45        6.872138e-01
   46        4.903675e-02
   47        6.033283e-01
   48        5.613655e-01
   49        2.484570e+00
   50        3.129817e-01
   51        2.151955e-02
   52        8.691321e-01
   53        7.665216e-01
   54       -1.266207e+00
   55       -1.595094e+00
   56        5.838529e-01
   57        2.907330e+00
   58        1.465734e+00
   59       -1.453770e+00
   60        8.887356e-01
   61        7.789528e-01
   62        5.269318e-01
   63        2.412424e+00
   64       -1.288754e+00
   65        1.450559e+00
   66        5.293684e-01
   67        3.000638e+00
   68        5.506962e-01
;
param X:=
    1        2.183043e-01
    2        2.995455e+00
    3        3.235004e-01
    4        5.345254e-01
    5       -1.690649e+00
    6       -2.730869e-01
    7       -6.029329e-01
    8       -1.125554e+00
    9       -3.293315e+00
   10       -2.209967e+00
   11       -8.395212e-01
   12        6.185070e-01
   13        2.752221e+00
   14       -3.716999e-01
   15        1.449799e-01
   16       -9.959546e-01
   17       -2.076177e-01
   18        1.083049e-01
   19        5.451108e-01
   20       -3.416231e-01
   21       -1.657882e-01
   22        1.435597e+00
   23       -1.803359e+00
   24        5.711003e-01
   25       -5.960938e-01
   26        1.543098e-01
   27       -2.840758e-01
   28       -2.110709e-01
   29       -8.193069e-01
   30       -3.955087e+00
   31        7.496585e-01
   32       -1.976358e+00
   33        4.149333e+00
   34        3.895221e-01
   35       -3.794619e-01
   36       -3.656554e+00
   37        1.211932e-01
   38        5.275433e-01
   39       -2.617393e-01
   40       -1.561165e+00
   41        1.161176e+00
   42       -7.043501e-01
   43       -1.884901e+00
   44       -1.623103e+00
   45       -3.661736e-01
   46       -1.863849e+00
   47        6.033283e-01
   48        1.348859e+00
   49        2.484570e+00
   50       -2.578940e-01
   51        7.683117e-01
   52       -8.633503e-01
   53        3.609102e-01
   54       -9.877411e-01
   55       -6.110945e-01
   56        5.838529e-01
   57        2.907330e+00
   58       -7.127154e-01
   59       -1.054983e+00
   60        8.887356e-01
   61        7.977119e-01
   62       -2.816940e-01
   63        5.232855e-01
   64       -9.186145e-02
   65        1.450559e+00
   66       -4.297876e-01
   67        3.000638e+00
   68        1.169070e+00
;
param outliervec:=
    1    1
    2    0
    3    1
    4    1
    5    0
    6    1
    7    1
    8    1
    9    0
   10    1
   11    1
   12    1
   13    0
   14    1
   15    1
   16    0
   17    1
   18    1
   19    0
   20    1
   21    1
   22    1
   23    0
   24    0
   25    1
   26    1
   27    1
   28    1
   29    1
   30    0
   31    1
   32    0
   33    0
   34    1
   35    1
   36    0
   37    1
   38    1
   39    1
   40    0
   41    1
   42    1
   43    1
   44    0
   45    1
   46    1
   47    0
   48    1
   49    0
   50    1
   51    1
   52    1
   53    1
   54    1
   55    1
   56    0
   57    0
   58    1
   59    1
   60    0
   61    1
   62    1
   63    1
   64    1
   65    0
   66    1
   67    0
   68    1
; 
param greedy_time :=         4.708143e-01
;