data;


param FN:= 0;
param D:= 100;
param U_Original:=
         1         1        9.804105e-01
         2         1        1.083558e+00
         3         1        1.313382e+00
         4         1       -3.192813e+00
         5         1       -2.948356e-01
         6         1       -4.313929e-01
         7         1       -9.862768e-01
         8         1       -9.520357e-01
         9         1       -3.502892e-01
        10         1        2.140829e+00
        11         1       -2.374999e+00
        12         1       -1.665776e-01
        13         1       -7.765945e-01
        14         1        7.561815e-01
        15         1       -7.906692e-01
        16         1        5.609676e-01
        17         1        5.027720e-01
        18         1        1.014129e+00
        19         1        1.321610e+00
        20         1       -9.034334e-01
        21         1       -4.053424e-01
        22         1        4.867824e-01
        23         1       -3.803181e-01
        24         1        1.032628e+00
        25         1       -1.704432e+00
        26         1       -1.977307e-01
        27         1       -3.043886e-02
        28         1       -5.123180e-01
        29         1        7.577312e-02
        30         1        1.871776e+00
        31         1       -1.857410e+00
        32         1       -5.006077e-01
        33         1       -8.410331e-01
        34         1        9.874963e-01
        35         1       -1.382566e+00
        36         1        6.847217e-01
        37         1       -1.872366e-01
        38         1       -4.457996e-01
        39         1       -8.514315e-01
        40         1        3.503607e-01
        41         1        1.055549e+00
        42         1        1.418551e+00
        43         1        9.529035e-01
        44         1       -2.332772e-01
        45         1       -6.737554e-01
        46         1        1.218802e-01
        47         1       -2.711404e-01
        48         1       -1.590595e+00
        49         1        4.203215e-01
        50         1       -1.040887e+00
        51         1        9.808376e-03
        52         1       -5.234475e-01
        53         1       -3.753428e-01
        54         1        3.033836e-02
        55         1       -1.489111e+00
        56         1        1.378528e+00
        57         1       -4.768620e-01
        58         1       -5.325986e-01
        59         1        1.125514e+00
        60         1        1.437114e+00
        61         1        6.903379e-01
        62         1        1.335594e+00
        63         1        2.586383e-01
        64         1        2.216149e+00
        65         1        2.992564e-01
        66         1       -5.121471e-02
        67         1       -2.166458e+00
        68         1        1.262119e-01
        69         1       -4.484442e-01
        70         1       -9.219871e-01
        71         1        1.797757e+00
        72         1        1.173635e+00
        73         1       -1.339258e+00
        74         1        6.884544e-01
        75         1       -2.088883e+00
        76         1        1.910249e+00
        77         1        1.178395e+00
        78         1        1.201679e-01
        79         1       -1.226484e+00
        80         1       -1.312219e-02
        81         1       -9.225649e-01
        82         1       -9.472982e-01
        83         1       -1.005950e+00
        84         1        2.987137e-02
        85         1       -5.381883e-02
        86         1        1.696383e-01
        87         1        1.065284e+00
        88         1       -3.498017e-01
        89         1       -7.644828e-01
        90         1        3.186836e-01
        91         1        4.735732e-02
        92         1        1.471965e-01
        93         1       -1.263260e+00
        94         1        5.238144e-01
        95         1       -2.125906e-01
        96         1       -7.623028e-01
        97         1        1.077662e+00
        98         1       -8.525216e-01
        99         1        9.252573e-01
       100         1        9.188470e-01
         1         2        8.050982e-01
         2         2        4.396673e-01
         3         2       -2.024677e+00
         4         2       -1.488911e+00
         5         2        2.275708e+00
         6         2        2.754867e-01
         7         2        4.552786e-01
         8         2        5.328915e-01
         9         2       -6.288076e-01
        10         2        1.312680e-01
        11         2        4.537553e-01
        12         2        1.820646e+00
        13         2       -7.185210e-01
        14         2       -1.462406e-02
        15         2       -2.949663e-01
        16         2        1.186137e+00
        17         2        5.591251e-01
        18         2       -1.934862e+00
        19         2       -2.428364e-01
        20         2        1.561542e+00
        21         2        2.428663e+00
        22         2       -7.509541e-01
        23         2        1.190126e+00
        24         2        1.355562e+00
        25         2       -6.666303e-02
        26         2       -2.840468e-01
        27         2        4.984648e-01
        28         2        8.825073e-01
        29         2        5.500511e-01
        30         2        4.524491e-01
        31         2       -4.443700e-01
        32         2       -1.839241e-01
        33         2       -1.632244e-01
        34         2       -7.656023e-01
        35         2       -1.964130e+00
        36         2       -4.071629e-01
        37         2       -5.353415e-01
        38         2        1.516036e+00
        39         2        1.326135e+00
        40         2       -4.992394e-01
        41         2       -1.431361e+00
        42         2        5.408225e-01
        43         2        1.113437e-01
        44         2       -8.517841e-01
        45         2       -3.907602e-01
        46         2        4.433498e-01
        47         2        6.041858e-01
        48         2        1.153284e-02
        49         2        1.580508e-01
        50         2       -5.810231e-01
        51         2        1.083545e+00
        52         2       -2.010408e+00
        53         2       -1.468855e+00
        54         2        2.450321e-01
        55         2       -4.235695e-01
        56         2        9.641531e-01
        57         2        6.288597e-01
        58         2       -8.792766e-02
        59         2       -1.184343e+00
        60         2       -2.168215e+00
        61         2        1.154114e+00
        62         2        5.267425e-01
        63         2       -7.927226e-02
        64         2       -7.106930e-01
        65         2       -5.272890e-01
        66         2        4.351637e-01
        67         2        4.835705e-01
        68         2       -1.133238e+00
        69         2       -1.799837e-01
        70         2       -5.731558e-01
        71         2        1.176194e+00
        72         2       -8.158618e-01
        73         2        7.373826e-01
        74         2        6.173105e-01
        75         2       -4.072318e-01
        76         2        1.735031e-01
        77         2        1.387511e+00
        78         2        3.450289e-01
        79         2       -1.295235e+00
        80         2        8.898122e-01
        81         2       -1.244011e+00
        82         2        1.061465e+00
        83         2        1.013536e-01
        84         2        1.492375e+00
        85         2       -1.024157e+00
        86         2        1.128626e-01
        87         2        1.944379e+00
        88         2        7.734399e-01
        89         2        5.703223e-01
        90         2       -7.575928e-01
        91         2       -2.042919e+00
        92         2       -7.624030e-01
        93         2        9.773046e-01
        94         2        8.052093e-01
        95         2       -1.406024e+00
        96         2        2.608999e-01
        97         2       -1.150000e-01
        98         2        1.285105e+00
        99         2        1.028315e+00
       100         2       -1.055140e+00
         1         3       -1.852489e+00
         2         3        8.616207e-01
         3         3       -4.207536e-01
         4         3       -1.846166e-01
         5         3       -1.359695e+00
         6         3       -7.002146e-01
         7         3       -9.168319e-02
         8         3       -4.038356e-01
         9         3       -8.273901e-01
        10         3       -2.060181e+00
        11         3       -4.176581e-01
        12         3        4.492212e-01
        13         3        3.733295e-01
        14         3       -2.393538e+00
        15         3        1.916453e+00
        16         3        1.212043e+00
        17         3       -5.117256e-01
        18         3        1.608237e+00
        19         3        7.754731e-01
        20         3       -5.143843e-01
        21         3        2.055575e+00
        22         3        4.611654e-01
        23         3       -1.191553e+00
        24         3        8.470555e-01
        25         3        8.362674e-01
        26         3       -1.961847e-01
        27         3        6.481514e-01
        28         3       -1.107713e-01
        29         3        1.987777e-01
        30         3       -2.704684e+00
        31         3        3.426852e-01
        32         3        9.374158e-02
        33         3        6.011398e-01
        34         3        1.552200e+00
        35         3       -1.206970e+00
        36         3        3.056098e-01
        37         3       -4.843811e-01
        38         3       -3.122700e-01
        39         3        2.312475e-01
        40         3       -1.111801e+00
        41         3       -3.309618e-01
        42         3       -4.937225e-01
        43         3        1.302617e+00
        44         3        1.016376e+00
        45         3        5.718012e-02
        46         3        4.891316e-01
        47         3       -3.616635e-01
        48         3       -1.979726e+00
        49         3        3.415557e-03
        50         3       -7.047107e-01
        51         3        1.511755e+00
        52         3        5.449731e-01
        53         3        2.579720e-01
        54         3        7.066391e-01
        55         3        7.893443e-01
        56         3        1.222493e-01
        57         3        2.031643e+00
        58         3        1.364045e+00
        59         3        6.295809e-01
        60         3       -6.346225e-01
        61         3        1.122867e+00
        62         3        1.609440e-01
        63         3        1.067650e+00
        64         3       -1.062038e+00
        65         3        2.889788e-01
        66         3        1.633423e-01
        67         3        7.599049e-01
        68         3        2.594489e-01
        69         3       -1.207744e+00
        70         3       -2.999925e-01
        71         3        1.916307e-02
        72         3        9.904684e-01
        73         3        3.358236e-01
        74         3        3.773930e-01
        75         3        1.570395e-01
        76         3       -5.542869e-01
        77         3        5.385737e-04
        78         3       -1.495676e-01
        79         3       -9.560970e-01
        80         3       -1.210601e+00
        81         3        3.512903e-01
        82         3        7.695832e-04
        83         3       -9.514087e-01
        84         3       -5.965731e-01
        85         3       -1.552976e+00
        86         3       -1.986998e+00
        87         3       -1.422688e+00
        88         3        1.258223e+00
        89         3        1.968044e+00
        90         3       -3.826349e-01
        91         3        8.516517e-01
        92         3        1.013319e+00
        93         3        4.544508e-01
        94         3       -6.548007e-01
        95         3       -2.913008e-01
        96         3        9.488763e-02
        97         3       -8.191605e-01
        98         3        7.443843e-02
        99         3        2.697839e-01
       100         3       -2.096581e-01
         1         4       -2.016921e+00
         2         4       -5.379824e-01
         3         4       -1.615618e+00
         4         4        1.774038e-01
         5         4        1.092581e+00
         6         4       -3.468097e+00
         7         4        1.509244e+00
         8         4        1.203615e+00
         9         4       -6.003114e-01
        10         4       -5.542789e-01
        11         4        2.643132e-01
        12         4        1.414271e+00
        13         4       -6.589440e-01
        14         4       -3.499058e-01
        15         4       -5.211181e-01
        16         4        5.563864e-01
        17         4        7.000914e-01
        18         4        1.425990e+00
        19         4        2.302915e+00
        20         4       -9.341768e-01
        21         4       -1.637507e-01
        22         4        9.383223e-01
        23         4       -1.031509e+00
        24         4       -1.038231e-01
        25         4       -1.532285e+00
        26         4        1.077278e+00
        27         4       -1.723702e-01
        28         4        1.363786e+00
        29         4       -3.726791e-01
        30         4       -1.189521e-01
        31         4        3.252537e-01
        32         4       -1.192768e+00
        33         4        2.432653e-01
        34         4        4.725672e-01
        35         4       -7.397295e-01
        36         4       -7.886714e-01
        37         4       -1.565166e+00
        38         4       -4.468929e-01
        39         4       -1.191075e-01
        40         4       -3.302977e-01
        41         4       -2.134593e+00
        42         4       -3.838827e-03
        43         4       -1.054981e+00
        44         4        6.139343e-01
        45         4       -1.561386e+00
        46         4       -2.460552e+00
        47         4       -1.002219e-01
        48         4        2.936844e-01
        49         4       -1.102257e+00
        50         4       -2.121742e+00
        51         4       -1.244747e-02
        52         4        9.225235e-01
        53         4       -1.975354e+00
        54         4       -1.367908e+00
        55         4       -8.008915e-01
        56         4        1.574403e-03
        57         4        9.361419e-01
        58         4        1.531923e+00
        59         4       -7.444283e-02
        60         4       -4.372446e-02
        61         4       -1.362898e+00
        62         4       -1.175288e+00
        63         4       -1.375151e+00
        64         4       -4.805265e-01
        65         4        2.584165e-01
        66         4        9.994452e-01
        67         4        2.189495e-02
        68         4       -4.367293e-01
        69         4       -1.158768e+00
        70         4        1.008053e+00
        71         4        1.290048e-01
        72         4       -6.145036e-01
        73         4        2.199809e+00
        74         4       -8.461416e-01
        75         4       -7.054627e-01
        76         4       -1.446552e+00
        77         4        5.005524e-02
        78         4        8.893549e-01
        79         4       -7.266348e-01
        80         4       -1.887788e-01
        81         4        1.549145e+00
        82         4       -4.832539e-01
        83         4        3.192112e-01
        84         4        9.986195e-01
        85         4        1.894526e+00
        86         4        2.750854e+00
        87         4        8.851952e-02
        88         4       -2.227382e+00
        89         4       -2.642529e+00
        90         4        1.095892e+00
        91         4        3.010890e-01
        92         4       -5.783408e-01
        93         4       -3.152281e-02
        94         4       -3.554594e-02
        95         4       -1.059011e+00
        96         4        3.420231e-02
        97         4       -1.018970e+00
        98         4       -3.077370e-01
        99         4       -1.660136e+00
       100         4        2.044650e+00
         1         5       -6.610315e-01
         2         5        1.041694e+00
         3         5       -1.046683e-01
         4         5        2.819912e-02
         5         5       -1.128324e+00
         6         5        1.317236e+00
         7         5        4.326053e-01
         8         5       -1.257180e-01
         9         5       -8.054990e-01
        10         5        7.948886e-01
        11         5        7.845405e-02
        12         5       -2.352748e-01
        13         5       -3.141211e-01
        14         5        7.878513e-01
        15         5        2.111218e+00
        16         5       -7.818667e-01
        17         5        1.510793e-01
        18         5       -2.727161e-01
        19         5       -1.232227e+00
        20         5        1.384698e+00
        21         5       -1.412242e+00
        22         5        1.484099e+00
        23         5       -5.044053e-01
        24         5        2.463192e-01
        25         5       -1.021181e+00
        26         5       -1.268656e+00
        27         5       -8.358900e-01
        28         5       -5.516090e-01
        29         5        5.835619e-02
        30         5       -5.774019e-01
        31         5       -3.183261e-01
        32         5        1.579760e+00
        33         5       -5.116121e-02
        34         5        4.298863e-01
        35         5        6.985865e-01
        36         5       -7.919523e-01
        37         5       -6.544321e-01
        38         5       -9.463629e-02
        39         5       -9.318063e-01
        40         5        1.472034e+00
        41         5        6.460652e-01
        42         5       -4.219849e-01
        43         5       -1.696166e+00
        44         5       -1.655033e+00
        45         5        1.877043e+00
        46         5        7.261133e-01
        47         5        2.515771e+00
        48         5       -3.074291e-01
        49         5       -1.185964e-01
        50         5        2.838018e-01
        51         5       -4.759266e-01
        52         5        8.997458e-02
        53         5       -7.555899e-01
        54         5       -1.614072e+00
        55         5       -4.467166e-01
        56         5        2.998631e-01
        57         5        8.500577e-01
        58         5       -8.679561e-01
        59         5       -1.585326e+00
        60         5       -4.165769e-01
        61         5        4.536520e-02
        62         5        1.310577e+00
        63         5        1.341290e-01
        64         5       -1.121228e+00
        65         5        9.141451e-01
        66         5       -2.703288e-01
        67         5        4.167787e-02
        68         5       -3.730683e-01
        69         5        1.454268e-01
        70         5        2.357326e-01
        71         5       -6.009875e-01
        72         5        9.400139e-01
        73         5       -1.065285e+00
        74         5        2.292398e+00
        75         5        3.529196e-01
        76         5        2.102761e+00
        77         5        1.097698e+00
        78         5        1.254602e-01
        79         5       -1.988273e+00
        80         5       -2.681801e-01
        81         5        9.523608e-02
        82         5        8.478359e-02
        83         5        4.076783e-01
        84         5        3.259216e-01
        85         5       -5.454192e-01
        86         5        3.933954e-01
        87         5        4.485988e-01
        88         5        8.227244e-01
        89         5        3.104161e-01
        90         5       -6.941824e-01
        91         5       -1.264886e+00
        92         5        7.706580e-01
        93         5       -1.061788e+00
        94         5        5.908435e-01
        95         5        1.953374e+00
        96         5       -7.492751e-01
        97         5        6.459254e-01
        98         5       -1.595837e+00
        99         5       -2.017107e+00
       100         5        6.838250e-01
;
param X_Original:=
    1        6.527525e-01
    2        2.636968e-01
    3       -7.998421e-01
    4       -1.475041e-01
    5       -4.749199e-01
    6        1.528892e+00
    7        1.979111e+00
    8       -1.341270e+00
    9        8.020081e-02
   10       -1.674805e-01
   11        1.387376e+00
   12       -4.011741e-01
   13        9.943436e-02
   14       -1.730435e+00
   15        1.548904e+00
   16        2.337505e-01
   17        2.021053e+00
   18        5.872795e-02
   19        1.426842e+00
   20       -4.896108e-01
   21       -3.173840e-02
   22        4.013394e-01
   23        3.334045e-01
   24        1.844413e-01
   25       -6.520438e-01
   26        1.898737e-01
   27       -7.467391e-01
   28        4.267529e-01
   29       -2.607049e-01
   30        8.463785e-01
   31        1.479699e-01
   32        2.439324e-01
   33       -1.829940e+00
   34       -1.133504e+00
   35       -1.420726e-01
   36        1.858128e-01
   37        3.283995e-01
   38       -7.265798e-01
   39       -9.171037e-01
   40       -6.704607e-02
   41        4.338583e-01
   42       -1.225902e+00
   43        9.187560e-02
   44        3.446538e-01
   45        1.403191e+00
   46       -1.076152e-01
   47       -2.629388e-01
   48       -1.204495e+00
   49       -8.361310e-01
   50       -1.546223e+00
   51        1.034249e+00
   52       -3.915823e-01
   53       -4.909951e-01
   54        7.522192e-02
   55       -1.093450e+00
   56        1.199892e+00
   57        1.485339e+00
   58       -1.371769e+00
   59       -5.560525e-01
   60       -1.416458e+00
   61       -1.059685e+00
   62       -3.687303e-01
   63       -1.727887e+00
   64       -6.949634e-01
   65       -3.893748e-01
   66       -3.536524e-01
   67        5.898890e-01
   68        1.120677e-01
   69       -8.222571e-01
   70        1.572524e+00
   71        8.711676e-01
   72       -2.951539e-01
   73       -2.172636e-01
   74        7.338291e-01
   75        2.638496e-01
   76       -8.213471e-02
   77       -3.100374e-01
   78        3.015671e-01
   79       -1.217120e+00
   80        2.174163e+00
   81        3.829985e-01
   82        4.910005e-01
   83       -9.734839e-01
   84        2.858683e-04
   85       -4.474213e-01
   86        8.366028e-01
   87        9.744361e-01
   88        7.221519e-01
   89       -1.234734e+00
   90        1.553846e+00
   91       -1.108811e+00
   92        7.441334e-01
   93        1.240555e+00
   94        9.284647e-01
   95        1.006989e+00
   96        3.395904e-02
   97       -6.367371e-01
   98        8.355036e-03
   99        8.865372e-01
  100        1.907535e+00
;
param outliervec_original :=
    1    1
    2    0
    3    1
    4    1
    5    1
    6    1
    7    1
    8    1
    9    1
   10    1
   11    1
   12    1
   13    1
   14    1
   15    0
   16    0
   17    1
   18    1
   19    0
   20    1
   21    0
   22    1
   23    1
   24    1
   25    1
   26    1
   27    1
   28    1
   29    1
   30    1
   31    1
   32    1
   33    1
   34    1
   35    1
   36    1
   37    1
   38    0
   39    1
   40    1
   41    1
   42    1
   43    1
   44    1
   45    1
   46    1
   47    1
   48    1
   49    1
   50    1
   51    1
   52    1
   53    1
   54    1
   55    1
   56    1
   57    1
   58    1
   59    1
   60    1
   61    1
   62    1
   63    1
   64    1
   65    1
   66    1
   67    1
   68    1
   69    1
   70    1
   71    1
   72    1
   73    1
   74    1
   75    1
   76    1
   77    0
   78    0
   79    1
   80    1
   81    1
   82    1
   83    1
   84    0
   85    1
   86    1
   87    1
   88    1
   89    1
   90    1
   91    1
   92    1
   93    1
   94    1
   95    1
   96    1
   97    1
   98    1
   99    1
  100    0
;
param d:= 64;
param r:=5;
param p:=0.900000;
param M:=1000;
param U:=
         1         1        1.083558e+00
         2         1        1.313382e+00
         3         1       -3.192813e+00
         4         1       -2.948356e-01
         5         1       -9.862768e-01
         6         1       -2.374999e+00
         7         1       -7.765945e-01
         8         1        7.561815e-01
         9         1       -7.906692e-01
        10         1        5.609676e-01
        11         1        1.321610e+00
        12         1       -9.034334e-01
        13         1       -4.053424e-01
        14         1        4.867824e-01
        15         1        1.032628e+00
        16         1       -1.704432e+00
        17         1       -1.977307e-01
        18         1       -3.043886e-02
        19         1       -5.123180e-01
        20         1        7.577312e-02
        21         1       -1.857410e+00
        22         1       -5.006077e-01
        23         1       -1.382566e+00
        24         1       -4.457996e-01
        25         1       -8.514315e-01
        26         1        3.503607e-01
        27         1        1.418551e+00
        28         1       -2.332772e-01
        29         1        1.218802e-01
        30         1       -1.590595e+00
        31         1        4.203215e-01
        32         1       -1.040887e+00
        33         1        9.808376e-03
        34         1       -3.753428e-01
        35         1       -1.489111e+00
        36         1       -4.768620e-01
        37         1        1.125514e+00
        38         1        1.437114e+00
        39         1        6.903379e-01
        40         1        1.335594e+00
        41         1        2.216149e+00
        42         1       -5.121471e-02
        43         1       -2.166458e+00
        44         1        1.262119e-01
        45         1       -4.484442e-01
        46         1       -9.219871e-01
        47         1        1.173635e+00
        48         1        6.884544e-01
        49         1       -2.088883e+00
        50         1        1.910249e+00
        51         1        1.178395e+00
        52         1        1.201679e-01
        53         1       -1.226484e+00
        54         1       -9.225649e-01
        55         1       -9.472982e-01
        56         1        2.987137e-02
        57         1       -5.381883e-02
        58         1        1.696383e-01
        59         1       -7.644828e-01
        60         1        1.471965e-01
        61         1       -7.623028e-01
        62         1        1.077662e+00
        63         1       -8.525216e-01
        64         1        9.188470e-01
         1         2        4.396673e-01
         2         2       -2.024677e+00
         3         2       -1.488911e+00
         4         2        2.275708e+00
         5         2        4.552786e-01
         6         2        4.537553e-01
         7         2       -7.185210e-01
         8         2       -1.462406e-02
         9         2       -2.949663e-01
        10         2        1.186137e+00
        11         2       -2.428364e-01
        12         2        1.561542e+00
        13         2        2.428663e+00
        14         2       -7.509541e-01
        15         2        1.355562e+00
        16         2       -6.666303e-02
        17         2       -2.840468e-01
        18         2        4.984648e-01
        19         2        8.825073e-01
        20         2        5.500511e-01
        21         2       -4.443700e-01
        22         2       -1.839241e-01
        23         2       -1.964130e+00
        24         2        1.516036e+00
        25         2        1.326135e+00
        26         2       -4.992394e-01
        27         2        5.408225e-01
        28         2       -8.517841e-01
        29         2        4.433498e-01
        30         2        1.153284e-02
        31         2        1.580508e-01
        32         2       -5.810231e-01
        33         2        1.083545e+00
        34         2       -1.468855e+00
        35         2       -4.235695e-01
        36         2        6.288597e-01
        37         2       -1.184343e+00
        38         2       -2.168215e+00
        39         2        1.154114e+00
        40         2        5.267425e-01
        41         2       -7.106930e-01
        42         2        4.351637e-01
        43         2        4.835705e-01
        44         2       -1.133238e+00
        45         2       -1.799837e-01
        46         2       -5.731558e-01
        47         2       -8.158618e-01
        48         2        6.173105e-01
        49         2       -4.072318e-01
        50         2        1.735031e-01
        51         2        1.387511e+00
        52         2        3.450289e-01
        53         2       -1.295235e+00
        54         2       -1.244011e+00
        55         2        1.061465e+00
        56         2        1.492375e+00
        57         2       -1.024157e+00
        58         2        1.128626e-01
        59         2        5.703223e-01
        60         2       -7.624030e-01
        61         2        2.608999e-01
        62         2       -1.150000e-01
        63         2        1.285105e+00
        64         2       -1.055140e+00
         1         3        8.616207e-01
         2         3       -4.207536e-01
         3         3       -1.846166e-01
         4         3       -1.359695e+00
         5         3       -9.168319e-02
         6         3       -4.176581e-01
         7         3        3.733295e-01
         8         3       -2.393538e+00
         9         3        1.916453e+00
        10         3        1.212043e+00
        11         3        7.754731e-01
        12         3       -5.143843e-01
        13         3        2.055575e+00
        14         3        4.611654e-01
        15         3        8.470555e-01
        16         3        8.362674e-01
        17         3       -1.961847e-01
        18         3        6.481514e-01
        19         3       -1.107713e-01
        20         3        1.987777e-01
        21         3        3.426852e-01
        22         3        9.374158e-02
        23         3       -1.206970e+00
        24         3       -3.122700e-01
        25         3        2.312475e-01
        26         3       -1.111801e+00
        27         3       -4.937225e-01
        28         3        1.016376e+00
        29         3        4.891316e-01
        30         3       -1.979726e+00
        31         3        3.415557e-03
        32         3       -7.047107e-01
        33         3        1.511755e+00
        34         3        2.579720e-01
        35         3        7.893443e-01
        36         3        2.031643e+00
        37         3        6.295809e-01
        38         3       -6.346225e-01
        39         3        1.122867e+00
        40         3        1.609440e-01
        41         3       -1.062038e+00
        42         3        1.633423e-01
        43         3        7.599049e-01
        44         3        2.594489e-01
        45         3       -1.207744e+00
        46         3       -2.999925e-01
        47         3        9.904684e-01
        48         3        3.773930e-01
        49         3        1.570395e-01
        50         3       -5.542869e-01
        51         3        5.385737e-04
        52         3       -1.495676e-01
        53         3       -9.560970e-01
        54         3        3.512903e-01
        55         3        7.695832e-04
        56         3       -5.965731e-01
        57         3       -1.552976e+00
        58         3       -1.986998e+00
        59         3        1.968044e+00
        60         3        1.013319e+00
        61         3        9.488763e-02
        62         3       -8.191605e-01
        63         3        7.443843e-02
        64         3       -2.096581e-01
         1         4       -5.379824e-01
         2         4       -1.615618e+00
         3         4        1.774038e-01
         4         4        1.092581e+00
         5         4        1.509244e+00
         6         4        2.643132e-01
         7         4       -6.589440e-01
         8         4       -3.499058e-01
         9         4       -5.211181e-01
        10         4        5.563864e-01
        11         4        2.302915e+00
        12         4       -9.341768e-01
        13         4       -1.637507e-01
        14         4        9.383223e-01
        15         4       -1.038231e-01
        16         4       -1.532285e+00
        17         4        1.077278e+00
        18         4       -1.723702e-01
        19         4        1.363786e+00
        20         4       -3.726791e-01
        21         4        3.252537e-01
        22         4       -1.192768e+00
        23         4       -7.397295e-01
        24         4       -4.468929e-01
        25         4       -1.191075e-01
        26         4       -3.302977e-01
        27         4       -3.838827e-03
        28         4        6.139343e-01
        29         4       -2.460552e+00
        30         4        2.936844e-01
        31         4       -1.102257e+00
        32         4       -2.121742e+00
        33         4       -1.244747e-02
        34         4       -1.975354e+00
        35         4       -8.008915e-01
        36         4        9.361419e-01
        37         4       -7.444283e-02
        38         4       -4.372446e-02
        39         4       -1.362898e+00
        40         4       -1.175288e+00
        41         4       -4.805265e-01
        42         4        9.994452e-01
        43         4        2.189495e-02
        44         4       -4.367293e-01
        45         4       -1.158768e+00
        46         4        1.008053e+00
        47         4       -6.145036e-01
        48         4       -8.461416e-01
        49         4       -7.054627e-01
        50         4       -1.446552e+00
        51         4        5.005524e-02
        52         4        8.893549e-01
        53         4       -7.266348e-01
        54         4        1.549145e+00
        55         4       -4.832539e-01
        56         4        9.986195e-01
        57         4        1.894526e+00
        58         4        2.750854e+00
        59         4       -2.642529e+00
        60         4       -5.783408e-01
        61         4        3.420231e-02
        62         4       -1.018970e+00
        63         4       -3.077370e-01
        64         4        2.044650e+00
         1         5        1.041694e+00
         2         5       -1.046683e-01
         3         5        2.819912e-02
         4         5       -1.128324e+00
         5         5        4.326053e-01
         6         5        7.845405e-02
         7         5       -3.141211e-01
         8         5        7.878513e-01
         9         5        2.111218e+00
        10         5       -7.818667e-01
        11         5       -1.232227e+00
        12         5        1.384698e+00
        13         5       -1.412242e+00
        14         5        1.484099e+00
        15         5        2.463192e-01
        16         5       -1.021181e+00
        17         5       -1.268656e+00
        18         5       -8.358900e-01
        19         5       -5.516090e-01
        20         5        5.835619e-02
        21         5       -3.183261e-01
        22         5        1.579760e+00
        23         5        6.985865e-01
        24         5       -9.463629e-02
        25         5       -9.318063e-01
        26         5        1.472034e+00
        27         5       -4.219849e-01
        28         5       -1.655033e+00
        29         5        7.261133e-01
        30         5       -3.074291e-01
        31         5       -1.185964e-01
        32         5        2.838018e-01
        33         5       -4.759266e-01
        34         5       -7.555899e-01
        35         5       -4.467166e-01
        36         5        8.500577e-01
        37         5       -1.585326e+00
        38         5       -4.165769e-01
        39         5        4.536520e-02
        40         5        1.310577e+00
        41         5       -1.121228e+00
        42         5       -2.703288e-01
        43         5        4.167787e-02
        44         5       -3.730683e-01
        45         5        1.454268e-01
        46         5        2.357326e-01
        47         5        9.400139e-01
        48         5        2.292398e+00
        49         5        3.529196e-01
        50         5        2.102761e+00
        51         5        1.097698e+00
        52         5        1.254602e-01
        53         5       -1.988273e+00
        54         5        9.523608e-02
        55         5        8.478359e-02
        56         5        3.259216e-01
        57         5       -5.454192e-01
        58         5        3.933954e-01
        59         5        3.104161e-01
        60         5        7.706580e-01
        61         5       -7.492751e-01
        62         5        6.459254e-01
        63         5       -1.595837e+00
        64         5        6.838250e-01
;

param theta:=
    1       -1.227330e-01
    2       -3.127123e-01
    3        5.102087e-01
    4        6.764548e-01
    5        2.762691e-01
;
param X_true:=
    1        2.636968e-01
    2       -8.262720e-01
    3        7.197997e-01
    4       -1.029765e+00
    5        9.155468e-01
    6        1.288998e-01
    7       -1.480525e-01
    8       -1.394403e+00
    9        1.548904e+00
   10        2.337505e-01
   11        1.426842e+00
   12       -8.106968e-01
   13       -3.173840e-02
   14        1.402780e+00
   15        2.830080e-02
   16       -5.743288e-01
   17        3.045485e-01
   18       -1.765883e-01
   19        5.080000e-01
   20       -2.998813e-01
   21        6.505717e-01
   22       -1.599449e-01
   23        1.770960e-02
   24       -7.265798e-01
   25       -4.458400e-01
   26       -2.607771e-01
   27       -7.233084e-01
   28        8.901026e-01
   29       -1.395022e+00
   30       -7.128257e-01
   31       -7.745566e-01
   32       -1.560308e+00
   33        4.115855e-01
   34       -1.041164e+00
   35        1.412861e-01
   36        1.833233e+00
   37       -8.840370e-02
   38        2.153807e-02
   39       -9.032535e-01
   40       -7.747280e-01
   41       -1.162145e+00
   42        6.169946e-01
   43        4.453968e-01
   44       -5.580371e-02
   45       -1.168654e+00
   46        8.024452e-01
   47        3.227997e-01
   48       -1.320398e-01
   49        7.934275e-04
   50       -1.336187e+00
   51       -3.100374e-01
   52        3.015671e-01
   53       -8.208087e-01
   54        1.664715e+00
   55       -4.607708e-01
   56        2.858683e-04
   57        5.100977e-01
   58        1.074135e+00
   59       -7.764447e-01
   60        6.130835e-01
   61        5.569116e-02
   62       -1.089068e+00
   63       -9.949962e-01
   64        1.907535e+00
;
param X:=
    1        2.636968e-01
    2       -7.998421e-01
    3       -1.475041e-01
    4       -4.749199e-01
    5        1.979111e+00
    6        1.387376e+00
    7        9.943436e-02
    8       -1.730435e+00
    9        1.548904e+00
   10        2.337505e-01
   11        1.426842e+00
   12       -4.896108e-01
   13       -3.173840e-02
   14        4.013394e-01
   15        1.844413e-01
   16       -6.520438e-01
   17        1.898737e-01
   18       -7.467391e-01
   19        4.267529e-01
   20       -2.607049e-01
   21        1.479699e-01
   22        2.439324e-01
   23       -1.420726e-01
   24       -7.265798e-01
   25       -9.171037e-01
   26       -6.704607e-02
   27       -1.225902e+00
   28        3.446538e-01
   29       -1.076152e-01
   30       -1.204495e+00
   31       -8.361310e-01
   32       -1.546223e+00
   33        1.034249e+00
   34       -4.909951e-01
   35       -1.093450e+00
   36        1.485339e+00
   37       -5.560525e-01
   38       -1.416458e+00
   39       -1.059685e+00
   40       -3.687303e-01
   41       -6.949634e-01
   42       -3.536524e-01
   43        5.898890e-01
   44        1.120677e-01
   45       -8.222571e-01
   46        1.572524e+00
   47       -2.951539e-01
   48        7.338291e-01
   49        2.638496e-01
   50       -8.213471e-02
   51       -3.100374e-01
   52        3.015671e-01
   53       -1.217120e+00
   54        3.829985e-01
   55        4.910005e-01
   56        2.858683e-04
   57       -4.474213e-01
   58        8.366028e-01
   59       -1.234734e+00
   60        7.441334e-01
   61        3.395904e-02
   62       -6.367371e-01
   63        8.355036e-03
   64        1.907535e+00
;
param outliervec:=
    1    0
    2    1
    3    1
    4    1
    5    1
    6    1
    7    1
    8    1
    9    0
   10    0
   11    0
   12    1
   13    0
   14    1
   15    1
   16    1
   17    1
   18    1
   19    1
   20    1
   21    1
   22    1
   23    1
   24    0
   25    1
   26    1
   27    1
   28    1
   29    1
   30    1
   31    1
   32    1
   33    1
   34    1
   35    1
   36    1
   37    1
   38    1
   39    1
   40    1
   41    1
   42    1
   43    1
   44    1
   45    1
   46    1
   47    1
   48    1
   49    1
   50    1
   51    0
   52    0
   53    1
   54    1
   55    1
   56    0
   57    1
   58    1
   59    1
   60    1
   61    1
   62    1
   63    1
   64    0
; 
param greedy_time :=         4.484773e-01
;