data;


param FN:= 0;
param D:= 100;
param U_Original:=
         1         1        8.062933e-02
         2         1       -7.387417e-01
         3         1        7.550675e-01
         4         1       -2.474263e-01
         5         1       -2.063642e-01
         6         1       -2.565092e+00
         7         1        7.051029e-01
         8         1        1.643963e+00
         9         1        1.073803e+00
        10         1       -2.991675e-01
        11         1       -1.354696e+00
        12         1       -8.618625e-01
        13         1       -4.338515e-01
        14         1       -2.379367e-01
        15         1        4.864193e-01
        16         1        4.250306e-01
        17         1        5.375504e-01
        18         1        1.953483e-01
        19         1       -7.814482e-01
        20         1        3.337620e-02
        21         1       -4.943666e-01
        22         1        6.264328e-01
        23         1       -2.110720e-01
        24         1        1.743590e+00
        25         1        1.094681e-01
        26         1        7.817286e-01
        27         1       -3.876052e-01
        28         1       -2.217518e-01
        29         1        4.569976e-01
        30         1        1.049564e+00
        31         1        3.219372e-01
        32         1        9.714854e-02
        33         1       -4.459950e-02
        34         1        1.310598e+00
        35         1        2.563995e-01
        36         1        8.654681e-01
        37         1        2.649942e+00
        38         1        7.856126e-02
        39         1       -7.437919e-01
        40         1        2.590721e-01
        41         1        1.312372e+00
        42         1        3.958219e-01
        43         1        3.140445e-01
        44         1        1.800578e+00
        45         1       -2.002455e-01
        46         1        7.455873e-01
        47         1       -8.610535e-01
        48         1        2.460156e+00
        49         1        1.176432e+00
        50         1       -1.754639e+00
        51         1       -2.466747e+00
        52         1       -3.155256e-01
        53         1        1.651279e+00
        54         1       -1.170499e+00
        55         1        7.540157e-01
        56         1       -2.000623e-01
        57         1        2.158740e-01
        58         1        4.998423e-01
        59         1        1.575170e+00
        60         1       -1.493500e+00
        61         1       -1.771705e+00
        62         1        1.181350e+00
        63         1       -9.749440e-01
        64         1       -8.302275e-01
        65         1       -2.602720e-01
        66         1        5.763006e-01
        67         1        1.327498e+00
        68         1        1.335295e-01
        69         1        1.248650e+00
        70         1        1.977724e+00
        71         1        6.397485e-02
        72         1       -2.426812e-01
        73         1        7.741619e-01
        74         1        6.857772e-01
        75         1       -5.080846e-01
        76         1        6.458175e-01
        77         1        3.199225e-01
        78         1       -5.286812e-02
        79         1        9.984797e-01
        80         1        6.129601e-01
        81         1       -1.565341e-01
        82         1       -2.066693e-01
        83         1       -5.792831e-01
        84         1        9.049728e-01
        85         1       -4.707483e-01
        86         1       -9.326829e-01
        87         1       -4.399799e-01
        88         1       -4.335293e-01
        89         1        2.099302e+00
        90         1        2.587959e+00
        91         1       -1.397380e-01
        92         1        5.722568e-01
        93         1       -7.335655e-01
        94         1       -1.216781e+00
        95         1       -7.786195e-01
        96         1        2.081807e-02
        97         1       -4.937533e-01
        98         1       -2.182472e-01
        99         1        3.832785e-01
       100         1        5.173484e-01
         1         2       -5.974935e-02
         2         2       -3.989484e-02
         3         2        3.627627e-01
         4         2        7.227214e-02
         5         2        8.621766e-01
         6         2        1.746444e+00
         7         2        1.386550e+00
         8         2        2.511049e-01
         9         2       -8.695273e-01
        10         2       -1.272788e+00
        11         2       -3.444131e-01
        12         2        6.625501e-01
        13         2       -9.689253e-01
        14         2       -7.734388e-01
        15         2        2.891734e+00
        16         2        1.668076e+00
        17         2        1.109010e+00
        18         2       -1.247223e+00
        19         2       -7.485871e-01
        20         2        2.221714e-01
        21         2        2.395582e-01
        22         2       -7.152873e-01
        23         2       -3.405104e-01
        24         2        4.506904e-02
        25         2        1.302198e-01
        26         2        4.613910e-01
        27         2        1.038602e+00
        28         2       -8.029917e-01
        29         2       -1.814403e+00
        30         2        9.257671e-02
        31         2        1.991305e-01
        32         2        1.261290e+00
        33         2        7.371316e-01
        34         2        4.104298e-02
        35         2        5.980465e-02
        36         2        4.679362e-01
        37         2        8.802689e-01
        38         2        2.154412e-02
        39         2        9.820374e-01
        40         2       -1.598268e+00
        41         2        1.715710e+00
        42         2        8.430211e-01
        43         2       -2.934866e-02
        44         2       -3.462333e-01
        45         2        5.062295e-01
        46         2        4.807062e-01
        47         2        2.109887e+00
        48         2        7.036732e-01
        49         2       -1.941461e+00
        50         2        5.627046e-01
        51         2       -5.994950e-01
        52         2        9.965095e-01
        53         2        1.123892e+00
        54         2       -3.547315e-01
        55         2       -1.317480e+00
        56         2       -1.019496e+00
        57         2        1.234015e+00
        58         2       -1.079427e+00
        59         2       -3.956379e-01
        60         2        2.260984e+00
        61         2       -2.523234e-01
        62         2        8.872389e-01
        63         2       -1.115703e+00
        64         2        4.885646e-01
        65         2        4.466791e-01
        66         2       -2.140340e-01
        67         2        1.289382e+00
        68         2       -1.435245e-01
        69         2       -4.554565e-01
        70         2       -1.362132e+00
        71         2       -5.483612e-03
        72         2       -7.783424e-02
        73         2        6.141260e-01
        74         2        1.336556e+00
        75         2       -9.159541e-02
        76         2        7.952474e-01
        77         2        4.921015e-01
        78         2       -2.049461e+00
        79         2       -5.283853e-01
        80         2       -3.641724e-01
        81         2       -3.048185e-01
        82         2       -7.095426e-01
        83         2       -8.928361e-01
        84         2       -1.158963e+00
        85         2        3.780711e-02
        86         2        1.914069e+00
        87         2       -5.780219e-01
        88         2       -1.561058e-01
        89         2       -8.506025e-02
        90         2       -2.519517e-01
        91         2        1.107490e+00
        92         2       -2.294004e+00
        93         2       -1.305532e+00
        94         2        7.366497e-01
        95         2       -5.239456e-01
        96         2        4.229041e-01
        97         2       -1.185596e-01
        98         2       -4.716822e-01
        99         2       -7.510830e-01
       100         2       -8.081136e-01
         1         3        1.479473e+00
         2         3       -1.616310e+00
         3         3        7.578362e-01
         4         3       -1.689223e+00
         5         3       -2.071645e+00
         6         3        2.181708e-01
         7         3       -1.968464e-01
         8         3        5.565997e-01
         9         3       -1.448723e+00
        10         3       -1.462225e+00
        11         3        1.752648e+00
        12         3        3.780675e-01
        13         3       -1.985901e-01
        14         3        7.798015e-01
        15         3        6.019200e-01
        16         3       -5.385991e-01
        17         3        1.216243e+00
        18         3        6.566498e-01
        19         3        1.995115e-01
        20         3       -4.637403e-01
        21         3       -1.543453e+00
        22         3        6.176141e-01
        23         3       -2.490246e+00
        24         3       -1.787580e-01
        25         3       -1.095150e+00
        26         3       -1.422615e+00
        27         3       -1.542939e+00
        28         3       -3.289234e-01
        29         3       -5.323221e-01
        30         3        2.128526e+00
        31         3       -1.124441e+00
        32         3        8.935772e-02
        33         3        1.481068e+00
        34         3        5.320412e-01
        35         3       -8.945048e-01
        36         3        7.721316e-01
        37         3        3.780604e-01
        38         3        1.940426e+00
        39         3        1.652089e+00
        40         3        1.195100e+00
        41         3        4.481624e-01
        42         3       -5.770887e-01
        43         3       -3.997956e-01
        44         3        1.365360e+00
        45         3        7.278777e-01
        46         3        1.562462e-01
        47         3       -8.987171e-01
        48         3       -1.917941e+00
        49         3        1.418062e+00
        50         3        1.269889e+00
        51         3       -4.151401e-01
        52         3       -1.562651e-01
        53         3       -7.195432e-01
        54         3        4.778631e-01
        55         3       -9.543887e-01
        56         3       -1.068100e-01
        57         3        1.714178e+00
        58         3        7.360683e-01
        59         3       -1.495330e+00
        60         3        1.564482e+00
        61         3       -7.319937e-01
        62         3        1.346820e+00
        63         3        5.514275e-01
        64         3       -1.625179e-01
        65         3        6.960818e-01
        66         3        1.218011e+00
        67         3        8.882990e-01
        68         3        1.221218e-02
        69         3        7.918100e-01
        70         3        1.325698e+00
        71         3        2.222971e-01
        72         3       -2.465849e+00
        73         3       -3.544144e-01
        74         3       -7.446512e-01
        75         3       -7.723215e-01
        76         3       -7.287379e-01
        77         3       -7.602307e-03
        78         3        1.172598e+00
        79         3       -1.723516e+00
        80         3        2.272226e+00
        81         3       -7.915361e-01
        82         3       -2.997290e-01
        83         3       -8.024415e-01
        84         3        2.882052e-01
        85         3       -1.080441e+00
        86         3        1.043018e-01
        87         3        1.548889e-01
        88         3        1.407660e-01
        89         3       -5.643759e-02
        90         3        6.634976e-01
        91         3       -4.319431e-01
        92         3       -1.376231e+00
        93         3       -2.068955e-01
        94         3       -5.504676e-01
        95         3       -6.112101e-01
        96         3        6.751473e-01
        97         3        8.834017e-01
        98         3        7.887946e-01
        99         3        2.911934e-01
       100         3        1.797385e+00
         1         4       -1.457418e+00
         2         4       -1.008309e-01
         3         4       -4.486975e-01
         4         4       -1.652669e-01
         5         4        3.274270e-01
         6         4        9.221972e-01
         7         4       -8.875010e-01
         8         4        1.052880e+00
         9         4       -2.973480e-01
        10         4       -1.016215e-01
        11         4       -5.331931e-01
        12         4       -1.831872e+00
        13         4       -3.231959e-01
        14         4        4.987197e-01
        15         4       -1.224798e-01
        16         4       -9.433993e-01
        17         4       -2.098397e-01
        18         4       -3.665032e-01
        19         4       -7.291241e-01
        20         4       -1.188130e+00
        21         4        1.141547e+00
        22         4       -8.278898e-01
        23         4       -2.303796e+00
        24         4       -5.815803e-01
        25         4        6.005017e-01
        26         4       -1.681307e-01
        27         4        5.903001e-01
        28         4       -1.997292e+00
        29         4       -9.628554e-01
        30         4       -8.859374e-01
        31         4        1.116590e+00
        32         4        6.017904e-02
        33         4        1.183009e-01
        34         4       -2.692931e-01
        35         4        2.629948e-01
        36         4       -3.951333e-01
        37         4        1.156973e+00
        38         4        3.256877e-01
        39         4        4.242372e-01
        40         4        1.377898e-01
        41         4        1.524770e+00
        42         4       -4.738066e-01
        43         4        9.746410e-01
        44         4       -2.664704e-01
        45         4        6.663527e-02
        46         4       -3.035939e-01
        47         4        7.413889e-01
        48         4        2.462838e+00
        49         4       -8.354677e-02
        50         4        7.410466e-01
        51         4        1.515207e+00
        52         4        4.797582e-01
        53         4        6.476886e-01
        54         4        4.339579e-01
        55         4        4.246122e-01
        56         4        3.122747e-02
        57         4       -1.239493e+00
        58         4       -7.743059e-01
        59         4        4.565773e-01
        60         4       -5.528024e-02
        61         4       -1.718599e+00
        62         4        1.107826e+00
        63         4       -5.425186e-01
        64         4       -7.759702e-01
        65         4       -3.147356e+00
        66         4        7.196658e-01
        67         4        3.148391e-01
        68         4        3.387974e-01
        69         4       -1.424059e+00
        70         4       -2.004704e+00
        71         4       -7.250082e-01
        72         4        6.488290e-01
        73         4       -1.141267e+00
        74         4        1.799182e+00
        75         4       -1.922634e+00
        76         4        1.353360e+00
        77         4       -1.671276e+00
        78         4       -4.276145e-01
        79         4       -1.704968e-01
        80         4       -8.630718e-01
        81         4       -7.311732e-01
        82         4       -1.187867e-01
        83         4        5.241369e-02
        84         4       -8.035927e-01
        85         4       -3.470713e-01
        86         4       -1.132701e-01
        87         4       -8.407887e-01
        88         4       -7.139633e-01
        89         4       -1.311878e+00
        90         4       -1.149964e+00
        91         4       -1.994038e+00
        92         4       -2.556187e-01
        93         4       -8.768657e-01
        94         4       -2.092938e+00
        95         4        1.938869e+00
        96         4        3.203802e-01
        97         4       -2.942400e-01
        98         4        1.217971e+00
        99         4        3.316260e-01
       100         4       -1.140498e+00
         1         5       -6.883680e-01
         2         5       -1.749615e+00
         3         5        6.128795e-01
         4         5        2.028063e+00
         5         5       -8.715137e-01
         6         5       -6.778968e-02
         7         5        1.561578e+00
         8         5        1.505757e+00
         9         5       -5.964157e-01
        10         5        6.447464e-01
        11         5        9.928593e-01
        12         5        1.056152e+00
        13         5       -1.329812e-01
        14         5       -4.987478e-01
        15         5       -9.195667e-01
        16         5       -8.856743e-01
        17         5        1.683640e+00
        18         5       -3.893707e-01
        19         5       -6.431225e-01
        20         5        4.060022e-02
        21         5       -2.912300e-01
        22         5        6.785390e-01
        23         5       -2.736650e-01
        24         5        7.270224e-01
        25         5       -7.460924e-01
        26         5        6.236009e-01
        27         5       -1.141485e+00
        28         5       -3.178475e-01
        29         5        1.412992e-01
        30         5        9.028815e-01
        31         5       -1.357194e+00
        32         5        1.129157e-01
        33         5        4.928003e-01
        34         5        5.208308e-01
        35         5        8.061945e-04
        36         5       -1.274670e-01
        37         5        2.437121e-02
        38         5        1.737994e+00
        39         5       -1.287240e+00
        40         5       -6.321116e-01
        41         5       -6.328798e-01
        42         5       -2.434243e-01
        43         5        3.880279e-01
        44         5        1.353206e+00
        45         5        4.555769e-02
        46         5       -2.916986e-01
        47         5        1.030128e+00
        48         5       -4.343582e-01
        49         5        1.733924e+00
        50         5        1.410928e+00
        51         5        5.975546e-02
        52         5        1.169031e+00
        53         5        3.059978e-01
        54         5       -2.889174e-01
        55         5        9.501145e-02
        56         5        1.220995e+00
        57         5       -3.363697e-01
        58         5       -3.349664e-01
        59         5        8.817140e-01
        60         5       -1.835167e-01
        61         5       -6.103016e-01
        62         5        4.374945e-02
        63         5       -2.212110e-01
        64         5       -5.626662e-01
        65         5        3.391313e-01
        66         5       -2.141698e+00
        67         5       -1.079631e+00
        68         5       -5.562636e-01
        69         5       -6.238264e-01
        70         5        1.000552e+00
        71         5        1.197991e+00
        72         5        7.191616e-01
        73         5        1.009220e+00
        74         5        2.237619e-01
        75         5       -1.024729e+00
        76         5       -8.528315e-01
        77         5       -3.598663e-01
        78         5       -7.213674e-02
        79         5       -4.552866e-01
        80         5        6.271705e-02
        81         5       -1.974281e+00
        82         5       -2.691247e-01
        83         5       -7.978372e-01
        84         5        1.286947e+00
        85         5        9.558077e-02
        86         5        2.163330e+00
        87         5       -1.078197e+00
        88         5        7.115779e-01
        89         5       -2.640769e-01
        90         5        6.187284e-01
        91         5        9.754983e-01
        92         5       -1.056568e-02
        93         5        4.071444e-01
        94         5        2.189343e-01
        95         5        8.102879e-01
        96         5       -6.818696e-01
        97         5       -9.127274e-01
        98         5        1.580324e+00
        99         5       -7.604065e-01
       100         5       -6.436148e-01
;
param X_Original:=
    1       -2.772941e-01
    2        9.550122e-02
    3       -1.719788e-01
    4        4.202164e+00
    5       -1.511834e-02
    6       -8.509470e-01
    7        1.681007e+00
    8       -1.424256e+00
    9        8.307855e-01
   10        3.267015e+00
   11        1.442570e+00
   12        3.377638e+00
   13        1.401990e+00
   14       -1.222902e+00
   15       -3.764209e+00
   16       -7.736337e-01
   17       -6.401158e-03
   18        1.421897e-01
   19        1.066658e+00
   20        1.806564e+00
   21        6.948682e-01
   22        1.339256e+00
   23        5.242886e+00
   24        4.942083e-01
   25       -8.155625e-01
   26        1.351367e+00
   27       -1.130481e+00
   28        3.186044e+00
   29        2.792398e+00
   30       -5.284259e-01
   31       -6.685125e-01
   32       -2.608654e-01
   33       -1.380716e+00
   34       -4.763355e-01
   35        2.454103e-01
   36       -1.261221e+00
   37       -4.247720e+00
   38       -2.096084e-01
   39        9.527587e-01
   40       -1.071370e+00
   41       -5.176343e+00
   42       -2.610087e-01
   43       -6.370176e-01
   44       -3.403207e-01
   45       -8.893063e-01
   46       -9.408374e-01
   47        2.127980e-01
   48       -4.137298e+00
   49        1.345638e+00
   50        3.928319e-01
   51        6.406816e-01
   52        4.241199e-01
   53       -1.751614e+00
   54       -2.571386e-01
   55        7.962297e-01
   56        2.307418e+00
   57       -1.275824e-02
   58        3.276385e-01
   59        9.445756e-01
   60       -2.041520e+00
   61        9.236365e-02
   62       -4.006638e+00
   63        1.387401e+00
   64        7.350455e-01
   65        3.671671e+00
   66       -4.750654e+00
   67       -4.260391e+00
   68       -1.085669e+00
   69       -1.774503e-01
   70        2.079669e+00
   71        2.075909e+00
   72        2.438992e+00
   73        1.985901e+00
   74       -2.767638e+00
   75       -1.020204e+00
   76       -3.062686e+00
   77        1.165806e+00
   78        8.465946e-01
   79        8.978236e-01
   80       -1.042490e+00
   81       -3.252163e-01
   82        7.375047e-01
   83        7.423485e-01
   84        2.417662e+00
   85        1.827533e+00
   86        1.903844e+00
   87        3.891347e-01
   88        2.020391e+00
   89       -1.298444e+00
   90       -4.763220e-02
   91        3.410211e+00
   92       -1.076151e+00
   93        3.184499e+00
   94        3.774187e+00
   95       -8.918380e-02
   96       -2.109700e+00
   97       -1.047536e+00
   98        4.250626e-02
   99       -1.323088e+00
  100       -7.108777e-01
;
param outliervec_original :=
    1    0
    2    0
    3    0
    4    0
    5    0
    6    0
    7    0
    8    0
    9    0
   10    0
   11    0
   12    0
   13    0
   14    0
   15    0
   16    0
   17    0
   18    0
   19    0
   20    0
   21    1
   22    0
   23    0
   24    0
   25    0
   26    0
   27    0
   28    0
   29    0
   30    0
   31    1
   32    1
   33    0
   34    0
   35    0
   36    0
   37    0
   38    0
   39    1
   40    0
   41    0
   42    1
   43    0
   44    0
   45    0
   46    0
   47    0
   48    0
   49    0
   50    0
   51    0
   52    0
   53    0
   54    0
   55    0
   56    0
   57    1
   58    0
   59    0
   60    0
   61    1
   62    0
   63    0
   64    0
   65    0
   66    0
   67    0
   68    0
   69    0
   70    0
   71    0
   72    0
   73    0
   74    0
   75    1
   76    0
   77    0
   78    0
   79    0
   80    0
   81    0
   82    0
   83    0
   84    0
   85    0
   86    0
   87    0
   88    0
   89    1
   90    0
   91    0
   92    1
   93    0
   94    0
   95    0
   96    0
   97    0
   98    0
   99    0
  100    0
;
param d:= 96;
param r:=5;
param p:=0.100000;
param M:=1000;
param U:=
         1         1        8.062933e-02
         2         1       -7.387417e-01
         3         1        7.550675e-01
         4         1       -2.474263e-01
         5         1       -2.063642e-01
         6         1       -2.565092e+00
         7         1        7.051029e-01
         8         1        1.643963e+00
         9         1        1.073803e+00
        10         1       -2.991675e-01
        11         1       -1.354696e+00
        12         1       -8.618625e-01
        13         1       -4.338515e-01
        14         1       -2.379367e-01
        15         1        4.864193e-01
        16         1        4.250306e-01
        17         1        5.375504e-01
        18         1        1.953483e-01
        19         1       -7.814482e-01
        20         1        3.337620e-02
        21         1       -4.943666e-01
        22         1        6.264328e-01
        23         1       -2.110720e-01
        24         1        1.743590e+00
        25         1        1.094681e-01
        26         1        7.817286e-01
        27         1       -3.876052e-01
        28         1       -2.217518e-01
        29         1        4.569976e-01
        30         1        1.049564e+00
        31         1        3.219372e-01
        32         1        9.714854e-02
        33         1       -4.459950e-02
        34         1        1.310598e+00
        35         1        2.563995e-01
        36         1        8.654681e-01
        37         1        2.649942e+00
        38         1        7.856126e-02
        39         1        2.590721e-01
        40         1        1.312372e+00
        41         1        3.958219e-01
        42         1        3.140445e-01
        43         1        1.800578e+00
        44         1       -2.002455e-01
        45         1        7.455873e-01
        46         1       -8.610535e-01
        47         1        2.460156e+00
        48         1        1.176432e+00
        49         1       -1.754639e+00
        50         1       -2.466747e+00
        51         1       -3.155256e-01
        52         1        1.651279e+00
        53         1       -1.170499e+00
        54         1        7.540157e-01
        55         1       -2.000623e-01
        56         1        2.158740e-01
        57         1        4.998423e-01
        58         1        1.575170e+00
        59         1       -1.493500e+00
        60         1        1.181350e+00
        61         1       -9.749440e-01
        62         1       -8.302275e-01
        63         1       -2.602720e-01
        64         1        5.763006e-01
        65         1        1.327498e+00
        66         1        1.335295e-01
        67         1        1.248650e+00
        68         1        1.977724e+00
        69         1        6.397485e-02
        70         1       -2.426812e-01
        71         1        7.741619e-01
        72         1        6.857772e-01
        73         1        6.458175e-01
        74         1        3.199225e-01
        75         1       -5.286812e-02
        76         1        9.984797e-01
        77         1        6.129601e-01
        78         1       -1.565341e-01
        79         1       -2.066693e-01
        80         1       -5.792831e-01
        81         1        9.049728e-01
        82         1       -4.707483e-01
        83         1       -9.326829e-01
        84         1       -4.399799e-01
        85         1       -4.335293e-01
        86         1        2.099302e+00
        87         1        2.587959e+00
        88         1       -1.397380e-01
        89         1       -7.335655e-01
        90         1       -1.216781e+00
        91         1       -7.786195e-01
        92         1        2.081807e-02
        93         1       -4.937533e-01
        94         1       -2.182472e-01
        95         1        3.832785e-01
        96         1        5.173484e-01
         1         2       -5.974935e-02
         2         2       -3.989484e-02
         3         2        3.627627e-01
         4         2        7.227214e-02
         5         2        8.621766e-01
         6         2        1.746444e+00
         7         2        1.386550e+00
         8         2        2.511049e-01
         9         2       -8.695273e-01
        10         2       -1.272788e+00
        11         2       -3.444131e-01
        12         2        6.625501e-01
        13         2       -9.689253e-01
        14         2       -7.734388e-01
        15         2        2.891734e+00
        16         2        1.668076e+00
        17         2        1.109010e+00
        18         2       -1.247223e+00
        19         2       -7.485871e-01
        20         2        2.221714e-01
        21         2        2.395582e-01
        22         2       -7.152873e-01
        23         2       -3.405104e-01
        24         2        4.506904e-02
        25         2        1.302198e-01
        26         2        4.613910e-01
        27         2        1.038602e+00
        28         2       -8.029917e-01
        29         2       -1.814403e+00
        30         2        9.257671e-02
        31         2        1.991305e-01
        32         2        1.261290e+00
        33         2        7.371316e-01
        34         2        4.104298e-02
        35         2        5.980465e-02
        36         2        4.679362e-01
        37         2        8.802689e-01
        38         2        2.154412e-02
        39         2       -1.598268e+00
        40         2        1.715710e+00
        41         2        8.430211e-01
        42         2       -2.934866e-02
        43         2       -3.462333e-01
        44         2        5.062295e-01
        45         2        4.807062e-01
        46         2        2.109887e+00
        47         2        7.036732e-01
        48         2       -1.941461e+00
        49         2        5.627046e-01
        50         2       -5.994950e-01
        51         2        9.965095e-01
        52         2        1.123892e+00
        53         2       -3.547315e-01
        54         2       -1.317480e+00
        55         2       -1.019496e+00
        56         2        1.234015e+00
        57         2       -1.079427e+00
        58         2       -3.956379e-01
        59         2        2.260984e+00
        60         2        8.872389e-01
        61         2       -1.115703e+00
        62         2        4.885646e-01
        63         2        4.466791e-01
        64         2       -2.140340e-01
        65         2        1.289382e+00
        66         2       -1.435245e-01
        67         2       -4.554565e-01
        68         2       -1.362132e+00
        69         2       -5.483612e-03
        70         2       -7.783424e-02
        71         2        6.141260e-01
        72         2        1.336556e+00
        73         2        7.952474e-01
        74         2        4.921015e-01
        75         2       -2.049461e+00
        76         2       -5.283853e-01
        77         2       -3.641724e-01
        78         2       -3.048185e-01
        79         2       -7.095426e-01
        80         2       -8.928361e-01
        81         2       -1.158963e+00
        82         2        3.780711e-02
        83         2        1.914069e+00
        84         2       -5.780219e-01
        85         2       -1.561058e-01
        86         2       -8.506025e-02
        87         2       -2.519517e-01
        88         2        1.107490e+00
        89         2       -1.305532e+00
        90         2        7.366497e-01
        91         2       -5.239456e-01
        92         2        4.229041e-01
        93         2       -1.185596e-01
        94         2       -4.716822e-01
        95         2       -7.510830e-01
        96         2       -8.081136e-01
         1         3        1.479473e+00
         2         3       -1.616310e+00
         3         3        7.578362e-01
         4         3       -1.689223e+00
         5         3       -2.071645e+00
         6         3        2.181708e-01
         7         3       -1.968464e-01
         8         3        5.565997e-01
         9         3       -1.448723e+00
        10         3       -1.462225e+00
        11         3        1.752648e+00
        12         3        3.780675e-01
        13         3       -1.985901e-01
        14         3        7.798015e-01
        15         3        6.019200e-01
        16         3       -5.385991e-01
        17         3        1.216243e+00
        18         3        6.566498e-01
        19         3        1.995115e-01
        20         3       -4.637403e-01
        21         3       -1.543453e+00
        22         3        6.176141e-01
        23         3       -2.490246e+00
        24         3       -1.787580e-01
        25         3       -1.095150e+00
        26         3       -1.422615e+00
        27         3       -1.542939e+00
        28         3       -3.289234e-01
        29         3       -5.323221e-01
        30         3        2.128526e+00
        31         3       -1.124441e+00
        32         3        8.935772e-02
        33         3        1.481068e+00
        34         3        5.320412e-01
        35         3       -8.945048e-01
        36         3        7.721316e-01
        37         3        3.780604e-01
        38         3        1.940426e+00
        39         3        1.195100e+00
        40         3        4.481624e-01
        41         3       -5.770887e-01
        42         3       -3.997956e-01
        43         3        1.365360e+00
        44         3        7.278777e-01
        45         3        1.562462e-01
        46         3       -8.987171e-01
        47         3       -1.917941e+00
        48         3        1.418062e+00
        49         3        1.269889e+00
        50         3       -4.151401e-01
        51         3       -1.562651e-01
        52         3       -7.195432e-01
        53         3        4.778631e-01
        54         3       -9.543887e-01
        55         3       -1.068100e-01
        56         3        1.714178e+00
        57         3        7.360683e-01
        58         3       -1.495330e+00
        59         3        1.564482e+00
        60         3        1.346820e+00
        61         3        5.514275e-01
        62         3       -1.625179e-01
        63         3        6.960818e-01
        64         3        1.218011e+00
        65         3        8.882990e-01
        66         3        1.221218e-02
        67         3        7.918100e-01
        68         3        1.325698e+00
        69         3        2.222971e-01
        70         3       -2.465849e+00
        71         3       -3.544144e-01
        72         3       -7.446512e-01
        73         3       -7.287379e-01
        74         3       -7.602307e-03
        75         3        1.172598e+00
        76         3       -1.723516e+00
        77         3        2.272226e+00
        78         3       -7.915361e-01
        79         3       -2.997290e-01
        80         3       -8.024415e-01
        81         3        2.882052e-01
        82         3       -1.080441e+00
        83         3        1.043018e-01
        84         3        1.548889e-01
        85         3        1.407660e-01
        86         3       -5.643759e-02
        87         3        6.634976e-01
        88         3       -4.319431e-01
        89         3       -2.068955e-01
        90         3       -5.504676e-01
        91         3       -6.112101e-01
        92         3        6.751473e-01
        93         3        8.834017e-01
        94         3        7.887946e-01
        95         3        2.911934e-01
        96         3        1.797385e+00
         1         4       -1.457418e+00
         2         4       -1.008309e-01
         3         4       -4.486975e-01
         4         4       -1.652669e-01
         5         4        3.274270e-01
         6         4        9.221972e-01
         7         4       -8.875010e-01
         8         4        1.052880e+00
         9         4       -2.973480e-01
        10         4       -1.016215e-01
        11         4       -5.331931e-01
        12         4       -1.831872e+00
        13         4       -3.231959e-01
        14         4        4.987197e-01
        15         4       -1.224798e-01
        16         4       -9.433993e-01
        17         4       -2.098397e-01
        18         4       -3.665032e-01
        19         4       -7.291241e-01
        20         4       -1.188130e+00
        21         4        1.141547e+00
        22         4       -8.278898e-01
        23         4       -2.303796e+00
        24         4       -5.815803e-01
        25         4        6.005017e-01
        26         4       -1.681307e-01
        27         4        5.903001e-01
        28         4       -1.997292e+00
        29         4       -9.628554e-01
        30         4       -8.859374e-01
        31         4        1.116590e+00
        32         4        6.017904e-02
        33         4        1.183009e-01
        34         4       -2.692931e-01
        35         4        2.629948e-01
        36         4       -3.951333e-01
        37         4        1.156973e+00
        38         4        3.256877e-01
        39         4        1.377898e-01
        40         4        1.524770e+00
        41         4       -4.738066e-01
        42         4        9.746410e-01
        43         4       -2.664704e-01
        44         4        6.663527e-02
        45         4       -3.035939e-01
        46         4        7.413889e-01
        47         4        2.462838e+00
        48         4       -8.354677e-02
        49         4        7.410466e-01
        50         4        1.515207e+00
        51         4        4.797582e-01
        52         4        6.476886e-01
        53         4        4.339579e-01
        54         4        4.246122e-01
        55         4        3.122747e-02
        56         4       -1.239493e+00
        57         4       -7.743059e-01
        58         4        4.565773e-01
        59         4       -5.528024e-02
        60         4        1.107826e+00
        61         4       -5.425186e-01
        62         4       -7.759702e-01
        63         4       -3.147356e+00
        64         4        7.196658e-01
        65         4        3.148391e-01
        66         4        3.387974e-01
        67         4       -1.424059e+00
        68         4       -2.004704e+00
        69         4       -7.250082e-01
        70         4        6.488290e-01
        71         4       -1.141267e+00
        72         4        1.799182e+00
        73         4        1.353360e+00
        74         4       -1.671276e+00
        75         4       -4.276145e-01
        76         4       -1.704968e-01
        77         4       -8.630718e-01
        78         4       -7.311732e-01
        79         4       -1.187867e-01
        80         4        5.241369e-02
        81         4       -8.035927e-01
        82         4       -3.470713e-01
        83         4       -1.132701e-01
        84         4       -8.407887e-01
        85         4       -7.139633e-01
        86         4       -1.311878e+00
        87         4       -1.149964e+00
        88         4       -1.994038e+00
        89         4       -8.768657e-01
        90         4       -2.092938e+00
        91         4        1.938869e+00
        92         4        3.203802e-01
        93         4       -2.942400e-01
        94         4        1.217971e+00
        95         4        3.316260e-01
        96         4       -1.140498e+00
         1         5       -6.883680e-01
         2         5       -1.749615e+00
         3         5        6.128795e-01
         4         5        2.028063e+00
         5         5       -8.715137e-01
         6         5       -6.778968e-02
         7         5        1.561578e+00
         8         5        1.505757e+00
         9         5       -5.964157e-01
        10         5        6.447464e-01
        11         5        9.928593e-01
        12         5        1.056152e+00
        13         5       -1.329812e-01
        14         5       -4.987478e-01
        15         5       -9.195667e-01
        16         5       -8.856743e-01
        17         5        1.683640e+00
        18         5       -3.893707e-01
        19         5       -6.431225e-01
        20         5        4.060022e-02
        21         5       -2.912300e-01
        22         5        6.785390e-01
        23         5       -2.736650e-01
        24         5        7.270224e-01
        25         5       -7.460924e-01
        26         5        6.236009e-01
        27         5       -1.141485e+00
        28         5       -3.178475e-01
        29         5        1.412992e-01
        30         5        9.028815e-01
        31         5       -1.357194e+00
        32         5        1.129157e-01
        33         5        4.928003e-01
        34         5        5.208308e-01
        35         5        8.061945e-04
        36         5       -1.274670e-01
        37         5        2.437121e-02
        38         5        1.737994e+00
        39         5       -6.321116e-01
        40         5       -6.328798e-01
        41         5       -2.434243e-01
        42         5        3.880279e-01
        43         5        1.353206e+00
        44         5        4.555769e-02
        45         5       -2.916986e-01
        46         5        1.030128e+00
        47         5       -4.343582e-01
        48         5        1.733924e+00
        49         5        1.410928e+00
        50         5        5.975546e-02
        51         5        1.169031e+00
        52         5        3.059978e-01
        53         5       -2.889174e-01
        54         5        9.501145e-02
        55         5        1.220995e+00
        56         5       -3.363697e-01
        57         5       -3.349664e-01
        58         5        8.817140e-01
        59         5       -1.835167e-01
        60         5        4.374945e-02
        61         5       -2.212110e-01
        62         5       -5.626662e-01
        63         5        3.391313e-01
        64         5       -2.141698e+00
        65         5       -1.079631e+00
        66         5       -5.562636e-01
        67         5       -6.238264e-01
        68         5        1.000552e+00
        69         5        1.197991e+00
        70         5        7.191616e-01
        71         5        1.009220e+00
        72         5        2.237619e-01
        73         5       -8.528315e-01
        74         5       -3.598663e-01
        75         5       -7.213674e-02
        76         5       -4.552866e-01
        77         5        6.271705e-02
        78         5       -1.974281e+00
        79         5       -2.691247e-01
        80         5       -7.978372e-01
        81         5        1.286947e+00
        82         5        9.558077e-02
        83         5        2.163330e+00
        84         5       -1.078197e+00
        85         5        7.115779e-01
        86         5       -2.640769e-01
        87         5        6.187284e-01
        88         5        9.754983e-01
        89         5        4.071444e-01
        90         5        2.189343e-01
        91         5        8.102879e-01
        92         5       -6.818696e-01
        93         5       -9.127274e-01
        94         5        1.580324e+00
        95         5       -7.604065e-01
        96         5       -6.436148e-01
;

param theta:=
    1       -7.003498e-01
    2       -6.827019e-01
    3       -8.971142e-01
    4       -1.278941e+00
    5        1.159046e+00
;
param X_true:=
    1       -2.772941e-01
    2        9.550122e-02
    3       -1.719788e-01
    4        4.202164e+00
    5       -1.511834e-02
    6       -8.509470e-01
    7        1.681007e+00
    8       -1.424256e+00
    9        8.307855e-01
   10        3.267015e+00
   11        1.442570e+00
   12        3.377638e+00
   13        1.401990e+00
   14       -1.222902e+00
   15       -3.764209e+00
   16       -7.736337e-01
   17       -6.401158e-03
   18        1.421897e-01
   19        1.066658e+00
   20        1.806564e+00
   21       -2.301081e-01
   22        1.339256e+00
   23        5.242886e+00
   24        4.942083e-01
   25       -8.155625e-01
   26        1.351367e+00
   27       -1.130481e+00
   28        3.186044e+00
   29        2.792398e+00
   30       -5.284259e-01
   31       -2.353641e+00
   32       -9.557768e-01
   33       -1.380716e+00
   34       -4.763355e-01
   35        2.454103e-01
   36       -1.261221e+00
   37       -4.247720e+00
   38       -2.096084e-01
   39       -1.071370e+00
   40       -5.176343e+00
   41       -9.659385e-03
   42       -6.370176e-01
   43       -3.403207e-01
   44       -8.893063e-01
   45       -9.408374e-01
   46        2.127980e-01
   47       -4.137298e+00
   48        1.345638e+00
   49        3.928319e-01
   50        6.406816e-01
   51        4.241199e-01
   52       -1.751614e+00
   53       -2.571386e-01
   54        7.962297e-01
   55        2.307418e+00
   56       -1.335805e+00
   57        3.276385e-01
   58        9.445756e-01
   59       -2.041520e+00
   60       -4.006638e+00
   61        1.387401e+00
   62        7.350455e-01
   63        3.671671e+00
   64       -4.750654e+00
   65       -4.260391e+00
   66       -1.085669e+00
   67       -1.774503e-01
   68        2.079669e+00
   69        2.075909e+00
   70        2.438992e+00
   71        1.985901e+00
   72       -2.767638e+00
   73       -3.062686e+00
   74        1.165806e+00
   75        8.465946e-01
   76        8.978236e-01
   77       -1.042490e+00
   78       -3.252163e-01
   79        7.375047e-01
   80        7.423485e-01
   81        2.417662e+00
   82        1.827533e+00
   83        1.903844e+00
   84        3.891347e-01
   85        2.020391e+00
   86        1.102786e-02
   87       -4.763220e-02
   88        3.410211e+00
   89        3.184499e+00
   90        3.774187e+00
   91       -8.918380e-02
   92       -2.109700e+00
   93       -1.047536e+00
   94        4.250626e-02
   95       -1.323088e+00
   96       -7.108777e-01
;
param X:=
    1       -2.772941e-01
    2        9.550122e-02
    3       -1.719788e-01
    4        4.202164e+00
    5       -1.511834e-02
    6       -8.509470e-01
    7        1.681007e+00
    8       -1.424256e+00
    9        8.307855e-01
   10        3.267015e+00
   11        1.442570e+00
   12        3.377638e+00
   13        1.401990e+00
   14       -1.222902e+00
   15       -3.764209e+00
   16       -7.736337e-01
   17       -6.401158e-03
   18        1.421897e-01
   19        1.066658e+00
   20        1.806564e+00
   21        6.948682e-01
   22        1.339256e+00
   23        5.242886e+00
   24        4.942083e-01
   25       -8.155625e-01
   26        1.351367e+00
   27       -1.130481e+00
   28        3.186044e+00
   29        2.792398e+00
   30       -5.284259e-01
   31       -6.685125e-01
   32       -2.608654e-01
   33       -1.380716e+00
   34       -4.763355e-01
   35        2.454103e-01
   36       -1.261221e+00
   37       -4.247720e+00
   38       -2.096084e-01
   39       -1.071370e+00
   40       -5.176343e+00
   41       -2.610087e-01
   42       -6.370176e-01
   43       -3.403207e-01
   44       -8.893063e-01
   45       -9.408374e-01
   46        2.127980e-01
   47       -4.137298e+00
   48        1.345638e+00
   49        3.928319e-01
   50        6.406816e-01
   51        4.241199e-01
   52       -1.751614e+00
   53       -2.571386e-01
   54        7.962297e-01
   55        2.307418e+00
   56       -1.275824e-02
   57        3.276385e-01
   58        9.445756e-01
   59       -2.041520e+00
   60       -4.006638e+00
   61        1.387401e+00
   62        7.350455e-01
   63        3.671671e+00
   64       -4.750654e+00
   65       -4.260391e+00
   66       -1.085669e+00
   67       -1.774503e-01
   68        2.079669e+00
   69        2.075909e+00
   70        2.438992e+00
   71        1.985901e+00
   72       -2.767638e+00
   73       -3.062686e+00
   74        1.165806e+00
   75        8.465946e-01
   76        8.978236e-01
   77       -1.042490e+00
   78       -3.252163e-01
   79        7.375047e-01
   80        7.423485e-01
   81        2.417662e+00
   82        1.827533e+00
   83        1.903844e+00
   84        3.891347e-01
   85        2.020391e+00
   86       -1.298444e+00
   87       -4.763220e-02
   88        3.410211e+00
   89        3.184499e+00
   90        3.774187e+00
   91       -8.918380e-02
   92       -2.109700e+00
   93       -1.047536e+00
   94        4.250626e-02
   95       -1.323088e+00
   96       -7.108777e-01
;
param outliervec:=
    1    0
    2    0
    3    0
    4    0
    5    0
    6    0
    7    0
    8    0
    9    0
   10    0
   11    0
   12    0
   13    0
   14    0
   15    0
   16    0
   17    0
   18    0
   19    0
   20    0
   21    1
   22    0
   23    0
   24    0
   25    0
   26    0
   27    0
   28    0
   29    0
   30    0
   31    1
   32    1
   33    0
   34    0
   35    0
   36    0
   37    0
   38    0
   39    0
   40    0
   41    1
   42    0
   43    0
   44    0
   45    0
   46    0
   47    0
   48    0
   49    0
   50    0
   51    0
   52    0
   53    0
   54    0
   55    0
   56    1
   57    0
   58    0
   59    0
   60    0
   61    0
   62    0
   63    0
   64    0
   65    0
   66    0
   67    0
   68    0
   69    0
   70    0
   71    0
   72    0
   73    0
   74    0
   75    0
   76    0
   77    0
   78    0
   79    0
   80    0
   81    0
   82    0
   83    0
   84    0
   85    0
   86    1
   87    0
   88    0
   89    0
   90    0
   91    0
   92    0
   93    0
   94    0
   95    0
   96    0
; 
param greedy_time :=         8.124677e-02
;