data;


param FN:= 0;
param D:= 100;
param U_Original:=
         1         1       -1.127251e+00
         2         1        4.907946e-01
         3         1       -1.250693e+00
         4         1       -4.810916e-01
         5         1        9.252028e-01
         6         1        1.238710e+00
         7         1        1.745490e+00
         8         1       -2.531728e+00
         9         1        2.215728e+00
        10         1       -2.075013e-01
        11         1       -2.838216e-01
        12         1        1.123377e+00
        13         1       -1.951528e-01
        14         1        1.971310e+00
        15         1        6.818230e-01
        16         1        6.304715e-01
        17         1       -3.343443e-01
        18         1        9.906899e-02
        19         1        3.340119e-01
        20         1        1.653961e+00
        21         1        6.529541e-01
        22         1       -1.663764e+00
        23         1       -1.484697e+00
        24         1       -2.662867e-01
        25         1        1.161547e+00
        26         1       -9.251354e-01
        27         1       -9.225200e-01
        28         1       -4.450656e-01
        29         1       -7.149067e-02
        30         1        1.194785e+00
        31         1       -3.843108e-01
        32         1        9.861632e-01
        33         1        7.681635e-01
        34         1       -1.102862e-01
        35         1        2.298587e-01
        36         1       -2.112996e+00
        37         1       -2.473644e-01
        38         1       -1.015975e+00
        39         1        2.871150e-01
        40         1       -6.580111e-01
        41         1        4.817718e-01
        42         1       -1.623872e+00
        43         1       -1.055708e+00
        44         1       -3.319117e-01
        45         1       -5.848338e-01
        46         1        2.716516e-02
        47         1       -1.123208e-01
        48         1       -1.215491e-02
        49         1       -1.672627e-01
        50         1       -1.033428e+00
        51         1       -1.450197e-01
        52         1        3.508050e-01
        53         1        1.756915e-01
        54         1        1.122103e+00
        55         1        7.888736e-02
        56         1        1.466038e-01
        57         1       -1.138546e+00
        58         1       -8.913506e-02
        59         1        1.210202e+00
        60         1        3.132040e-01
        61         1       -9.198344e-02
        62         1       -1.027297e+00
        63         1        7.863825e-01
        64         1        1.940558e+00
        65         1        3.545857e-01
        66         1       -2.075493e+00
        67         1       -1.149442e+00
        68         1       -4.425367e-01
        69         1       -1.767525e+00
        70         1       -1.294460e-01
        71         1        5.906238e-01
        72         1       -2.796454e+00
        73         1        2.634313e+00
        74         1        1.025209e-01
        75         1       -5.092701e-01
        76         1       -7.677164e-01
        77         1       -1.003533e+00
        78         1       -1.277631e+00
        79         1       -8.723153e-01
        80         1       -2.916287e-01
        81         1        2.078133e-03
        82         1        2.133699e+00
        83         1       -1.384037e+00
        84         1        4.591920e-01
        85         1        1.374813e+00
        86         1        4.371872e-01
        87         1       -9.076490e-01
        88         1        1.687306e+00
        89         1       -6.453702e-01
        90         1       -1.976874e-01
        91         1       -4.450642e-01
        92         1       -5.889554e-01
        93         1       -7.457241e-01
        94         1        2.516732e-01
        95         1       -1.553731e-01
        96         1        1.104971e+00
        97         1       -1.064235e+00
        98         1        9.926842e-02
        99         1       -8.897443e-01
       100         1        5.912575e-01
         1         2        4.679872e-01
         2         2       -1.264264e+00
         3         2        1.072255e-01
         4         2        6.430592e-01
         5         2       -1.568710e+00
         6         2       -1.427911e+00
         7         2        5.714640e-01
         8         2       -5.017827e-01
         9         2        1.911067e+00
        10         2       -7.499827e-02
        11         2        6.231302e-01
        12         2        1.172637e+00
        13         2       -2.065463e+00
        14         2       -1.050494e+00
        15         2       -1.578543e+00
        16         2       -8.475578e-01
        17         2       -2.338523e-01
        18         2       -7.153557e-02
        19         2        5.837826e-01
        20         2        7.447883e-01
        21         2       -4.109462e-01
        22         2        1.491190e+00
        23         2        1.416550e-01
        24         2       -1.425274e+00
        25         2       -9.609007e-01
        26         2       -2.446431e-01
        27         2       -1.538298e+00
        28         2       -1.772144e+00
        29         2       -3.848877e-02
        30         2        4.199139e-01
        31         2        6.125718e-01
        32         2        1.039106e+00
        33         2        2.022546e-01
        34         2       -2.834157e-02
        35         2        6.975381e-01
        36         2       -5.205170e-02
        37         2        6.775683e-01
        38         2       -4.144490e-01
        39         2       -1.648499e-01
        40         2        2.264546e+00
        41         2       -3.158990e-01
        42         2        2.001807e+00
        43         2       -5.272390e-01
        44         2        9.061614e-01
        45         2       -1.268872e+00
        46         2       -2.973477e-01
        47         2       -1.415649e+00
        48         2        1.384870e+00
        49         2        8.662903e-01
        50         2        1.956800e+00
        51         2        7.838963e-01
        52         2       -2.690586e-01
        53         2        3.426614e-01
        54         2        1.685480e+00
        55         2       -5.251215e-01
        56         2       -4.373456e-01
        57         2        5.425409e-01
        58         2       -5.490152e-01
        59         2       -5.561574e-03
        60         2        8.684486e-01
        61         2        1.855045e+00
        62         2        1.922106e-01
        63         2       -1.306635e-01
        64         2        2.135929e-01
        65         2       -2.882823e-01
        66         2       -1.681124e-01
        67         2        6.226593e-01
        68         2        5.633517e-01
        69         2        1.169353e+00
        70         2       -6.153788e-01
        71         2       -2.857004e-01
        72         2       -7.481900e-01
        73         2       -7.984488e-01
        74         2        1.597565e+00
        75         2        8.696411e-01
        76         2       -7.735086e-01
        77         2       -2.024524e+00
        78         2       -7.163041e-01
        79         2        1.751305e+00
        80         2        1.245964e-01
        81         2        2.037389e+00
        82         2        1.050115e-01
        83         2        3.550929e-01
        84         2        4.883654e-01
        85         2       -2.630960e-02
        86         2        1.070287e-01
        87         2        1.342657e-01
        88         2       -1.103768e-01
        89         2        2.149545e+00
        90         2       -9.195390e-01
        91         2       -2.148066e+00
        92         2        6.040058e-01
        93         2       -2.196208e+00
        94         2        1.185094e+00
        95         2        1.336661e-01
        96         2        4.262068e-01
        97         2       -4.633066e-01
        98         2       -1.741433e+00
        99         2        1.491100e+00
       100         2        1.649636e+00
         1         3        2.477758e-01
         2         3        2.493019e-01
         3         3        4.458863e+00
         4         3        1.017643e+00
         5         3       -6.687319e-01
         6         3        8.156572e-01
         7         3       -3.001692e-01
         8         3       -8.770854e-01
         9         3        1.852297e+00
        10         3        1.177145e+00
        11         3        1.396857e+00
        12         3       -9.264159e-01
        13         3       -1.348581e+00
        14         3       -3.127613e-01
        15         3        6.522391e-01
        16         3       -8.797112e-02
        17         3       -5.264127e-01
        18         3       -1.065675e-01
        19         3       -1.272117e-01
        20         3        1.844948e-01
        21         3       -1.643861e+00
        22         3       -1.109297e+00
        23         3       -3.075795e-02
        24         3        9.382300e-01
        25         3       -1.383672e-01
        26         3        1.179576e-02
        27         3       -6.745712e-02
        28         3       -2.674384e-02
        29         3       -6.275961e-01
        30         3        2.976931e-01
        31         3       -6.904090e-02
        32         3        2.434169e+00
        33         3       -1.945462e+00
        34         3       -7.127081e-01
        35         3        1.621241e+00
        36         3        1.110402e-01
        37         3       -2.574198e+00
        38         3       -5.405275e-01
        39         3       -1.757907e+00
        40         3       -1.769569e-01
        41         3        3.511057e-01
        42         3        2.392107e-01
        43         3        9.813594e-01
        44         3        7.460115e-01
        45         3       -4.621901e-02
        46         3       -2.958935e-01
        47         3        5.292420e-01
        48         3       -8.489498e-01
        49         3        7.279500e-01
        50         3       -1.696882e+00
        51         3        4.229839e-01
        52         3        4.698387e-01
        53         3        1.715026e+00
        54         3        9.418936e-01
        55         3       -1.492478e-01
        56         3       -5.332071e-01
        57         3       -2.200289e+00
        58         3        6.861560e-01
        59         3        6.998847e-01
        60         3       -1.181366e+00
        61         3        7.198665e-01
        62         3        2.518805e-01
        63         3        7.148310e-01
        64         3        5.978811e-01
        65         3        7.267615e-02
        66         3        1.356020e+00
        67         3        8.937000e-01
        68         3       -1.140700e+00
        69         3       -2.925023e-01
        70         3       -8.726894e-01
        71         3        3.396364e-01
        72         3        1.083239e+00
        73         3       -1.336461e+00
        74         3        7.736854e-01
        75         3       -2.699448e-02
        76         3        4.590701e-01
        77         3        1.663169e-01
        78         3        2.304423e+00
        79         3        1.088953e+00
        80         3       -7.764452e-01
        81         3        2.813856e-01
        82         3        1.487869e-01
        83         3        4.729796e-01
        84         3        9.811845e-01
        85         3        2.436459e-01
        86         3       -4.315781e-01
        87         3        1.909174e-01
        88         3        4.284858e-01
        89         3        8.672979e-02
        90         3        1.903123e-01
        91         3       -7.327321e-01
        92         3       -1.451208e+00
        93         3       -4.499646e-01
        94         3       -5.499101e-01
        95         3        2.347487e-01
        96         3        5.035021e-01
        97         3       -2.494680e+00
        98         3        8.328781e-02
        99         3       -1.340877e+00
       100         3        1.433830e+00
         1         4       -7.265563e-01
         2         4       -4.124747e-01
         3         4       -1.025311e+00
         4         4       -5.862227e-01
         5         4        8.808341e-01
         6         4       -8.351105e-01
         7         4        1.230325e+00
         8         4       -9.997497e-01
         9         4        9.439531e-01
        10         4       -1.717658e+00
        11         4        4.381314e-01
        12         4        4.975611e-01
        13         4        1.013322e+00
        14         4        2.970304e-01
        15         4        1.237813e+00
        16         4        6.577796e-01
        17         4        6.661168e-01
        18         4        4.295291e-01
        19         4        1.006157e+00
        20         4        2.351037e+00
        21         4       -4.124924e-01
        22         4        8.832312e-01
        23         4        4.472386e-02
        24         4        4.368205e-01
        25         4        1.746822e+00
        26         4        4.713334e-01
        27         4       -5.670802e-01
        28         4        4.523562e-01
        29         4       -1.802320e-01
        30         4       -1.772059e+00
        31         4        3.461422e-01
        32         4        6.702792e-01
        33         4       -1.246299e-01
        34         4       -5.277512e-01
        35         4       -9.496046e-01
        36         4       -1.087350e-02
        37         4       -7.308228e-01
        38         4        2.691852e+00
        39         4       -7.529461e-01
        40         4        2.328712e-01
        41         4        2.586551e+00
        42         4        7.383483e-01
        43         4        7.129651e-01
        44         4       -1.058589e+00
        45         4        3.045718e-01
        46         4       -1.516461e-01
        47         4       -4.984215e-01
        48         4       -2.004458e+00
        49         4        4.204529e-01
        50         4        2.017352e-01
        51         4       -1.024374e+00
        52         4       -5.459521e-02
        53         4        4.551114e-01
        54         4        3.185939e-01
        55         4        2.015800e+00
        56         4       -2.012997e+00
        57         4       -9.518651e-01
        58         4       -1.221714e-01
        59         4       -4.013560e-01
        60         4       -4.732216e-03
        61         4        1.009795e+00
        62         4        4.899802e-01
        63         4       -9.539552e-01
        64         4        5.178257e-01
        65         4        5.456717e-01
        66         4        8.570087e-01
        67         4        9.428261e-01
        68         4        6.728374e-01
        69         4        2.459996e-01
        70         4       -9.570593e-01
        71         4        6.604490e-01
        72         4       -4.221248e-01
        73         4        8.079549e-01
        74         4        1.271217e-01
        75         4        6.802829e-01
        76         4        4.107206e-01
        77         4        3.931770e-01
        78         4        1.618329e-03
        79         4       -2.975475e-01
        80         4        1.279420e+00
        81         4       -4.604172e-02
        82         4       -1.141023e+00
        83         4        5.402150e-01
        84         4       -1.218384e+00
        85         4        1.185042e+00
        86         4        4.956470e-01
        87         4       -2.005320e+00
        88         4        8.327305e-01
        89         4       -1.674263e+00
        90         4       -9.281520e-01
        91         4       -1.466575e+00
        92         4        5.341282e-02
        93         4       -1.415482e+00
        94         4        6.948928e-01
        95         4       -5.898044e-01
        96         4        5.089016e-01
        97         4       -2.287520e-01
        98         4        1.191093e+00
        99         4       -3.861330e-01
       100         4        1.052251e-01
         1         5        1.145301e+00
         2         5        2.471251e+00
         3         5       -4.067266e-01
         4         5       -9.076161e-01
         5         5        5.618992e-01
         6         5        8.762805e-02
         7         5       -1.052252e+00
         8         5        7.893347e-01
         9         5        8.166113e-01
        10         5       -3.015647e-01
        11         5       -5.988778e-01
        12         5        7.236705e-01
        13         5        1.245656e+00
        14         5       -7.717849e-01
        15         5        1.296653e+00
        16         5        1.026662e+00
        17         5        6.794592e-01
        18         5       -4.236727e-01
        19         5        6.210847e-01
        20         5        9.442131e-01
        21         5       -8.132173e-01
        22         5        3.607647e-01
        23         5        8.789019e-01
        24         5        2.798775e+00
        25         5       -9.859328e-01
        26         5       -3.496357e-01
        27         5       -2.183353e-01
        28         5       -1.543834e+00
        29         5        1.926972e+00
        30         5        1.162072e+00
        31         5        9.191891e-01
        32         5        6.565103e-01
        33         5       -4.827765e-01
        34         5       -3.865654e-02
        35         5       -8.635948e-01
        36         5        2.534606e-01
        37         5        1.595589e+00
        38         5        4.243710e-02
        39         5       -2.451063e+00
        40         5       -2.772531e-01
        41         5       -9.495936e-01
        42         5       -1.640349e-01
        43         5       -1.207687e+00
        44         5       -2.431291e-01
        45         5       -1.870015e-01
        46         5       -8.914706e-01
        47         5        1.650558e-01
        48         5       -1.492619e-01
        49         5        9.373692e-01
        50         5        2.755029e-01
        51         5        9.236471e-01
        52         5       -1.014553e+00
        53         5       -8.078648e-02
        54         5       -6.123000e-01
        55         5        1.656668e+00
        56         5       -3.665647e-01
        57         5        4.595016e-01
        58         5       -3.252273e-01
        59         5       -6.631505e-01
        60         5        1.773126e+00
        61         5        1.121600e+00
        62         5        1.197306e+00
        63         5        4.228368e-02
        64         5       -1.818616e+00
        65         5       -1.813418e+00
        66         5        7.430636e-01
        67         5        7.354221e-01
        68         5       -3.018438e-01
        69         5        1.898151e-01
        70         5       -3.558878e-01
        71         5       -1.881572e+00
        72         5        2.638434e-01
        73         5       -1.641106e-01
        74         5        7.082692e-01
        75         5       -8.096428e-01
        76         5       -9.403269e-02
        77         5        9.170865e-01
        78         5        4.979333e-01
        79         5       -4.513252e-01
        80         5       -1.019626e+00
        81         5        4.296885e-01
        82         5       -2.436759e-01
        83         5       -1.953872e-01
        84         5       -1.453469e+00
        85         5        1.330315e+00
        86         5       -5.037681e-01
        87         5        3.445723e-01
        88         5        5.873892e-01
        89         5       -5.918408e-01
        90         5        4.140002e-01
        91         5       -2.047958e-01
        92         5       -6.492133e-02
        93         5       -3.506800e-01
        94         5       -6.809456e-01
        95         5        4.780133e-01
        96         5        5.991118e-01
        97         5       -7.100571e-01
        98         5        9.501368e-01
        99         5       -8.649067e-01
       100         5        1.908497e-01
;
param X_Original:=
    1        6.843853e-01
    2       -2.419444e+00
    3       -3.864456e-01
    4       -2.680407e+00
    5       -3.429413e-01
    6        3.583374e-01
    7       -1.446052e+00
    8        2.111904e-01
    9        8.092556e-02
   10        2.703204e-01
   11        1.387229e+00
   12       -2.194047e+00
   13       -3.474143e+00
   14        7.840987e-01
   15       -1.329511e+00
   16        6.543844e-01
   17        7.522117e-02
   18       -4.279511e-01
   19       -7.164684e-01
   20       -1.150661e+00
   21        9.012750e-01
   22        2.255104e-01
   23       -8.712513e-01
   24       -1.258510e+00
   25        1.455811e+00
   26        1.674048e+00
   27        2.005597e+00
   28        1.966933e+00
   29        2.653453e+00
   30       -3.402956e-01
   31       -9.480822e-02
   32       -1.331792e+00
   33       -3.837660e-01
   34        1.745386e+00
   35        2.800799e-01
   36        2.768405e+00
   37        1.895709e+00
   38        2.005277e+00
   39        8.799069e-01
   40        9.709470e-01
   41       -3.139971e-01
   42        2.448497e+00
   43       -6.044455e-01
   44       -2.317261e-01
   45       -7.457391e-01
   46        5.343861e-01
   47        1.059681e-01
   48       -2.331448e-01
   49       -2.737108e-01
   50        5.128027e-01
   51       -7.092404e-01
   52        3.262715e-01
   53        1.955816e-01
   54       -1.002506e+00
   55        6.214086e-01
   56       -5.709253e-01
   57        6.955522e-01
   58        1.172906e+00
   59       -1.186480e+00
   60       -1.971181e+00
   61       -1.231561e+00
   62       -2.496161e-01
   63       -1.233397e+00
   64       -1.170400e+00
   65        9.807644e-01
   66        1.994293e+00
   67        1.412691e+00
   68       -6.700303e-01
   69        6.445742e-01
   70       -2.415169e-01
   71        2.070822e-01
   72        3.820642e+00
   73       -3.089060e-03
   74        7.979648e-01
   75        1.390272e+00
   76       -1.179210e+00
   77       -3.837407e-01
   78       -1.127965e-01
   79       -1.198947e+00
   80        1.320660e+00
   81        5.714179e-01
   82       -3.058213e+00
   83        2.250752e+00
   84        2.231823e-01
   85       -1.072092e+00
   86       -3.912761e-01
   87        9.358945e-01
   88       -2.466998e+00
   89        5.884375e-01
   90       -2.050583e+00
   91        4.259991e-01
   92        5.855668e-01
   93       -1.565061e-01
   94        8.352820e-01
   95       -4.947291e-01
   96        2.309316e+00
   97        7.054542e-01
   98        1.387510e-01
   99       -2.870692e-01
  100        9.069581e-01
;
param outliervec_original :=
    1    1
    2    0
    3    1
    4    1
    5    1
    6    1
    7    0
    8    1
    9    1
   10    0
   11    1
   12    0
   13    1
   14    1
   15    0
   16    1
   17    0
   18    1
   19    0
   20    1
   21    1
   22    1
   23    1
   24    0
   25    1
   26    0
   27    1
   28    0
   29    1
   30    1
   31    0
   32    0
   33    1
   34    1
   35    0
   36    0
   37    1
   38    0
   39    0
   40    0
   41    1
   42    0
   43    1
   44    1
   45    1
   46    0
   47    0
   48    1
   49    0
   50    1
   51    0
   52    0
   53    0
   54    0
   55    1
   56    1
   57    1
   58    1
   59    0
   60    0
   61    1
   62    1
   63    0
   64    0
   65    0
   66    1
   67    0
   68    1
   69    1
   70    1
   71    1
   72    0
   73    1
   74    1
   75    0
   76    1
   77    1
   78    1
   79    1
   80    0
   81    1
   82    0
   83    0
   84    0
   85    1
   86    1
   87    1
   88    0
   89    1
   90    1
   91    0
   92    0
   93    1
   94    1
   95    1
   96    1
   97    1
   98    1
   99    1
  100    1
;
param d:= 76;
param r:=5;
param p:=0.600000;
param M:=1000;
param U:=
         1         1       -1.127251e+00
         2         1        4.907946e-01
         3         1        9.252028e-01
         4         1        1.745490e+00
         5         1       -2.075013e-01
         6         1       -2.838216e-01
         7         1        1.123377e+00
         8         1        6.818230e-01
         9         1       -3.343443e-01
        10         1        9.906899e-02
        11         1        3.340119e-01
        12         1        1.653961e+00
        13         1       -1.663764e+00
        14         1       -2.662867e-01
        15         1       -9.251354e-01
        16         1       -9.225200e-01
        17         1       -4.450656e-01
        18         1       -3.843108e-01
        19         1        9.861632e-01
        20         1        7.681635e-01
        21         1        2.298587e-01
        22         1       -2.112996e+00
        23         1       -1.015975e+00
        24         1        2.871150e-01
        25         1       -6.580111e-01
        26         1        4.817718e-01
        27         1       -1.623872e+00
        28         1       -3.319117e-01
        29         1        2.716516e-02
        30         1       -1.123208e-01
        31         1       -1.215491e-02
        32         1       -1.672627e-01
        33         1       -1.033428e+00
        34         1       -1.450197e-01
        35         1        3.508050e-01
        36         1        1.756915e-01
        37         1        1.122103e+00
        38         1        7.888736e-02
        39         1        1.466038e-01
        40         1       -1.138546e+00
        41         1       -8.913506e-02
        42         1        1.210202e+00
        43         1        3.132040e-01
        44         1       -9.198344e-02
        45         1       -1.027297e+00
        46         1        7.863825e-01
        47         1        1.940558e+00
        48         1        3.545857e-01
        49         1       -2.075493e+00
        50         1       -1.149442e+00
        51         1       -4.425367e-01
        52         1       -1.767525e+00
        53         1       -1.294460e-01
        54         1        5.906238e-01
        55         1       -2.796454e+00
        56         1        1.025209e-01
        57         1       -5.092701e-01
        58         1       -1.003533e+00
        59         1       -2.916287e-01
        60         1        2.078133e-03
        61         1        2.133699e+00
        62         1       -1.384037e+00
        63         1        4.591920e-01
        64         1        1.374813e+00
        65         1        4.371872e-01
        66         1       -9.076490e-01
        67         1        1.687306e+00
        68         1       -6.453702e-01
        69         1       -4.450642e-01
        70         1       -5.889554e-01
        71         1       -7.457241e-01
        72         1        2.516732e-01
        73         1       -1.553731e-01
        74         1       -1.064235e+00
        75         1        9.926842e-02
        76         1       -8.897443e-01
         1         2        4.679872e-01
         2         2       -1.264264e+00
         3         2       -1.568710e+00
         4         2        5.714640e-01
         5         2       -7.499827e-02
         6         2        6.231302e-01
         7         2        1.172637e+00
         8         2       -1.578543e+00
         9         2       -2.338523e-01
        10         2       -7.153557e-02
        11         2        5.837826e-01
        12         2        7.447883e-01
        13         2        1.491190e+00
        14         2       -1.425274e+00
        15         2       -2.446431e-01
        16         2       -1.538298e+00
        17         2       -1.772144e+00
        18         2        6.125718e-01
        19         2        1.039106e+00
        20         2        2.022546e-01
        21         2        6.975381e-01
        22         2       -5.205170e-02
        23         2       -4.144490e-01
        24         2       -1.648499e-01
        25         2        2.264546e+00
        26         2       -3.158990e-01
        27         2        2.001807e+00
        28         2        9.061614e-01
        29         2       -2.973477e-01
        30         2       -1.415649e+00
        31         2        1.384870e+00
        32         2        8.662903e-01
        33         2        1.956800e+00
        34         2        7.838963e-01
        35         2       -2.690586e-01
        36         2        3.426614e-01
        37         2        1.685480e+00
        38         2       -5.251215e-01
        39         2       -4.373456e-01
        40         2        5.425409e-01
        41         2       -5.490152e-01
        42         2       -5.561574e-03
        43         2        8.684486e-01
        44         2        1.855045e+00
        45         2        1.922106e-01
        46         2       -1.306635e-01
        47         2        2.135929e-01
        48         2       -2.882823e-01
        49         2       -1.681124e-01
        50         2        6.226593e-01
        51         2        5.633517e-01
        52         2        1.169353e+00
        53         2       -6.153788e-01
        54         2       -2.857004e-01
        55         2       -7.481900e-01
        56         2        1.597565e+00
        57         2        8.696411e-01
        58         2       -2.024524e+00
        59         2        1.245964e-01
        60         2        2.037389e+00
        61         2        1.050115e-01
        62         2        3.550929e-01
        63         2        4.883654e-01
        64         2       -2.630960e-02
        65         2        1.070287e-01
        66         2        1.342657e-01
        67         2       -1.103768e-01
        68         2        2.149545e+00
        69         2       -2.148066e+00
        70         2        6.040058e-01
        71         2       -2.196208e+00
        72         2        1.185094e+00
        73         2        1.336661e-01
        74         2       -4.633066e-01
        75         2       -1.741433e+00
        76         2        1.491100e+00
         1         3        2.477758e-01
         2         3        2.493019e-01
         3         3       -6.687319e-01
         4         3       -3.001692e-01
         5         3        1.177145e+00
         6         3        1.396857e+00
         7         3       -9.264159e-01
         8         3        6.522391e-01
         9         3       -5.264127e-01
        10         3       -1.065675e-01
        11         3       -1.272117e-01
        12         3        1.844948e-01
        13         3       -1.109297e+00
        14         3        9.382300e-01
        15         3        1.179576e-02
        16         3       -6.745712e-02
        17         3       -2.674384e-02
        18         3       -6.904090e-02
        19         3        2.434169e+00
        20         3       -1.945462e+00
        21         3        1.621241e+00
        22         3        1.110402e-01
        23         3       -5.405275e-01
        24         3       -1.757907e+00
        25         3       -1.769569e-01
        26         3        3.511057e-01
        27         3        2.392107e-01
        28         3        7.460115e-01
        29         3       -2.958935e-01
        30         3        5.292420e-01
        31         3       -8.489498e-01
        32         3        7.279500e-01
        33         3       -1.696882e+00
        34         3        4.229839e-01
        35         3        4.698387e-01
        36         3        1.715026e+00
        37         3        9.418936e-01
        38         3       -1.492478e-01
        39         3       -5.332071e-01
        40         3       -2.200289e+00
        41         3        6.861560e-01
        42         3        6.998847e-01
        43         3       -1.181366e+00
        44         3        7.198665e-01
        45         3        2.518805e-01
        46         3        7.148310e-01
        47         3        5.978811e-01
        48         3        7.267615e-02
        49         3        1.356020e+00
        50         3        8.937000e-01
        51         3       -1.140700e+00
        52         3       -2.925023e-01
        53         3       -8.726894e-01
        54         3        3.396364e-01
        55         3        1.083239e+00
        56         3        7.736854e-01
        57         3       -2.699448e-02
        58         3        1.663169e-01
        59         3       -7.764452e-01
        60         3        2.813856e-01
        61         3        1.487869e-01
        62         3        4.729796e-01
        63         3        9.811845e-01
        64         3        2.436459e-01
        65         3       -4.315781e-01
        66         3        1.909174e-01
        67         3        4.284858e-01
        68         3        8.672979e-02
        69         3       -7.327321e-01
        70         3       -1.451208e+00
        71         3       -4.499646e-01
        72         3       -5.499101e-01
        73         3        2.347487e-01
        74         3       -2.494680e+00
        75         3        8.328781e-02
        76         3       -1.340877e+00
         1         4       -7.265563e-01
         2         4       -4.124747e-01
         3         4        8.808341e-01
         4         4        1.230325e+00
         5         4       -1.717658e+00
         6         4        4.381314e-01
         7         4        4.975611e-01
         8         4        1.237813e+00
         9         4        6.661168e-01
        10         4        4.295291e-01
        11         4        1.006157e+00
        12         4        2.351037e+00
        13         4        8.832312e-01
        14         4        4.368205e-01
        15         4        4.713334e-01
        16         4       -5.670802e-01
        17         4        4.523562e-01
        18         4        3.461422e-01
        19         4        6.702792e-01
        20         4       -1.246299e-01
        21         4       -9.496046e-01
        22         4       -1.087350e-02
        23         4        2.691852e+00
        24         4       -7.529461e-01
        25         4        2.328712e-01
        26         4        2.586551e+00
        27         4        7.383483e-01
        28         4       -1.058589e+00
        29         4       -1.516461e-01
        30         4       -4.984215e-01
        31         4       -2.004458e+00
        32         4        4.204529e-01
        33         4        2.017352e-01
        34         4       -1.024374e+00
        35         4       -5.459521e-02
        36         4        4.551114e-01
        37         4        3.185939e-01
        38         4        2.015800e+00
        39         4       -2.012997e+00
        40         4       -9.518651e-01
        41         4       -1.221714e-01
        42         4       -4.013560e-01
        43         4       -4.732216e-03
        44         4        1.009795e+00
        45         4        4.899802e-01
        46         4       -9.539552e-01
        47         4        5.178257e-01
        48         4        5.456717e-01
        49         4        8.570087e-01
        50         4        9.428261e-01
        51         4        6.728374e-01
        52         4        2.459996e-01
        53         4       -9.570593e-01
        54         4        6.604490e-01
        55         4       -4.221248e-01
        56         4        1.271217e-01
        57         4        6.802829e-01
        58         4        3.931770e-01
        59         4        1.279420e+00
        60         4       -4.604172e-02
        61         4       -1.141023e+00
        62         4        5.402150e-01
        63         4       -1.218384e+00
        64         4        1.185042e+00
        65         4        4.956470e-01
        66         4       -2.005320e+00
        67         4        8.327305e-01
        68         4       -1.674263e+00
        69         4       -1.466575e+00
        70         4        5.341282e-02
        71         4       -1.415482e+00
        72         4        6.948928e-01
        73         4       -5.898044e-01
        74         4       -2.287520e-01
        75         4        1.191093e+00
        76         4       -3.861330e-01
         1         5        1.145301e+00
         2         5        2.471251e+00
         3         5        5.618992e-01
         4         5       -1.052252e+00
         5         5       -3.015647e-01
         6         5       -5.988778e-01
         7         5        7.236705e-01
         8         5        1.296653e+00
         9         5        6.794592e-01
        10         5       -4.236727e-01
        11         5        6.210847e-01
        12         5        9.442131e-01
        13         5        3.607647e-01
        14         5        2.798775e+00
        15         5       -3.496357e-01
        16         5       -2.183353e-01
        17         5       -1.543834e+00
        18         5        9.191891e-01
        19         5        6.565103e-01
        20         5       -4.827765e-01
        21         5       -8.635948e-01
        22         5        2.534606e-01
        23         5        4.243710e-02
        24         5       -2.451063e+00
        25         5       -2.772531e-01
        26         5       -9.495936e-01
        27         5       -1.640349e-01
        28         5       -2.431291e-01
        29         5       -8.914706e-01
        30         5        1.650558e-01
        31         5       -1.492619e-01
        32         5        9.373692e-01
        33         5        2.755029e-01
        34         5        9.236471e-01
        35         5       -1.014553e+00
        36         5       -8.078648e-02
        37         5       -6.123000e-01
        38         5        1.656668e+00
        39         5       -3.665647e-01
        40         5        4.595016e-01
        41         5       -3.252273e-01
        42         5       -6.631505e-01
        43         5        1.773126e+00
        44         5        1.121600e+00
        45         5        1.197306e+00
        46         5        4.228368e-02
        47         5       -1.818616e+00
        48         5       -1.813418e+00
        49         5        7.430636e-01
        50         5        7.354221e-01
        51         5       -3.018438e-01
        52         5        1.898151e-01
        53         5       -3.558878e-01
        54         5       -1.881572e+00
        55         5        2.638434e-01
        56         5        7.082692e-01
        57         5       -8.096428e-01
        58         5        9.170865e-01
        59         5       -1.019626e+00
        60         5        4.296885e-01
        61         5       -2.436759e-01
        62         5       -1.953872e-01
        63         5       -1.453469e+00
        64         5        1.330315e+00
        65         5       -5.037681e-01
        66         5        3.445723e-01
        67         5        5.873892e-01
        68         5       -5.918408e-01
        69         5       -2.047958e-01
        70         5       -6.492133e-02
        71         5       -3.506800e-01
        72         5       -6.809456e-01
        73         5        4.780133e-01
        74         5       -7.100571e-01
        75         5        9.501368e-01
        76         5       -8.649067e-01
;

param theta:=
    1       -1.386678e+00
    2       -7.489603e-02
    3        1.695412e-01
    4        2.553824e-01
    5       -7.164332e-01
;
param X_true:=
    1        5.640106e-01
    2       -2.419444e+00
    3       -1.456459e+00
    4       -1.446052e+00
    5        2.703204e-01
    6        1.124671e+00
    7       -2.194047e+00
    8       -1.329511e+00
    9        7.522117e-02
   10        2.631407e-01
   11       -7.164684e-01
   12       -2.394066e+00
   13        1.974447e+00
   14       -1.258510e+00
   15        1.674048e+00
   16        1.394614e+00
   17        1.966933e+00
   18       -9.480822e-02
   19       -1.331792e+00
   20       -1.096131e+00
   21        2.800799e-01
   22        2.768405e+00
   23        2.005277e+00
   24        8.799069e-01
   25        9.709470e-01
   26        7.560043e-01
   27        2.448497e+00
   28        4.227073e-01
   29        5.343861e-01
   30        1.059681e-01
   31       -6.357654e-01
   32       -2.737108e-01
   33        8.529242e-01
   34       -7.092404e-01
   35        3.262715e-01
   36        1.955816e-01
   37       -1.002506e+00
   38       -7.674577e-01
   39       -5.124023e-01
   40        5.928316e-01
   41        4.828556e-01
   42       -1.186480e+00
   43       -1.971181e+00
   44       -4.350044e-01
   45        7.201800e-01
   46       -1.233397e+00
   47       -1.170400e+00
   48        9.807644e-01
   49        2.807042e+00
   50        1.412691e+00
   51        7.661491e-01
   52        2.240651e+00
   53        8.818636e-02
   54        7.766632e-01
   55        3.820642e+00
   56       -6.056062e-01
   57        1.390272e+00
   58        1.014783e+00
   59        1.320660e+00
   60       -4.273689e-01
   61       -3.058213e+00
   62        2.250752e+00
   63        2.231823e-01
   64       -2.513587e+00
   65       -1.999284e-01
   66        5.219427e-01
   67       -2.466998e+00
   68        7.450698e-01
   69        4.259991e-01
   70        5.855668e-01
   71        1.012029e+00
   72        1.343345e-01
   73       -2.478493e-01
   74        1.537789e+00
   75       -3.696316e-01
   76        1.415814e+00
;
param X:=
    1        6.843853e-01
    2       -2.419444e+00
    3       -3.429413e-01
    4       -1.446052e+00
    5        2.703204e-01
    6        1.387229e+00
    7       -2.194047e+00
    8       -1.329511e+00
    9        7.522117e-02
   10       -4.279511e-01
   11       -7.164684e-01
   12       -1.150661e+00
   13        2.255104e-01
   14       -1.258510e+00
   15        1.674048e+00
   16        2.005597e+00
   17        1.966933e+00
   18       -9.480822e-02
   19       -1.331792e+00
   20       -3.837660e-01
   21        2.800799e-01
   22        2.768405e+00
   23        2.005277e+00
   24        8.799069e-01
   25        9.709470e-01
   26       -3.139971e-01
   27        2.448497e+00
   28       -2.317261e-01
   29        5.343861e-01
   30        1.059681e-01
   31       -2.331448e-01
   32       -2.737108e-01
   33        5.128027e-01
   34       -7.092404e-01
   35        3.262715e-01
   36        1.955816e-01
   37       -1.002506e+00
   38        6.214086e-01
   39       -5.709253e-01
   40        6.955522e-01
   41        1.172906e+00
   42       -1.186480e+00
   43       -1.971181e+00
   44       -1.231561e+00
   45       -2.496161e-01
   46       -1.233397e+00
   47       -1.170400e+00
   48        9.807644e-01
   49        1.994293e+00
   50        1.412691e+00
   51       -6.700303e-01
   52        6.445742e-01
   53       -2.415169e-01
   54        2.070822e-01
   55        3.820642e+00
   56        7.979648e-01
   57        1.390272e+00
   58       -3.837407e-01
   59        1.320660e+00
   60        5.714179e-01
   61       -3.058213e+00
   62        2.250752e+00
   63        2.231823e-01
   64       -1.072092e+00
   65       -3.912761e-01
   66        9.358945e-01
   67       -2.466998e+00
   68        5.884375e-01
   69        4.259991e-01
   70        5.855668e-01
   71       -1.565061e-01
   72        8.352820e-01
   73       -4.947291e-01
   74        7.054542e-01
   75        1.387510e-01
   76       -2.870692e-01
;
param outliervec:=
    1    1
    2    0
    3    1
    4    0
    5    0
    6    1
    7    0
    8    0
    9    0
   10    1
   11    0
   12    1
   13    1
   14    0
   15    0
   16    1
   17    0
   18    0
   19    0
   20    1
   21    0
   22    0
   23    0
   24    0
   25    0
   26    1
   27    0
   28    1
   29    0
   30    0
   31    1
   32    0
   33    1
   34    0
   35    0
   36    0
   37    0
   38    1
   39    1
   40    1
   41    1
   42    0
   43    0
   44    1
   45    1
   46    0
   47    0
   48    0
   49    1
   50    0
   51    1
   52    1
   53    1
   54    1
   55    0
   56    1
   57    0
   58    1
   59    0
   60    1
   61    0
   62    0
   63    0
   64    1
   65    1
   66    1
   67    0
   68    1
   69    0
   70    0
   71    1
   72    1
   73    1
   74    1
   75    1
   76    1
; 
param greedy_time :=         3.498931e-01
;