data;


param FN:= 0;
param D:= 100;
param U_Original:=
         1         1        1.329523e+00
         2         1        1.290650e+00
         3         1        2.361621e+00
         4         1        9.526110e-01
         5         1       -1.641244e+00
         6         1       -1.201035e+00
         7         1       -1.643870e+00
         8         1        7.443519e-01
         9         1        1.213690e-01
        10         1        1.314728e+00
        11         1        2.901139e-01
        12         1        4.881369e-01
        13         1       -1.777689e+00
        14         1        2.143820e-01
        15         1       -4.971395e-01
        16         1        1.911339e+00
        17         1        1.896370e+00
        18         1       -1.705124e+00
        19         1        9.715876e-01
        20         1       -1.026800e+00
        21         1        2.193852e+00
        22         1       -2.320605e-01
        23         1        6.675340e-01
        24         1       -2.874898e-01
        25         1        2.854384e-01
        26         1        3.626356e-01
        27         1        7.820991e-01
        28         1        9.174211e-01
        29         1        4.346885e-02
        30         1        2.350860e+00
        31         1        1.783839e-01
        32         1       -6.781577e-01
        33         1        1.415115e+00
        34         1       -3.464817e-01
        35         1        7.379485e-01
        36         1        1.943194e+00
        37         1       -7.472286e-01
        38         1        2.385462e+00
        39         1       -2.147192e+00
        40         1        4.524163e-01
        41         1       -1.371937e-01
        42         1        1.812745e-01
        43         1       -1.038206e+00
        44         1        9.090272e-01
        45         1       -2.142641e-01
        46         1       -3.642501e-01
        47         1        1.502026e+00
        48         1        1.875581e+00
        49         1       -1.384876e+00
        50         1        1.137851e+00
        51         1       -1.126767e+00
        52         1        8.305369e-01
        53         1       -1.225117e+00
        54         1       -1.783075e+00
        55         1       -2.264122e+00
        56         1        5.871157e-01
        57         1        4.126118e-01
        58         1       -1.637961e+00
        59         1        3.170052e-01
        60         1       -6.578054e-01
        61         1       -8.462501e-01
        62         1        1.553967e+00
        63         1       -4.251404e-01
        64         1        5.567869e-01
        65         1       -1.203553e+00
        66         1       -4.823834e-01
        67         1        1.613527e-01
        68         1        1.390175e-01
        69         1       -5.991595e-01
        70         1        1.762091e+00
        71         1        2.186711e-01
        72         1        6.026946e-01
        73         1        1.847455e+00
        74         1       -3.523751e-01
        75         1        5.269361e-01
        76         1       -1.413582e+00
        77         1        6.242844e-01
        78         1        8.610320e-01
        79         1       -6.444245e-01
        80         1       -2.142608e+00
        81         1       -1.294134e-01
        82         1        3.664556e-01
        83         1       -1.355649e+00
        84         1        5.194175e-01
        85         1       -2.395531e+00
        86         1       -9.975794e-01
        87         1       -1.325478e-01
        88         1        6.614288e-01
        89         1        8.507303e-01
        90         1       -4.063935e-01
        91         1       -1.679134e+00
        92         1       -2.626188e-01
        93         1       -3.602187e-01
        94         1       -1.599030e+00
        95         1        2.147829e+00
        96         1        7.056588e-01
        97         1       -1.779988e-01
        98         1       -7.845586e-01
        99         1        5.147798e-01
       100         1        1.310002e-01
         1         2       -1.929507e-01
         2         2       -7.964512e-01
         3         2       -6.813967e-01
         4         2        2.547682e-01
         5         2        1.577822e-01
         6         2        7.733374e-01
         7         2       -2.744943e-01
         8         2        1.091278e-01
         9         2        1.019178e+00
        10         2       -4.682515e-01
        11         2       -4.547648e-01
        12         2       -1.201824e+00
        13         2       -1.835387e+00
        14         2        4.695969e-02
        15         2       -1.046594e+00
        16         2       -1.331547e+00
        17         2        1.251027e+00
        18         2        3.741156e-01
        19         2        8.015390e-01
        20         2        7.641790e-01
        21         2       -6.540939e-01
        22         2        6.413387e-01
        23         2        9.318239e-01
        24         2        4.700440e-02
        25         2        9.607634e-01
        26         2        5.667489e-01
        27         2       -3.357825e-01
        28         2       -5.345238e-01
        29         2       -7.206558e-02
        30         2        1.074108e-01
        31         2        1.102637e+00
        32         2       -9.173959e-01
        33         2       -3.631525e-01
        34         2       -1.937424e+00
        35         2        1.505284e+00
        36         2       -4.831385e-01
        37         2       -1.060729e-01
        38         2       -1.149505e-02
        39         2       -1.057919e-01
        40         2       -6.258956e-01
        41         2       -3.291053e-01
        42         2       -2.945872e-01
        43         2        3.802404e-01
        44         2       -1.490856e+00
        45         2        1.650156e+00
        46         2       -3.900686e-01
        47         2       -7.982298e-01
        48         2       -1.422742e+00
        49         2        1.273166e+00
        50         2        1.106928e+00
        51         2        1.451120e+00
        52         2       -1.463366e-01
        53         2        2.174057e-01
        54         2       -3.665662e-01
        55         2       -5.234066e-02
        56         2       -6.140311e-01
        57         2        8.627479e-01
        58         2        9.832998e-01
        59         2       -2.943852e-02
        60         2        2.151366e-02
        61         2        6.576010e-01
        62         2        1.263347e+00
        63         2       -7.608365e-01
        64         2       -3.397467e-01
        65         2       -4.881482e-01
        66         2       -4.495569e-01
        67         2        3.397812e-02
        68         2       -7.827143e-01
        69         2        2.462321e-01
        70         2       -3.583404e-02
        71         2        3.183313e-01
        72         2        4.999188e-01
        73         2       -6.182548e-01
        74         2       -7.060650e-01
        75         2       -1.812631e+00
        76         2        6.703798e-01
        77         2        4.242441e-01
        78         2       -1.418287e-01
        79         2        4.539045e-01
        80         2        1.647880e+00
        81         2       -4.183672e-01
        82         2        3.796295e-01
        83         2        1.549390e-02
        84         2        1.161281e-01
        85         2        1.715443e+00
        86         2       -5.934207e-01
        87         2        1.263164e-01
        88         2       -4.262499e-02
        89         2        5.527787e-01
        90         2        9.665341e-02
        91         2        2.695811e-02
        92         2       -6.793872e-01
        93         2        1.071062e+00
        94         2       -1.384336e+00
        95         2        1.135744e+00
        96         2        1.985974e-02
        97         2        3.546841e-01
        98         2       -7.008646e-01
        99         2       -1.282282e+00
       100         2       -4.748548e-01
         1         3       -1.437326e+00
         2         3       -4.285201e-01
         3         3        2.497780e-01
         4         3       -2.309044e-01
         5         3       -1.203088e+00
         6         3        2.049856e+00
         7         3       -1.056622e-01
         8         3        4.723163e-02
         9         3        1.060185e+00
        10         3       -9.372903e-01
        11         3        2.073825e-01
        12         3        8.320692e-01
        13         3        1.497727e+00
        14         3       -1.124853e-01
        15         3       -8.730789e-01
        16         3        5.142978e-01
        17         3       -1.418192e+00
        18         3       -4.378321e-01
        19         3        7.730825e-02
        20         3       -1.049948e-01
        21         3       -7.699497e-01
        22         3       -1.734693e+00
        23         3        1.718082e+00
        24         3       -6.001552e-01
        25         3        6.321237e-01
        26         3        4.478341e-01
        27         3        1.670520e+00
        28         3        5.154861e-01
        29         3        8.658695e-02
        30         3        8.534464e-01
        31         3       -8.794597e-01
        32         3        1.374067e+00
        33         3        8.319696e-01
        34         3        4.406472e-01
        35         3        4.697743e-03
        36         3        7.614591e-01
        37         3       -5.833312e-01
        38         3       -1.555429e+00
        39         3        1.802165e+00
        40         3        2.357231e-01
        41         3        4.970149e-01
        42         3        2.160459e-02
        43         3        3.009864e-01
        44         3       -2.711169e-01
        45         3       -2.369188e+00
        46         3       -8.278960e-01
        47         3        1.232831e+00
        48         3       -7.892932e-01
        49         3        9.507216e-01
        50         3        1.466441e+00
        51         3       -1.290550e+00
        52         3        3.397057e-01
        53         3       -1.596893e+00
        54         3       -9.096248e-02
        55         3        4.066374e-01
        56         3       -2.341021e-01
        57         3       -3.291927e-01
        58         3       -8.534161e-01
        59         3       -9.680797e-02
        60         3       -1.462760e+00
        61         3       -1.246339e+00
        62         3        3.176564e-01
        63         3       -1.554772e+00
        64         3       -1.008675e+00
        65         3        9.970034e-01
        66         3        8.435285e-01
        67         3        8.401627e-01
        68         3        6.759754e-01
        69         3       -1.213358e+00
        70         3        5.609986e-02
        71         3       -1.996461e+00
        72         3        3.319030e-01
        73         3       -8.176680e-01
        74         3        1.698719e-02
        75         3        1.282366e+00
        76         3       -7.677483e-01
        77         3        1.865724e+00
        78         3       -1.936172e+00
        79         3        9.993877e-01
        80         3       -1.132614e-01
        81         3       -4.742937e-01
        82         3       -6.694864e-01
        83         3        1.168154e+00
        84         3        3.926194e-01
        85         3       -3.689212e-01
        86         3       -2.632959e-01
        87         3        7.940104e-01
        88         3       -2.684378e-01
        89         3       -1.584088e+00
        90         3        8.334427e-01
        91         3       -3.889053e-02
        92         3        9.089601e-01
        93         3       -2.788532e+00
        94         3        2.576254e-01
        95         3       -1.146940e+00
        96         3       -1.692217e+00
        97         3        5.088357e-01
        98         3       -1.300993e+00
        99         3        1.065148e-01
       100         3        3.689135e-01
         1         4       -3.583960e-01
         2         4        1.834398e-02
         3         4        7.521209e-01
         4         4        5.976599e-01
         5         4        8.464729e-01
         6         4        3.102407e-02
         7         4        3.048314e-01
         8         4        1.160929e+00
         9         4        1.714705e-01
        10         4        5.388134e-01
        11         4       -7.782827e-01
        12         4       -4.638877e-01
        13         4       -5.943479e-01
        14         4        4.454732e-01
        15         4        9.192561e-01
        16         4        2.527663e+00
        17         4        1.177158e+00
        18         4       -1.350438e+00
        19         4        1.907507e+00
        20         4        8.131809e-02
        21         4        1.434697e+00
        22         4       -3.322431e-01
        23         4        5.646994e-01
        24         4        1.340389e+00
        25         4       -1.447994e+00
        26         4        1.005737e+00
        27         4        2.563830e-02
        28         4        1.177715e-01
        29         4       -2.073583e+00
        30         4        7.187239e-01
        31         4       -1.403645e+00
        32         4        7.775346e-01
        33         4        7.713657e-01
        34         4        5.208846e-01
        35         4        2.311163e-01
        36         4        9.019863e-01
        37         4       -5.380046e-01
        38         4       -4.645503e-01
        39         4       -6.359124e-02
        40         4        3.801210e-01
        41         4       -3.276190e-01
        42         4       -5.491556e-01
        43         4        4.635013e-01
        44         4        1.321939e+00
        45         4        6.785664e-01
        46         4        1.146280e+00
        47         4        7.581201e-01
        48         4        1.942321e+00
        49         4       -6.206741e-01
        50         4       -8.808475e-01
        51         4        1.558080e-01
        52         4       -9.568565e-01
        53         4        1.037089e+00
        54         4       -2.075434e-01
        55         4       -1.756545e-01
        56         4        2.950753e-01
        57         4       -1.158666e+00
        58         4        1.435454e-01
        59         4        1.167846e+00
        60         4        2.606114e-01
        61         4        3.674455e-01
        62         4       -6.193175e-01
        63         4        3.615471e-01
        64         4        1.350106e+00
        65         4        6.591209e-01
        66         4        2.103472e+00
        67         4       -5.216502e-02
        68         4        4.205324e-01
        69         4        7.130981e-01
        70         4        1.039153e+00
        71         4        2.098627e+00
        72         4        1.837059e+00
        73         4        4.441896e-01
        74         4        1.477295e-02
        75         4       -3.866292e-01
        76         4        6.901371e-01
        77         4        3.461259e-02
        78         4       -2.732828e+00
        79         4        7.808824e-01
        80         4        8.703211e-02
        81         4       -1.435725e+00
        82         4       -3.035309e-01
        83         4       -5.741366e-01
        84         4       -6.429057e-01
        85         4        8.772237e-01
        86         4       -3.768806e-01
        87         4       -2.994497e-02
        88         4        6.789473e-01
        89         4        1.038499e+00
        90         4       -9.484714e-02
        91         4       -1.483091e+00
        92         4       -6.329055e-01
        93         4       -3.968252e-01
        94         4        4.323723e-01
        95         4       -9.868989e-01
        96         4       -1.412284e+00
        97         4       -1.246016e+00
        98         4        1.076136e+00
        99         4       -2.625311e-01
       100         4        4.551238e-01
         1         5       -1.612704e+00
         2         5       -3.812510e-01
         3         5        4.076834e-02
         4         5       -1.016710e+00
         5         5       -1.352571e+00
         6         5        4.421109e-01
         7         5       -1.134226e+00
         8         5        1.009427e+00
         9         5       -5.283650e-01
        10         5        5.022554e-01
        11         5       -2.208488e-01
        12         5       -1.770878e+00
        13         5        5.935657e-01
        14         5       -4.025048e-01
        15         5       -6.112073e-01
        16         5        1.173771e+00
        17         5       -2.150878e+00
        18         5        2.707495e-01
        19         5        7.470947e-01
        20         5       -9.456640e-02
        21         5        1.382628e+00
        22         5        6.906323e-01
        23         5        5.784884e-02
        24         5        7.572401e-01
        25         5       -6.519707e-01
        26         5        2.891612e-01
        27         5       -5.713895e-01
        28         5        4.592326e-01
        29         5       -6.729521e-01
        30         5        9.507473e-02
        31         5       -5.174575e-01
        32         5       -6.011863e-01
        33         5        8.054597e-01
        34         5        1.400104e+00
        35         5       -2.315020e+00
        36         5        2.031509e-01
        37         5        4.661169e-01
        38         5       -1.096200e+00
        39         5       -2.303502e-01
        40         5        1.030341e+00
        41         5        1.014840e+00
        42         5       -1.137509e-01
        43         5        1.534541e+00
        44         5        1.259768e+00
        45         5        7.913339e-01
        46         5        1.037126e+00
        47         5       -1.818114e-01
        48         5        1.144013e+00
        49         5        1.162928e+00
        50         5        4.515225e-01
        51         5        1.051488e+00
        52         5        2.003514e+00
        53         5       -4.721319e-01
        54         5       -6.489216e-02
        55         5        1.406894e+00
        56         5        1.088232e+00
        57         5       -6.189929e-01
        58         5        1.681984e-01
        59         5        2.636329e-02
        60         5       -5.529946e-02
        61         5        2.228299e-01
        62         5       -2.072458e+00
        63         5       -3.635555e-02
        64         5        1.143229e+00
        65         5       -1.112704e+00
        66         5       -1.094577e+00
        67         5        2.638405e-01
        68         5       -9.626639e-01
        69         5        1.003179e+00
        70         5        9.527106e-01
        71         5        8.856774e-01
        72         5        7.131292e-02
        73         5        6.381377e-01
        74         5       -9.284061e-01
        75         5       -7.997739e-01
        76         5        2.603264e-01
        77         5        1.157803e+00
        78         5        3.780644e-01
        79         5        7.665171e-02
        80         5        1.235854e+00
        81         5        1.791067e+00
        82         5       -8.448509e-01
        83         5        2.050020e+00
        84         5       -5.471632e-01
        85         5       -8.008406e-01
        86         5        1.571366e+00
        87         5        1.027157e+00
        88         5        5.333894e-01
        89         5       -5.802920e-01
        90         5       -2.960619e-01
        91         5        1.248092e+00
        92         5       -3.082697e-01
        93         5        1.485865e-01
        94         5       -4.951421e-01
        95         5       -1.029203e+00
        96         5        6.945062e-04
        97         5        2.485105e-01
        98         5        7.514244e-01
        99         5       -1.297812e+00
       100         5       -3.759120e-01
;
param X_Original:=
    1       -1.674649e+00
    2       -3.108503e-01
    3        2.599240e+00
    4       -3.732276e+00
    5       -3.592425e+00
    6       -2.048796e+00
    7        4.122524e-01
    8       -4.346688e-01
    9       -2.032894e+00
   10        3.271202e+00
   11       -7.906022e-01
   12       -3.480433e+00
   13       -1.221141e+00
   14       -5.079772e-01
   15       -7.590473e-01
   16        4.635672e+00
   17       -2.637410e-01
   18       -1.098697e+00
   19        2.429811e+00
   20        3.226282e-01
   21       -3.024233e+00
   22        2.257239e+00
   23       -6.758682e-01
   24        1.172358e+00
   25       -5.451626e-01
   26        5.679909e-01
   27        1.088669e+00
   28       -7.081669e-01
   29       -1.574624e+00
   30        1.119217e+00
   31       -6.845688e-01
   32       -2.626957e+00
   33        3.535963e-01
   34        2.834138e+00
   35       -4.469478e+00
   36        2.084262e+00
   37        1.526562e+00
   38        1.289854e+00
   39       -3.993801e+00
   40        2.648601e+00
   41        1.669271e+00
   42       -2.964714e-01
   43       -1.769600e+00
   44        4.300531e+00
   45       -1.116874e+00
   46        2.599856e+00
   47        5.613748e-01
   48        5.471656e+00
   49       -1.328898e-01
   50        6.376459e-01
   51        1.565022e+00
   52        4.731008e+00
   53        6.082430e-01
   54       -1.819068e+00
   55        2.892747e-01
   56        3.242610e+00
   57       -2.911763e-01
   58       -9.850491e-01
   59        5.618290e-01
   60        2.982543e-01
   61        1.296273e+00
   62        4.840310e-01
   63        8.805389e-01
   64        3.906376e+00
   65       -4.089234e+00
   66       -3.081870e+00
   67        8.265821e-02
   68       -2.091535e+00
   69        2.348939e+00
   70        3.856136e+00
   71        3.622382e+00
   72        5.388937e-01
   73       -4.728053e-02
   74       -2.099730e+00
   75       -1.569795e+00
   76       -4.875408e-01
   77       -1.184572e+00
   78        2.904055e+00
   79       -1.304756e+00
   80       -4.772000e-01
   81        3.935415e+00
   82       -1.021496e+00
   83        1.949201e+00
   84       -9.788717e-01
   85       -4.285757e+00
   86        2.569699e+00
   87        1.374945e+00
   88        2.058904e+00
   89        7.655673e-01
   90        1.654049e+00
   91        7.407332e-01
   92       -1.437586e+00
   93        1.899305e+00
   94       -2.430004e+00
   95       -4.464178e-02
   96        6.968113e-01
   97       -2.510538e-01
   98        2.004368e+00
   99       -1.895671e+00
  100       -7.407725e-01
;
param outliervec_original :=
    1    1
    2    1
    3    0
    4    1
    5    0
    6    0
    7    1
    8    1
    9    0
   10    0
   11    1
   12    0
   13    0
   14    0
   15    0
   16    0
   17    1
   18    0
   19    0
   20    1
   21    1
   22    0
   23    0
   24    1
   25    1
   26    0
   27    1
   28    1
   29    0
   30    1
   31    0
   32    0
   33    1
   34    0
   35    0
   36    0
   37    1
   38    0
   39    0
   40    0
   41    0
   42    1
   43    1
   44    0
   45    1
   46    0
   47    0
   48    0
   49    0
   50    0
   51    0
   52    0
   53    1
   54    0
   55    0
   56    0
   57    1
   58    0
   59    0
   60    0
   61    1
   62    1
   63    0
   64    0
   65    0
   66    0
   67    0
   68    0
   69    0
   70    0
   71    0
   72    0
   73    1
   74    0
   75    0
   76    0
   77    1
   78    0
   79    0
   80    1
   81    0
   82    0
   83    0
   84    0
   85    0
   86    0
   87    0
   88    0
   89    0
   90    1
   91    1
   92    0
   93    1
   94    0
   95    1
   96    1
   97    0
   98    0
   99    0
  100    0
;
param d:= 87;
param r:=5;
param p:=0.300000;
param M:=1000;
param U:=
         1         1        1.329523e+00
         2         1        1.290650e+00
         3         1        2.361621e+00
         4         1       -1.641244e+00
         5         1       -1.201035e+00
         6         1        1.213690e-01
         7         1        1.314728e+00
         8         1        2.901139e-01
         9         1        4.881369e-01
        10         1       -1.777689e+00
        11         1        2.143820e-01
        12         1       -4.971395e-01
        13         1        1.911339e+00
        14         1        1.896370e+00
        15         1       -1.705124e+00
        16         1        9.715876e-01
        17         1       -1.026800e+00
        18         1       -2.320605e-01
        19         1        6.675340e-01
        20         1       -2.874898e-01
        21         1        2.854384e-01
        22         1        3.626356e-01
        23         1        4.346885e-02
        24         1        2.350860e+00
        25         1        1.783839e-01
        26         1       -6.781577e-01
        27         1       -3.464817e-01
        28         1        7.379485e-01
        29         1        1.943194e+00
        30         1       -7.472286e-01
        31         1        2.385462e+00
        32         1       -2.147192e+00
        33         1        4.524163e-01
        34         1       -1.371937e-01
        35         1        1.812745e-01
        36         1        9.090272e-01
        37         1       -3.642501e-01
        38         1        1.502026e+00
        39         1        1.875581e+00
        40         1       -1.384876e+00
        41         1        1.137851e+00
        42         1       -1.126767e+00
        43         1        8.305369e-01
        44         1       -1.225117e+00
        45         1       -1.783075e+00
        46         1       -2.264122e+00
        47         1        5.871157e-01
        48         1        4.126118e-01
        49         1       -1.637961e+00
        50         1        3.170052e-01
        51         1       -6.578054e-01
        52         1       -8.462501e-01
        53         1       -4.251404e-01
        54         1        5.567869e-01
        55         1       -1.203553e+00
        56         1       -4.823834e-01
        57         1        1.613527e-01
        58         1        1.390175e-01
        59         1       -5.991595e-01
        60         1        1.762091e+00
        61         1        2.186711e-01
        62         1        6.026946e-01
        63         1       -3.523751e-01
        64         1        5.269361e-01
        65         1       -1.413582e+00
        66         1        8.610320e-01
        67         1       -6.444245e-01
        68         1       -2.142608e+00
        69         1       -1.294134e-01
        70         1        3.664556e-01
        71         1       -1.355649e+00
        72         1        5.194175e-01
        73         1       -2.395531e+00
        74         1       -9.975794e-01
        75         1       -1.325478e-01
        76         1        6.614288e-01
        77         1        8.507303e-01
        78         1       -1.679134e+00
        79         1       -2.626188e-01
        80         1       -3.602187e-01
        81         1       -1.599030e+00
        82         1        2.147829e+00
        83         1        7.056588e-01
        84         1       -1.779988e-01
        85         1       -7.845586e-01
        86         1        5.147798e-01
        87         1        1.310002e-01
         1         2       -1.929507e-01
         2         2       -7.964512e-01
         3         2       -6.813967e-01
         4         2        1.577822e-01
         5         2        7.733374e-01
         6         2        1.019178e+00
         7         2       -4.682515e-01
         8         2       -4.547648e-01
         9         2       -1.201824e+00
        10         2       -1.835387e+00
        11         2        4.695969e-02
        12         2       -1.046594e+00
        13         2       -1.331547e+00
        14         2        1.251027e+00
        15         2        3.741156e-01
        16         2        8.015390e-01
        17         2        7.641790e-01
        18         2        6.413387e-01
        19         2        9.318239e-01
        20         2        4.700440e-02
        21         2        9.607634e-01
        22         2        5.667489e-01
        23         2       -7.206558e-02
        24         2        1.074108e-01
        25         2        1.102637e+00
        26         2       -9.173959e-01
        27         2       -1.937424e+00
        28         2        1.505284e+00
        29         2       -4.831385e-01
        30         2       -1.060729e-01
        31         2       -1.149505e-02
        32         2       -1.057919e-01
        33         2       -6.258956e-01
        34         2       -3.291053e-01
        35         2       -2.945872e-01
        36         2       -1.490856e+00
        37         2       -3.900686e-01
        38         2       -7.982298e-01
        39         2       -1.422742e+00
        40         2        1.273166e+00
        41         2        1.106928e+00
        42         2        1.451120e+00
        43         2       -1.463366e-01
        44         2        2.174057e-01
        45         2       -3.665662e-01
        46         2       -5.234066e-02
        47         2       -6.140311e-01
        48         2        8.627479e-01
        49         2        9.832998e-01
        50         2       -2.943852e-02
        51         2        2.151366e-02
        52         2        6.576010e-01
        53         2       -7.608365e-01
        54         2       -3.397467e-01
        55         2       -4.881482e-01
        56         2       -4.495569e-01
        57         2        3.397812e-02
        58         2       -7.827143e-01
        59         2        2.462321e-01
        60         2       -3.583404e-02
        61         2        3.183313e-01
        62         2        4.999188e-01
        63         2       -7.060650e-01
        64         2       -1.812631e+00
        65         2        6.703798e-01
        66         2       -1.418287e-01
        67         2        4.539045e-01
        68         2        1.647880e+00
        69         2       -4.183672e-01
        70         2        3.796295e-01
        71         2        1.549390e-02
        72         2        1.161281e-01
        73         2        1.715443e+00
        74         2       -5.934207e-01
        75         2        1.263164e-01
        76         2       -4.262499e-02
        77         2        5.527787e-01
        78         2        2.695811e-02
        79         2       -6.793872e-01
        80         2        1.071062e+00
        81         2       -1.384336e+00
        82         2        1.135744e+00
        83         2        1.985974e-02
        84         2        3.546841e-01
        85         2       -7.008646e-01
        86         2       -1.282282e+00
        87         2       -4.748548e-01
         1         3       -1.437326e+00
         2         3       -4.285201e-01
         3         3        2.497780e-01
         4         3       -1.203088e+00
         5         3        2.049856e+00
         6         3        1.060185e+00
         7         3       -9.372903e-01
         8         3        2.073825e-01
         9         3        8.320692e-01
        10         3        1.497727e+00
        11         3       -1.124853e-01
        12         3       -8.730789e-01
        13         3        5.142978e-01
        14         3       -1.418192e+00
        15         3       -4.378321e-01
        16         3        7.730825e-02
        17         3       -1.049948e-01
        18         3       -1.734693e+00
        19         3        1.718082e+00
        20         3       -6.001552e-01
        21         3        6.321237e-01
        22         3        4.478341e-01
        23         3        8.658695e-02
        24         3        8.534464e-01
        25         3       -8.794597e-01
        26         3        1.374067e+00
        27         3        4.406472e-01
        28         3        4.697743e-03
        29         3        7.614591e-01
        30         3       -5.833312e-01
        31         3       -1.555429e+00
        32         3        1.802165e+00
        33         3        2.357231e-01
        34         3        4.970149e-01
        35         3        2.160459e-02
        36         3       -2.711169e-01
        37         3       -8.278960e-01
        38         3        1.232831e+00
        39         3       -7.892932e-01
        40         3        9.507216e-01
        41         3        1.466441e+00
        42         3       -1.290550e+00
        43         3        3.397057e-01
        44         3       -1.596893e+00
        45         3       -9.096248e-02
        46         3        4.066374e-01
        47         3       -2.341021e-01
        48         3       -3.291927e-01
        49         3       -8.534161e-01
        50         3       -9.680797e-02
        51         3       -1.462760e+00
        52         3       -1.246339e+00
        53         3       -1.554772e+00
        54         3       -1.008675e+00
        55         3        9.970034e-01
        56         3        8.435285e-01
        57         3        8.401627e-01
        58         3        6.759754e-01
        59         3       -1.213358e+00
        60         3        5.609986e-02
        61         3       -1.996461e+00
        62         3        3.319030e-01
        63         3        1.698719e-02
        64         3        1.282366e+00
        65         3       -7.677483e-01
        66         3       -1.936172e+00
        67         3        9.993877e-01
        68         3       -1.132614e-01
        69         3       -4.742937e-01
        70         3       -6.694864e-01
        71         3        1.168154e+00
        72         3        3.926194e-01
        73         3       -3.689212e-01
        74         3       -2.632959e-01
        75         3        7.940104e-01
        76         3       -2.684378e-01
        77         3       -1.584088e+00
        78         3       -3.889053e-02
        79         3        9.089601e-01
        80         3       -2.788532e+00
        81         3        2.576254e-01
        82         3       -1.146940e+00
        83         3       -1.692217e+00
        84         3        5.088357e-01
        85         3       -1.300993e+00
        86         3        1.065148e-01
        87         3        3.689135e-01
         1         4       -3.583960e-01
         2         4        1.834398e-02
         3         4        7.521209e-01
         4         4        8.464729e-01
         5         4        3.102407e-02
         6         4        1.714705e-01
         7         4        5.388134e-01
         8         4       -7.782827e-01
         9         4       -4.638877e-01
        10         4       -5.943479e-01
        11         4        4.454732e-01
        12         4        9.192561e-01
        13         4        2.527663e+00
        14         4        1.177158e+00
        15         4       -1.350438e+00
        16         4        1.907507e+00
        17         4        8.131809e-02
        18         4       -3.322431e-01
        19         4        5.646994e-01
        20         4        1.340389e+00
        21         4       -1.447994e+00
        22         4        1.005737e+00
        23         4       -2.073583e+00
        24         4        7.187239e-01
        25         4       -1.403645e+00
        26         4        7.775346e-01
        27         4        5.208846e-01
        28         4        2.311163e-01
        29         4        9.019863e-01
        30         4       -5.380046e-01
        31         4       -4.645503e-01
        32         4       -6.359124e-02
        33         4        3.801210e-01
        34         4       -3.276190e-01
        35         4       -5.491556e-01
        36         4        1.321939e+00
        37         4        1.146280e+00
        38         4        7.581201e-01
        39         4        1.942321e+00
        40         4       -6.206741e-01
        41         4       -8.808475e-01
        42         4        1.558080e-01
        43         4       -9.568565e-01
        44         4        1.037089e+00
        45         4       -2.075434e-01
        46         4       -1.756545e-01
        47         4        2.950753e-01
        48         4       -1.158666e+00
        49         4        1.435454e-01
        50         4        1.167846e+00
        51         4        2.606114e-01
        52         4        3.674455e-01
        53         4        3.615471e-01
        54         4        1.350106e+00
        55         4        6.591209e-01
        56         4        2.103472e+00
        57         4       -5.216502e-02
        58         4        4.205324e-01
        59         4        7.130981e-01
        60         4        1.039153e+00
        61         4        2.098627e+00
        62         4        1.837059e+00
        63         4        1.477295e-02
        64         4       -3.866292e-01
        65         4        6.901371e-01
        66         4       -2.732828e+00
        67         4        7.808824e-01
        68         4        8.703211e-02
        69         4       -1.435725e+00
        70         4       -3.035309e-01
        71         4       -5.741366e-01
        72         4       -6.429057e-01
        73         4        8.772237e-01
        74         4       -3.768806e-01
        75         4       -2.994497e-02
        76         4        6.789473e-01
        77         4        1.038499e+00
        78         4       -1.483091e+00
        79         4       -6.329055e-01
        80         4       -3.968252e-01
        81         4        4.323723e-01
        82         4       -9.868989e-01
        83         4       -1.412284e+00
        84         4       -1.246016e+00
        85         4        1.076136e+00
        86         4       -2.625311e-01
        87         4        4.551238e-01
         1         5       -1.612704e+00
         2         5       -3.812510e-01
         3         5        4.076834e-02
         4         5       -1.352571e+00
         5         5        4.421109e-01
         6         5       -5.283650e-01
         7         5        5.022554e-01
         8         5       -2.208488e-01
         9         5       -1.770878e+00
        10         5        5.935657e-01
        11         5       -4.025048e-01
        12         5       -6.112073e-01
        13         5        1.173771e+00
        14         5       -2.150878e+00
        15         5        2.707495e-01
        16         5        7.470947e-01
        17         5       -9.456640e-02
        18         5        6.906323e-01
        19         5        5.784884e-02
        20         5        7.572401e-01
        21         5       -6.519707e-01
        22         5        2.891612e-01
        23         5       -6.729521e-01
        24         5        9.507473e-02
        25         5       -5.174575e-01
        26         5       -6.011863e-01
        27         5        1.400104e+00
        28         5       -2.315020e+00
        29         5        2.031509e-01
        30         5        4.661169e-01
        31         5       -1.096200e+00
        32         5       -2.303502e-01
        33         5        1.030341e+00
        34         5        1.014840e+00
        35         5       -1.137509e-01
        36         5        1.259768e+00
        37         5        1.037126e+00
        38         5       -1.818114e-01
        39         5        1.144013e+00
        40         5        1.162928e+00
        41         5        4.515225e-01
        42         5        1.051488e+00
        43         5        2.003514e+00
        44         5       -4.721319e-01
        45         5       -6.489216e-02
        46         5        1.406894e+00
        47         5        1.088232e+00
        48         5       -6.189929e-01
        49         5        1.681984e-01
        50         5        2.636329e-02
        51         5       -5.529946e-02
        52         5        2.228299e-01
        53         5       -3.635555e-02
        54         5        1.143229e+00
        55         5       -1.112704e+00
        56         5       -1.094577e+00
        57         5        2.638405e-01
        58         5       -9.626639e-01
        59         5        1.003179e+00
        60         5        9.527106e-01
        61         5        8.856774e-01
        62         5        7.131292e-02
        63         5       -9.284061e-01
        64         5       -7.997739e-01
        65         5        2.603264e-01
        66         5        3.780644e-01
        67         5        7.665171e-02
        68         5        1.235854e+00
        69         5        1.791067e+00
        70         5       -8.448509e-01
        71         5        2.050020e+00
        72         5       -5.471632e-01
        73         5       -8.008406e-01
        74         5        1.571366e+00
        75         5        1.027157e+00
        76         5        5.333894e-01
        77         5       -5.802920e-01
        78         5        1.248092e+00
        79         5       -3.082697e-01
        80         5        1.485865e-01
        81         5       -4.951421e-01
        82         5       -1.029203e+00
        83         5        6.945062e-04
        84         5        2.485105e-01
        85         5        7.514244e-01
        86         5       -1.297812e+00
        87         5       -3.759120e-01
;

param theta:=
    1        1.031603e+00
    2       -2.895978e-01
    3       -7.353373e-01
    4        8.588803e-02
    5        2.078262e+00
;
param X_true:=
    1       -8.980655e-01
    2        1.086431e+00
    3        2.599240e+00
    4       -3.592425e+00
    5       -2.048796e+00
    6       -2.032894e+00
    7        3.271202e+00
    8       -2.473417e-01
    9       -3.480433e+00
   10       -1.221141e+00
   11       -5.079772e-01
   12       -7.590473e-01
   13        4.635672e+00
   14       -1.732128e+00
   15       -1.098697e+00
   16        2.429811e+00
   17       -1.392898e+00
   18        2.257239e+00
   19       -6.758682e-01
   20        1.819995e+00
   21       -1.927931e+00
   22        5.679909e-01
   23       -1.574624e+00
   24        2.025796e+00
   25       -6.845688e-01
   26       -2.626957e+00
   27        2.834138e+00
   28       -4.469478e+00
   29        2.084262e+00
   30        6.113253e-01
   31        1.289854e+00
   32       -3.993801e+00
   33        2.648601e+00
   34        1.669271e+00
   35       -2.714170e-02
   36        4.300531e+00
   37        2.599856e+00
   38        5.613748e-01
   39        5.471656e+00
   40       -1.328898e-01
   41        6.376459e-01
   42        1.565022e+00
   43        4.731008e+00
   44       -1.044680e+00
   45       -1.819068e+00
   46        2.892747e-01
   47        3.242610e+00
   48       -9.680754e-01
   49       -9.850491e-01
   50        5.618290e-01
   51        2.982543e-01
   52        3.477035e-01
   53        8.805389e-01
   54        3.906376e+00
   55       -4.089234e+00
   56       -3.081870e+00
   57        8.265821e-02
   58       -2.091535e+00
   59        2.348939e+00
   60        3.856136e+00
   61        3.622382e+00
   62        5.388937e-01
   63       -2.099730e+00
   64       -1.569795e+00
   65       -4.875408e-01
   66        2.904055e+00
   67       -1.304756e+00
   68       -2.835418e-02
   69        3.935415e+00
   70       -1.021496e+00
   71        1.949201e+00
   72       -9.788717e-01
   73       -4.285757e+00
   74        2.569699e+00
   75        1.374945e+00
   76        2.058904e+00
   77        7.655673e-01
   78        7.550728e-01
   79       -1.437586e+00
   80        1.643451e+00
   81       -2.430004e+00
   82        5.064692e-01
   83        1.846704e+00
   84       -2.510538e-01
   85        2.004368e+00
   86       -1.895671e+00
   87       -7.407725e-01
;
param X:=
    1       -1.674649e+00
    2       -3.108503e-01
    3        2.599240e+00
    4       -3.592425e+00
    5       -2.048796e+00
    6       -2.032894e+00
    7        3.271202e+00
    8       -7.906022e-01
    9       -3.480433e+00
   10       -1.221141e+00
   11       -5.079772e-01
   12       -7.590473e-01
   13        4.635672e+00
   14       -2.637410e-01
   15       -1.098697e+00
   16        2.429811e+00
   17        3.226282e-01
   18        2.257239e+00
   19       -6.758682e-01
   20        1.172358e+00
   21       -5.451626e-01
   22        5.679909e-01
   23       -1.574624e+00
   24        1.119217e+00
   25       -6.845688e-01
   26       -2.626957e+00
   27        2.834138e+00
   28       -4.469478e+00
   29        2.084262e+00
   30        1.526562e+00
   31        1.289854e+00
   32       -3.993801e+00
   33        2.648601e+00
   34        1.669271e+00
   35       -2.964714e-01
   36        4.300531e+00
   37        2.599856e+00
   38        5.613748e-01
   39        5.471656e+00
   40       -1.328898e-01
   41        6.376459e-01
   42        1.565022e+00
   43        4.731008e+00
   44        6.082430e-01
   45       -1.819068e+00
   46        2.892747e-01
   47        3.242610e+00
   48       -2.911763e-01
   49       -9.850491e-01
   50        5.618290e-01
   51        2.982543e-01
   52        1.296273e+00
   53        8.805389e-01
   54        3.906376e+00
   55       -4.089234e+00
   56       -3.081870e+00
   57        8.265821e-02
   58       -2.091535e+00
   59        2.348939e+00
   60        3.856136e+00
   61        3.622382e+00
   62        5.388937e-01
   63       -2.099730e+00
   64       -1.569795e+00
   65       -4.875408e-01
   66        2.904055e+00
   67       -1.304756e+00
   68       -4.772000e-01
   69        3.935415e+00
   70       -1.021496e+00
   71        1.949201e+00
   72       -9.788717e-01
   73       -4.285757e+00
   74        2.569699e+00
   75        1.374945e+00
   76        2.058904e+00
   77        7.655673e-01
   78        7.407332e-01
   79       -1.437586e+00
   80        1.899305e+00
   81       -2.430004e+00
   82       -4.464178e-02
   83        6.968113e-01
   84       -2.510538e-01
   85        2.004368e+00
   86       -1.895671e+00
   87       -7.407725e-01
;
param outliervec:=
    1    1
    2    1
    3    0
    4    0
    5    0
    6    0
    7    0
    8    1
    9    0
   10    0
   11    0
   12    0
   13    0
   14    1
   15    0
   16    0
   17    1
   18    0
   19    0
   20    1
   21    1
   22    0
   23    0
   24    1
   25    0
   26    0
   27    0
   28    0
   29    0
   30    1
   31    0
   32    0
   33    0
   34    0
   35    1
   36    0
   37    0
   38    0
   39    0
   40    0
   41    0
   42    0
   43    0
   44    1
   45    0
   46    0
   47    0
   48    1
   49    0
   50    0
   51    0
   52    1
   53    0
   54    0
   55    0
   56    0
   57    0
   58    0
   59    0
   60    0
   61    0
   62    0
   63    0
   64    0
   65    0
   66    0
   67    0
   68    1
   69    0
   70    0
   71    0
   72    0
   73    0
   74    0
   75    0
   76    0
   77    0
   78    1
   79    0
   80    1
   81    0
   82    1
   83    1
   84    0
   85    0
   86    0
   87    0
; 
param greedy_time :=         2.155012e-01
;