data;


param FN:= 0;
param D:= 100;
param U_Original:=
         1         1        3.204029e-01
         2         1        1.275335e+00
         3         1       -1.049765e-01
         4         1       -8.098301e-01
         5         1        3.269249e-01
         6         1        1.258031e+00
         7         1       -7.383681e-01
         8         1       -7.277291e-01
         9         1       -7.693482e-01
        10         1       -4.186395e-03
        11         1        2.088509e-01
        12         1        1.544684e+00
        13         1       -5.991116e-01
        14         1        8.291465e-01
        15         1        1.054410e-01
        16         1       -1.317113e-01
        17         1       -2.008969e+00
        18         1       -1.938643e+00
        19         1       -9.705249e-01
        20         1        2.003902e+00
        21         1        7.249742e-01
        22         1        2.590722e-02
        23         1        7.431396e-01
        24         1        8.654196e-01
        25         1       -1.012346e+00
        26         1       -1.153602e+00
        27         1        2.789979e-01
        28         1        1.175807e+00
        29         1        9.868743e-01
        30         1       -5.530265e-01
        31         1        4.631954e-01
        32         1        1.377417e-01
        33         1       -7.955510e-01
        34         1       -4.407366e-01
        35         1        4.419464e-01
        36         1       -1.148089e+00
        37         1        5.869586e-01
        38         1       -1.689202e+00
        39         1        3.061880e-01
        40         1        5.315095e-01
        41         1       -9.757708e-01
        42         1       -3.140495e-01
        43         1       -2.721820e-02
        44         1        3.770719e-02
        45         1        7.794915e-01
        46         1        1.511294e+00
        47         1       -1.325276e+00
        48         1       -6.784007e-02
        49         1       -1.091380e+00
        50         1       -2.903055e-01
        51         1        3.362565e-01
        52         1       -1.941909e-01
        53         1        1.371750e+00
        54         1        2.031893e+00
        55         1       -6.048181e-01
        56         1        3.531307e-01
        57         1       -2.517228e-01
        58         1        6.007209e-01
        59         1       -1.345545e+00
        60         1        1.069820e+00
        61         1        2.687665e-01
        62         1        2.863087e-02
        63         1       -7.628511e-02
        64         1       -7.076368e-01
        65         1       -3.178366e-01
        66         1        4.332036e-01
        67         1        1.010223e+00
        68         1        3.927144e-01
        69         1        7.778199e-01
        70         1       -5.901803e-01
        71         1       -1.216193e+00
        72         1        2.308756e-02
        73         1        2.871526e-01
        74         1       -1.273164e-01
        75         1       -3.099110e-01
        76         1       -1.048951e+00
        77         1        1.108297e-01
        78         1        8.960403e-01
        79         1       -6.285585e-01
        80         1        1.635508e-01
        81         1        1.319638e-01
        82         1        1.219584e+00
        83         1        1.050434e+00
        84         1       -2.526931e-01
        85         1       -1.187684e+00
        86         1       -4.266246e-01
        87         1        9.198675e-01
        88         1        5.374425e-01
        89         1       -1.105853e+00
        90         1        5.698787e-02
        91         1       -3.794819e-01
        92         1       -3.426335e-01
        93         1        9.229364e-01
        94         1       -7.429883e-02
        95         1       -3.378319e-01
        96         1       -1.877558e-01
        97         1        4.543415e-01
        98         1        7.095900e-01
        99         1       -6.533944e-01
       100         1       -4.045824e-01
         1         2       -1.379708e+00
         2         2        8.758476e-01
         3         2        2.605767e-01
         4         2        1.121265e-01
         5         2       -8.095610e-01
         6         2        6.441040e-02
         7         2       -1.040446e-01
         8         2       -1.974971e+00
         9         2        1.243646e+00
        10         2       -8.679815e-02
        11         2       -2.569348e+00
        12         2       -7.926113e-01
        13         2       -1.300720e+00
        14         2        3.614668e-02
        15         2       -5.140040e-01
        16         2        1.631640e+00
        17         2       -1.135980e+00
        18         2       -1.079139e+00
        19         2        1.076313e+00
        20         2       -5.951289e-01
        21         2        4.290845e-01
        22         2        7.663767e-01
        23         2        5.469644e-01
        24         2        1.535403e+00
        25         2       -1.626157e+00
        26         2       -1.413740e+00
        27         2       -2.125664e-01
        28         2        4.711262e-01
        29         2       -4.719227e-01
        30         2       -1.207239e+00
        31         2        3.049688e+00
        32         2       -1.238203e+00
        33         2       -2.356998e+00
        34         2       -3.962452e-01
        35         2        1.582438e+00
        36         2       -9.444841e-01
        37         2        1.143679e+00
        38         2       -5.219189e-01
        39         2        1.076619e+00
        40         2        1.342395e+00
        41         2       -6.074483e-01
        42         2       -3.140582e-01
        43         2        1.392625e+00
        44         2       -2.767631e-01
        45         2       -9.358013e-02
        46         2        6.928711e-01
        47         2       -1.871430e+00
        48         2       -7.949249e-01
        49         2        8.379825e-01
        50         2        1.307669e+00
        51         2       -8.326140e-01
        52         2       -1.186567e+00
        53         2        7.140780e-01
        54         2        1.897311e-01
        55         2       -5.309421e-01
        56         2       -1.067141e+00
        57         2        2.621478e-01
        58         2       -1.503901e+00
        59         2       -4.368151e-01
        60         2        1.509466e+00
        61         2       -4.001866e-02
        62         2       -1.298502e-01
        63         2       -7.536865e-01
        64         2       -5.856004e-01
        65         2        3.711896e-01
        66         2       -4.014521e-01
        67         2       -4.937028e-01
        68         2       -1.903665e+00
        69         2       -6.599814e-01
        70         2       -1.429009e+00
        71         2        1.232035e+00
        72         2       -3.240496e-01
        73         2       -2.477102e-01
        74         2       -4.929839e-02
        75         2       -2.086633e-01
        76         2        7.971206e-01
        77         2       -4.932485e-01
        78         2       -2.401056e-01
        79         2        1.511659e+00
        80         2       -5.553927e-01
        81         2       -6.605222e-02
        82         2        1.178225e+00
        83         2        1.836390e-02
        84         2        1.791250e+00
        85         2       -2.561267e-01
        86         2       -8.532964e-01
        87         2       -2.492177e-01
        88         2       -9.564104e-01
        89         2       -7.729964e-01
        90         2        9.835734e-01
        91         2       -1.831162e+00
        92         2        9.097791e-01
        93         2       -6.353677e-01
        94         2        9.825928e-01
        95         2       -4.293775e-01
        96         2        3.555998e-01
        97         2        1.343250e+00
        98         2        6.880593e-01
        99         2        1.284123e-01
       100         2        2.576696e+00
         1         3        3.626327e-01
         2         3        4.884118e-01
         3         3        1.247124e+00
         4         3        2.087749e-01
         5         3       -1.125021e-01
         6         3        3.063780e-01
         7         3       -1.500839e-01
         8         3        2.214514e-01
         9         3        6.267056e-02
        10         3        3.352289e-01
        11         3        7.975185e-01
        12         3        8.566055e-01
        13         3       -4.595926e-01
        14         3       -2.675357e-01
        15         3       -6.626456e-01
        16         3        1.643434e+00
        17         3       -4.110083e-01
        18         3       -1.339465e+00
        19         3        4.644341e-01
        20         3        1.369421e+00
        21         3       -6.052935e-01
        22         3        5.462635e-01
        23         3       -4.744334e-01
        24         3       -1.219105e-01
        25         3       -3.151829e-01
        26         3       -5.258590e-02
        27         3        9.580307e-01
        28         3       -3.892696e-01
        29         3        1.545224e+00
        30         3        1.341946e-01
        31         3       -1.049077e+00
        32         3       -7.537014e-01
        33         3       -1.010779e+00
        34         3       -5.945266e-02
        35         3       -1.521273e+00
        36         3        1.386773e-01
        37         3       -8.202971e-02
        38         3       -4.402218e-01
        39         3        9.670426e-01
        40         3        1.324323e+00
        41         3       -1.693038e-01
        42         3        1.117057e+00
        43         3        3.973659e-01
        44         3        1.194425e+00
        45         3        1.050488e-01
        46         3        4.422835e-02
        47         3        1.880954e+00
        48         3        8.444303e-01
        49         3       -2.805237e-01
        50         3       -8.023107e-01
        51         3        4.481844e-01
        52         3       -2.126364e-01
        53         3        3.547446e-01
        54         3        2.308045e-01
        55         3        5.144604e-02
        56         3       -2.420401e-01
        57         3        1.695378e+00
        58         3        6.322095e-01
        59         3       -2.939802e-01
        60         3       -8.749116e-01
        61         3        1.004053e+00
        62         3        1.572853e-02
        63         3        3.754923e-01
        64         3        3.296707e+00
        65         3        7.642716e-01
        66         3        4.611716e-01
        67         3        8.407728e-01
        68         3       -1.267926e+00
        69         3        5.584594e-01
        70         3        1.245498e+00
        71         3        1.328101e-02
        72         3       -6.553209e-01
        73         3       -1.082452e+00
        74         3        1.694779e+00
        75         3        5.890517e-01
        76         3       -6.913866e-01
        77         3        2.881801e-01
        78         3       -2.055125e-02
        79         3       -1.519132e+00
        80         3        7.861145e-01
        81         3        1.242054e+00
        82         3       -6.306458e-01
        83         3        4.057740e-01
        84         3       -7.322661e-01
        85         3        4.682359e-01
        86         3       -4.742557e-01
        87         3       -5.558525e-01
        88         3        1.413425e+00
        89         3       -2.175124e-01
        90         3        3.485112e-01
        91         3       -1.311191e+00
        92         3       -1.008940e+00
        93         3       -1.069418e+00
        94         3        5.649753e-01
        95         3        2.618989e-01
        96         3       -6.581339e-01
        97         3       -6.289962e-01
        98         3       -6.221716e-01
        99         3        1.438650e+00
       100         3       -2.153773e-01
         1         4       -1.125400e+00
         2         4        8.358789e-01
         3         4        7.191623e-01
         4         4       -6.838306e-01
         5         4        8.017794e-01
         6         4        8.735618e-01
         7         4        2.988944e-01
         8         4        4.985975e-01
         9         4       -1.139977e+00
        10         4        1.329459e+00
        11         4       -7.682198e-01
        12         4       -4.036142e-01
        13         4       -5.331621e-01
        14         4        3.909683e-01
        15         4       -1.516296e-01
        16         4       -1.473746e+00
        17         4        2.283423e-01
        18         4        6.571869e-01
        19         4       -6.441021e-01
        20         4        4.523060e-01
        21         4        5.781006e-01
        22         4        6.960591e-01
        23         4       -2.868743e-01
        24         4       -7.755813e-01
        25         4        3.904933e-01
        26         4       -7.063704e-01
        27         4        1.029992e+00
        28         4       -1.050893e+00
        29         4        3.573330e-01
        30         4       -1.349184e-01
        31         4        1.365749e+00
        32         4        1.251583e+00
        33         4       -1.767957e+00
        34         4        8.517366e-01
        35         4       -6.734964e-02
        36         4       -2.194147e-01
        37         4        1.185501e+00
        38         4        1.506845e+00
        39         4        8.420919e-01
        40         4        1.638277e-01
        41         4       -2.715046e-01
        42         4       -2.504644e+00
        43         4        4.598735e-01
        44         4       -1.100383e+00
        45         4        1.975333e-01
        46         4       -1.076437e+00
        47         4       -2.132029e+00
        48         4        8.811207e-01
        49         4       -2.102059e+00
        50         4       -5.644739e-02
        51         4       -6.567060e-01
        52         4        3.592631e-01
        53         4       -1.039658e+00
        54         4        1.773155e+00
        55         4        1.560720e+00
        56         4        5.122716e-01
        57         4        9.487982e-01
        58         4        1.113926e+00
        59         4        1.776013e-02
        60         4        6.678950e-01
        61         4        1.258466e+00
        62         4       -1.051309e+00
        63         4       -1.057396e+00
        64         4       -1.450573e+00
        65         4        5.983294e-02
        66         4        6.809694e-01
        67         4        6.326906e-01
        68         4       -3.831239e-01
        69         4        2.315567e-01
        70         4        1.619758e-01
        71         4        2.151975e-01
        72         4       -9.321135e-01
        73         4        1.364295e+00
        74         4       -8.825144e-01
        75         4       -6.590775e-01
        76         4       -3.276946e+00
        77         4       -1.431383e+00
        78         4       -5.568844e-01
        79         4       -5.317687e-01
        80         4        3.404293e-01
        81         4       -1.348167e+00
        82         4        1.630752e-01
        83         4       -1.246899e+00
        84         4       -5.356785e-01
        85         4        7.728522e-01
        86         4        1.011964e+00
        87         4       -5.694337e-01
        88         4        2.556137e-01
        89         4        9.159839e-02
        90         4       -5.480693e-02
        91         4       -7.260587e-01
        92         4        9.589945e-01
        93         4       -9.661617e-01
        94         4        9.649239e-01
        95         4        2.336485e+00
        96         4       -2.977862e-01
        97         4       -6.555087e-02
        98         4       -7.113159e-01
        99         4       -1.039539e+00
       100         4       -1.243209e+00
         1         5        1.965849e-01
         2         5        8.526715e-01
         3         5       -3.208227e-01
         4         5        1.009577e+00
         5         5       -2.828038e-01
         6         5       -5.807420e-02
         7         5        8.581380e-01
         8         5       -6.757045e-01
         9         5        1.002684e+00
        10         5        1.145793e-01
        11         5        1.367338e+00
        12         5        1.826232e+00
        13         5        1.053980e+00
        14         5        2.481207e+00
        15         5       -4.645558e-01
        16         5       -4.295770e-01
        17         5       -5.162846e-01
        18         5        1.141403e+00
        19         5       -2.449010e-01
        20         5        1.105066e+00
        21         5        1.249509e+00
        22         5       -3.000167e-01
        23         5       -1.463670e+00
        24         5        1.387456e+00
        25         5        1.676419e+00
        26         5        1.333468e+00
        27         5       -2.620111e-01
        28         5        3.096211e-01
        29         5       -4.009987e-01
        30         5       -6.343547e-01
        31         5        1.639118e+00
        32         5        3.305911e-01
        33         5       -3.366155e-01
        34         5       -8.493404e-01
        35         5        4.332753e-01
        36         5       -1.820080e-01
        37         5        5.372808e-01
        38         5        3.605121e-01
        39         5       -3.453452e-01
        40         5       -8.435524e-01
        41         5        8.555552e-01
        42         5       -7.390722e-01
        43         5       -7.603227e-01
        44         5        3.616278e-01
        45         5       -7.484727e-01
        46         5        2.746165e-01
        47         5        1.234684e-01
        48         5        1.720075e-01
        49         5        2.003901e+00
        50         5        4.367517e-01
        51         5        1.116617e+00
        52         5       -3.469030e-01
        53         5       -7.605742e-02
        54         5       -1.280988e+00
        55         5        1.851921e-01
        56         5       -1.239716e+00
        57         5        1.252031e+00
        58         5        1.467996e+00
        59         5       -1.015943e+00
        60         5        7.649484e-01
        61         5        5.452717e-01
        62         5        1.407648e+00
        63         5       -1.068375e-01
        64         5       -2.322073e-01
        65         5        7.374998e-01
        66         5        2.563615e-01
        67         5        3.691871e-02
        68         5        4.602437e-03
        69         5        2.399624e-01
        70         5       -7.134250e-01
        71         5        1.486151e+00
        72         5       -4.522340e-01
        73         5       -1.693256e+00
        74         5       -8.694437e-01
        75         5       -4.704289e-01
        76         5       -1.479605e+00
        77         5       -7.034557e-01
        78         5        2.170950e+00
        79         5       -3.082397e-01
        80         5        6.667923e-01
        81         5       -1.076294e+00
        82         5       -1.186376e-01
        83         5       -4.002803e-01
        84         5        5.637356e-01
        85         5       -1.305476e-01
        86         5       -1.418828e+00
        87         5        3.200449e-01
        88         5       -8.100954e-01
        89         5        1.212741e+00
        90         5        4.077588e-02
        91         5       -1.528274e+00
        92         5       -1.074233e+00
        93         5        1.308179e+00
        94         5       -9.604568e-03
        95         5        1.155278e+00
        96         5       -1.698319e-01
        97         5       -1.308133e+00
        98         5        6.647542e-03
        99         5        1.700314e+00
       100         5        7.918050e-01
;
param X_Original:=
    1       -4.964840e-01
    2        5.409766e-01
    3        1.203546e+00
    4        1.919924e+00
    5        6.590108e-01
    6        8.633062e-02
    7       -1.006576e+00
    8       -1.048336e+00
    9       -1.003514e+00
   10       -4.556184e-01
   11       -2.796594e-01
   12        1.453574e+00
   13        1.221209e+00
   14        9.054288e-01
   15        1.822060e+00
   16       -8.656076e-01
   17       -9.853419e-01
   18        1.025041e+00
   19       -1.151394e+00
   20        7.299018e-01
   21       -3.001255e-01
   22        2.185346e+00
   23        6.820380e-01
   24        1.600012e+00
   25       -2.469857e-01
   26        4.282109e-01
   27        4.716765e-02
   28       -3.189913e+00
   29        3.472883e-01
   30       -2.373849e-01
   31        5.727633e-01
   32        2.374244e-01
   33        3.295183e-01
   34       -1.874680e-01
   35       -1.615030e+00
   36        1.962307e+00
   37        1.146611e+00
   38        3.924421e+00
   39       -4.479567e-01
   40       -1.030048e+00
   41       -1.272952e+00
   42        1.294004e+00
   43        5.788568e-02
   44        4.418871e-01
   45        2.964207e-01
   46       -3.637136e+00
   47        4.933362e-01
   48        4.435661e-01
   49       -8.207805e-01
   50       -4.293856e-01
   51       -1.014495e+00
   52       -6.255603e-01
   53       -4.327793e-01
   54        5.330075e-01
   55       -1.246229e+00
   56        2.196597e-01
   57        6.873175e-01
   58        6.725998e-01
   59       -4.860526e-01
   60        2.846740e-01
   61       -9.907279e-01
   62       -2.008531e+00
   63        3.020403e-01
   64        2.889881e-01
   65       -9.237002e-01
   66       -5.718800e-01
   67        3.554322e-02
   68        1.059595e+00
   69       -5.977340e-01
   70        5.595403e-01
   71       -3.752975e-01
   72        7.342454e-01
   73        2.321499e-01
   74        1.270241e+00
   75       -1.728187e+00
   76        1.319616e-01
   77       -7.488199e-01
   78       -5.563986e-02
   79       -2.308075e+00
   80        1.174504e+00
   81       -4.907131e-01
   82       -3.460202e-01
   83        1.068498e-02
   84       -3.039718e+00
   85        1.136649e+00
   86        7.466628e-01
   87       -1.000674e+00
   88       -1.109246e+00
   89       -6.627876e-01
   90        6.246521e-01
   91        2.277398e-01
   92        4.095805e-01
   93       -2.608180e-01
   94       -1.157099e+00
   95       -5.796564e-01
   96        2.690513e+00
   97        1.087011e+00
   98        8.073940e-01
   99       -1.394759e+00
  100        1.249830e+00
;
param outliervec_original :=
    1    1
    2    1
    3    0
    4    1
    5    1
    6    0
    7    1
    8    1
    9    1
   10    1
   11    1
   12    1
   13    1
   14    1
   15    1
   16    1
   17    1
   18    1
   19    1
   20    1
   21    1
   22    1
   23    1
   24    1
   25    1
   26    1
   27    1
   28    0
   29    1
   30    1
   31    1
   32    1
   33    1
   34    1
   35    1
   36    0
   37    1
   38    0
   39    1
   40    1
   41    1
   42    1
   43    1
   44    1
   45    1
   46    0
   47    1
   48    1
   49    1
   50    1
   51    1
   52    1
   53    1
   54    1
   55    1
   56    1
   57    1
   58    1
   59    1
   60    1
   61    1
   62    1
   63    1
   64    1
   65    1
   66    1
   67    1
   68    0
   69    1
   70    1
   71    0
   72    1
   73    1
   74    1
   75    1
   76    1
   77    1
   78    1
   79    1
   80    0
   81    1
   82    1
   83    1
   84    0
   85    1
   86    1
   87    1
   88    1
   89    1
   90    1
   91    1
   92    1
   93    1
   94    1
   95    1
   96    1
   97    1
   98    1
   99    1
  100    1
;
param d:= 64;
param r:=5;
param p:=0.900000;
param M:=1000;
param U:=
         1         1        3.204029e-01
         2         1        1.275335e+00
         3         1       -1.049765e-01
         4         1        3.269249e-01
         5         1        1.258031e+00
         6         1       -7.693482e-01
         7         1       -5.991116e-01
         8         1        8.291465e-01
         9         1       -1.317113e-01
        10         1       -1.938643e+00
        11         1       -9.705249e-01
        12         1        2.003902e+00
        13         1        7.249742e-01
        14         1       -1.153602e+00
        15         1        2.789979e-01
        16         1        1.175807e+00
        17         1        9.868743e-01
        18         1       -5.530265e-01
        19         1       -7.955510e-01
        20         1        4.419464e-01
        21         1       -1.148089e+00
        22         1        5.869586e-01
        23         1       -1.689202e+00
        24         1        3.061880e-01
        25         1        5.315095e-01
        26         1       -2.721820e-02
        27         1        3.770719e-02
        28         1        7.794915e-01
        29         1        1.511294e+00
        30         1       -1.325276e+00
        31         1       -6.784007e-02
        32         1       -1.091380e+00
        33         1       -2.903055e-01
        34         1        3.362565e-01
        35         1        2.031893e+00
        36         1        3.531307e-01
        37         1       -2.517228e-01
        38         1        6.007209e-01
        39         1        1.069820e+00
        40         1        2.863087e-02
        41         1       -7.628511e-02
        42         1       -7.076368e-01
        43         1       -3.178366e-01
        44         1        1.010223e+00
        45         1        3.927144e-01
        46         1        7.778199e-01
        47         1       -5.901803e-01
        48         1       -1.216193e+00
        49         1        2.871526e-01
        50         1       -3.099110e-01
        51         1        1.108297e-01
        52         1        8.960403e-01
        53         1       -6.285585e-01
        54         1        1.635508e-01
        55         1        1.319638e-01
        56         1        1.219584e+00
        57         1       -2.526931e-01
        58         1       -1.187684e+00
        59         1       -4.266246e-01
        60         1        9.198675e-01
        61         1       -3.794819e-01
        62         1       -3.426335e-01
        63         1        9.229364e-01
        64         1       -6.533944e-01
         1         2       -1.379708e+00
         2         2        8.758476e-01
         3         2        2.605767e-01
         4         2       -8.095610e-01
         5         2        6.441040e-02
         6         2        1.243646e+00
         7         2       -1.300720e+00
         8         2        3.614668e-02
         9         2        1.631640e+00
        10         2       -1.079139e+00
        11         2        1.076313e+00
        12         2       -5.951289e-01
        13         2        4.290845e-01
        14         2       -1.413740e+00
        15         2       -2.125664e-01
        16         2        4.711262e-01
        17         2       -4.719227e-01
        18         2       -1.207239e+00
        19         2       -2.356998e+00
        20         2        1.582438e+00
        21         2       -9.444841e-01
        22         2        1.143679e+00
        23         2       -5.219189e-01
        24         2        1.076619e+00
        25         2        1.342395e+00
        26         2        1.392625e+00
        27         2       -2.767631e-01
        28         2       -9.358013e-02
        29         2        6.928711e-01
        30         2       -1.871430e+00
        31         2       -7.949249e-01
        32         2        8.379825e-01
        33         2        1.307669e+00
        34         2       -8.326140e-01
        35         2        1.897311e-01
        36         2       -1.067141e+00
        37         2        2.621478e-01
        38         2       -1.503901e+00
        39         2        1.509466e+00
        40         2       -1.298502e-01
        41         2       -7.536865e-01
        42         2       -5.856004e-01
        43         2        3.711896e-01
        44         2       -4.937028e-01
        45         2       -1.903665e+00
        46         2       -6.599814e-01
        47         2       -1.429009e+00
        48         2        1.232035e+00
        49         2       -2.477102e-01
        50         2       -2.086633e-01
        51         2       -4.932485e-01
        52         2       -2.401056e-01
        53         2        1.511659e+00
        54         2       -5.553927e-01
        55         2       -6.605222e-02
        56         2        1.178225e+00
        57         2        1.791250e+00
        58         2       -2.561267e-01
        59         2       -8.532964e-01
        60         2       -2.492177e-01
        61         2       -1.831162e+00
        62         2        9.097791e-01
        63         2       -6.353677e-01
        64         2        1.284123e-01
         1         3        3.626327e-01
         2         3        4.884118e-01
         3         3        1.247124e+00
         4         3       -1.125021e-01
         5         3        3.063780e-01
         6         3        6.267056e-02
         7         3       -4.595926e-01
         8         3       -2.675357e-01
         9         3        1.643434e+00
        10         3       -1.339465e+00
        11         3        4.644341e-01
        12         3        1.369421e+00
        13         3       -6.052935e-01
        14         3       -5.258590e-02
        15         3        9.580307e-01
        16         3       -3.892696e-01
        17         3        1.545224e+00
        18         3        1.341946e-01
        19         3       -1.010779e+00
        20         3       -1.521273e+00
        21         3        1.386773e-01
        22         3       -8.202971e-02
        23         3       -4.402218e-01
        24         3        9.670426e-01
        25         3        1.324323e+00
        26         3        3.973659e-01
        27         3        1.194425e+00
        28         3        1.050488e-01
        29         3        4.422835e-02
        30         3        1.880954e+00
        31         3        8.444303e-01
        32         3       -2.805237e-01
        33         3       -8.023107e-01
        34         3        4.481844e-01
        35         3        2.308045e-01
        36         3       -2.420401e-01
        37         3        1.695378e+00
        38         3        6.322095e-01
        39         3       -8.749116e-01
        40         3        1.572853e-02
        41         3        3.754923e-01
        42         3        3.296707e+00
        43         3        7.642716e-01
        44         3        8.407728e-01
        45         3       -1.267926e+00
        46         3        5.584594e-01
        47         3        1.245498e+00
        48         3        1.328101e-02
        49         3       -1.082452e+00
        50         3        5.890517e-01
        51         3        2.881801e-01
        52         3       -2.055125e-02
        53         3       -1.519132e+00
        54         3        7.861145e-01
        55         3        1.242054e+00
        56         3       -6.306458e-01
        57         3       -7.322661e-01
        58         3        4.682359e-01
        59         3       -4.742557e-01
        60         3       -5.558525e-01
        61         3       -1.311191e+00
        62         3       -1.008940e+00
        63         3       -1.069418e+00
        64         3        1.438650e+00
         1         4       -1.125400e+00
         2         4        8.358789e-01
         3         4        7.191623e-01
         4         4        8.017794e-01
         5         4        8.735618e-01
         6         4       -1.139977e+00
         7         4       -5.331621e-01
         8         4        3.909683e-01
         9         4       -1.473746e+00
        10         4        6.571869e-01
        11         4       -6.441021e-01
        12         4        4.523060e-01
        13         4        5.781006e-01
        14         4       -7.063704e-01
        15         4        1.029992e+00
        16         4       -1.050893e+00
        17         4        3.573330e-01
        18         4       -1.349184e-01
        19         4       -1.767957e+00
        20         4       -6.734964e-02
        21         4       -2.194147e-01
        22         4        1.185501e+00
        23         4        1.506845e+00
        24         4        8.420919e-01
        25         4        1.638277e-01
        26         4        4.598735e-01
        27         4       -1.100383e+00
        28         4        1.975333e-01
        29         4       -1.076437e+00
        30         4       -2.132029e+00
        31         4        8.811207e-01
        32         4       -2.102059e+00
        33         4       -5.644739e-02
        34         4       -6.567060e-01
        35         4        1.773155e+00
        36         4        5.122716e-01
        37         4        9.487982e-01
        38         4        1.113926e+00
        39         4        6.678950e-01
        40         4       -1.051309e+00
        41         4       -1.057396e+00
        42         4       -1.450573e+00
        43         4        5.983294e-02
        44         4        6.326906e-01
        45         4       -3.831239e-01
        46         4        2.315567e-01
        47         4        1.619758e-01
        48         4        2.151975e-01
        49         4        1.364295e+00
        50         4       -6.590775e-01
        51         4       -1.431383e+00
        52         4       -5.568844e-01
        53         4       -5.317687e-01
        54         4        3.404293e-01
        55         4       -1.348167e+00
        56         4        1.630752e-01
        57         4       -5.356785e-01
        58         4        7.728522e-01
        59         4        1.011964e+00
        60         4       -5.694337e-01
        61         4       -7.260587e-01
        62         4        9.589945e-01
        63         4       -9.661617e-01
        64         4       -1.039539e+00
         1         5        1.965849e-01
         2         5        8.526715e-01
         3         5       -3.208227e-01
         4         5       -2.828038e-01
         5         5       -5.807420e-02
         6         5        1.002684e+00
         7         5        1.053980e+00
         8         5        2.481207e+00
         9         5       -4.295770e-01
        10         5        1.141403e+00
        11         5       -2.449010e-01
        12         5        1.105066e+00
        13         5        1.249509e+00
        14         5        1.333468e+00
        15         5       -2.620111e-01
        16         5        3.096211e-01
        17         5       -4.009987e-01
        18         5       -6.343547e-01
        19         5       -3.366155e-01
        20         5        4.332753e-01
        21         5       -1.820080e-01
        22         5        5.372808e-01
        23         5        3.605121e-01
        24         5       -3.453452e-01
        25         5       -8.435524e-01
        26         5       -7.603227e-01
        27         5        3.616278e-01
        28         5       -7.484727e-01
        29         5        2.746165e-01
        30         5        1.234684e-01
        31         5        1.720075e-01
        32         5        2.003901e+00
        33         5        4.367517e-01
        34         5        1.116617e+00
        35         5       -1.280988e+00
        36         5       -1.239716e+00
        37         5        1.252031e+00
        38         5        1.467996e+00
        39         5        7.649484e-01
        40         5        1.407648e+00
        41         5       -1.068375e-01
        42         5       -2.322073e-01
        43         5        7.374998e-01
        44         5        3.691871e-02
        45         5        4.602437e-03
        46         5        2.399624e-01
        47         5       -7.134250e-01
        48         5        1.486151e+00
        49         5       -1.693256e+00
        50         5       -4.704289e-01
        51         5       -7.034557e-01
        52         5        2.170950e+00
        53         5       -3.082397e-01
        54         5        6.667923e-01
        55         5       -1.076294e+00
        56         5       -1.186376e-01
        57         5        5.637356e-01
        58         5       -1.305476e-01
        59         5       -1.418828e+00
        60         5        3.200449e-01
        61         5       -1.528274e+00
        62         5       -1.074233e+00
        63         5        1.308179e+00
        64         5        1.700314e+00
;

param theta:=
    1       -8.797913e-01
    2       -1.237566e+00
    3        3.489221e-01
    4        1.325291e+00
    5       -1.415751e-01
;
param X_true:=
    1        3.280856e-02
    2       -1.048465e+00
    3        1.203546e+00
    4        1.777634e+00
    5        8.633062e-02
    6       -2.493118e+00
    7        1.120647e+00
    8       -7.006892e-01
    9       -3.222279e+00
   10        3.283109e+00
   11       -1.135049e+00
   12       -1.056950e-01
   13       -7.907947e-01
   14        1.621246e+00
   15        1.754016e+00
   16       -3.189913e+00
   17        7.852965e-01
   18        1.938412e+00
   19        9.687768e-01
   20       -3.028598e+00
   21        1.962307e+00
   22       -4.653328e-01
   23        3.924421e+00
   24       -9.943740e-02
   25       -1.330289e+00
   26       -8.437611e-01
   27       -7.834252e-01
   28       -1.655701e-01
   29       -3.637136e+00
   30        1.295254e+00
   31        2.481487e+00
   32       -3.244296e+00
   33       -1.779506e+00
   34       -1.374507e-01
   35        5.893878e-01
   36        1.779945e+00
   37        1.568770e+00
   38        2.821704e+00
   39       -2.337701e+00
   40       -1.451581e+00
   41       -2.553620e-01
   42        6.080289e-01
   43        6.181379e-02
   44        8.488417e-01
   45        1.059595e+00
   46        6.002178e-01
   47        3.037978e+00
   48       -3.752975e-01
   49        1.724044e+00
   50       -7.044360e-02
   51       -1.183934e+00
   52       -1.543739e+00
   53       -2.508946e+00
   54        1.174504e+00
   55       -1.235314e+00
   56       -2.518239e+00
   57       -3.039718e+00
   58        2.568002e+00
   59        2.807891e+00
   60       -1.494793e+00
   61        1.396673e+00
   62        2.465237e-01
   63       -1.864476e+00
   64       -7.005054e-01
;
param X:=
    1       -4.964840e-01
    2        5.409766e-01
    3        1.203546e+00
    4        6.590108e-01
    5        8.633062e-02
    6       -1.003514e+00
    7        1.221209e+00
    8        9.054288e-01
    9       -8.656076e-01
   10        1.025041e+00
   11       -1.151394e+00
   12        7.299018e-01
   13       -3.001255e-01
   14        4.282109e-01
   15        4.716765e-02
   16       -3.189913e+00
   17        3.472883e-01
   18       -2.373849e-01
   19        3.295183e-01
   20       -1.615030e+00
   21        1.962307e+00
   22        1.146611e+00
   23        3.924421e+00
   24       -4.479567e-01
   25       -1.030048e+00
   26        5.788568e-02
   27        4.418871e-01
   28        2.964207e-01
   29       -3.637136e+00
   30        4.933362e-01
   31        4.435661e-01
   32       -8.207805e-01
   33       -4.293856e-01
   34       -1.014495e+00
   35        5.330075e-01
   36        2.196597e-01
   37        6.873175e-01
   38        6.725998e-01
   39        2.846740e-01
   40       -2.008531e+00
   41        3.020403e-01
   42        2.889881e-01
   43       -9.237002e-01
   44        3.554322e-02
   45        1.059595e+00
   46       -5.977340e-01
   47        5.595403e-01
   48       -3.752975e-01
   49        2.321499e-01
   50       -1.728187e+00
   51       -7.488199e-01
   52       -5.563986e-02
   53       -2.308075e+00
   54        1.174504e+00
   55       -4.907131e-01
   56       -3.460202e-01
   57       -3.039718e+00
   58        1.136649e+00
   59        7.466628e-01
   60       -1.000674e+00
   61        2.277398e-01
   62        4.095805e-01
   63       -2.608180e-01
   64       -1.394759e+00
;
param outliervec:=
    1    1
    2    1
    3    0
    4    1
    5    0
    6    1
    7    1
    8    1
    9    1
   10    1
   11    1
   12    1
   13    1
   14    1
   15    1
   16    0
   17    1
   18    1
   19    1
   20    1
   21    0
   22    1
   23    0
   24    1
   25    1
   26    1
   27    1
   28    1
   29    0
   30    1
   31    1
   32    1
   33    1
   34    1
   35    1
   36    1
   37    1
   38    1
   39    1
   40    1
   41    1
   42    1
   43    1
   44    1
   45    0
   46    1
   47    1
   48    0
   49    1
   50    1
   51    1
   52    1
   53    1
   54    0
   55    1
   56    1
   57    0
   58    1
   59    1
   60    1
   61    1
   62    1
   63    1
   64    1
; 
param greedy_time :=         4.587874e-01
;