data;


param FN:= 1;
param D:= 100;
param U_Original:=
         1         1       -1.537891e-01
         2         1       -1.432931e+00
         3         1       -1.043188e-01
         4         1        2.942295e-02
         5         1       -9.934973e-02
         6         1       -2.751039e+00
         7         1       -1.362718e+00
         8         1        2.649810e-01
         9         1        3.201161e-01
        10         1       -3.578745e-01
        11         1       -1.614587e-01
        12         1        5.815350e-01
        13         1        1.201244e+00
        14         1       -4.548981e-01
        15         1        9.448194e-01
        16         1        8.309528e-01
        17         1       -8.084598e-01
        18         1        3.921060e-01
        19         1       -8.043215e-01
        20         1       -2.018817e+00
        21         1        1.215351e+00
        22         1       -8.582576e-01
        23         1        7.665468e-01
        24         1        9.123367e-01
        25         1       -1.529707e+00
        26         1       -9.993314e-01
        27         1        1.992701e-01
        28         1        4.696921e-01
        29         1       -3.556942e-01
        30         1        2.917294e-01
        31         1       -5.794524e-01
        32         1        3.051167e-01
        33         1       -3.108792e-01
        34         1       -1.216473e+00
        35         1        6.261619e-01
        36         1        1.240993e-01
        37         1        1.478247e-01
        38         1       -4.037472e-01
        39         1       -9.971558e-01
        40         1       -6.269803e-01
        41         1        4.928323e-02
        42         1       -4.449269e-01
        43         1        1.485395e-01
        44         1       -3.359078e-02
        45         1        7.339726e-01
        46         1       -9.863897e-01
        47         1        3.920608e-01
        48         1        1.540446e+00
        49         1       -1.403581e+00
        50         1       -1.175171e-01
        51         1       -5.476093e-01
        52         1        2.213455e-01
        53         1        1.712519e+00
        54         1        7.672026e-01
        55         1       -8.386992e-01
        56         1        9.888882e-01
        57         1        9.257405e-01
        58         1       -3.056937e-01
        59         1       -2.844942e-01
        60         1        7.067585e-01
        61         1       -1.348864e+00
        62         1       -3.586024e-01
        63         1       -1.108630e+00
        64         1        5.461465e-02
        65         1        1.946447e-02
        66         1        1.067058e+00
        67         1       -3.018342e+00
        68         1       -1.158351e+00
        69         1       -9.099683e-01
        70         1        6.811464e-01
        71         1       -6.637767e-01
        72         1        2.422806e-01
        73         1       -2.577508e-01
        74         1        1.830787e+00
        75         1       -2.093508e-01
        76         1       -1.073931e+00
        77         1        9.856850e-01
        78         1       -4.196035e-01
        79         1        1.326063e-01
        80         1        1.385584e+00
        81         1       -1.450372e-01
        82         1       -5.174072e-02
        83         1        1.646032e+00
        84         1        1.887335e+00
        85         1       -1.454375e+00
        86         1       -5.949869e-01
        87         1       -3.267023e-01
        88         1        7.116381e-02
        89         1        6.676363e-01
        90         1       -9.331117e-01
        91         1       -6.869390e-01
        92         1        8.415922e-02
        93         1       -9.243144e-01
        94         1       -1.768661e-01
        95         1        1.515109e-01
        96         1       -1.680036e-01
        97         1       -3.572419e-01
        98         1       -4.007904e-01
        99         1        2.061718e-01
       100         1        4.633818e-01
         1         2       -8.085673e-01
         2         2        6.360099e-01
         3         2       -3.466373e-01
         4         2       -9.245668e-01
         5         2        2.425952e+00
         6         2       -1.472228e+00
         7         2        2.267046e+00
         8         2       -8.240521e-01
         9         2        5.503877e-01
        10         2       -1.140265e+00
        11         2        2.470437e+00
        12         2        1.925789e-02
        13         2        8.078761e-03
        14         2       -1.323812e+00
        15         2       -8.238380e-01
        16         2        1.589371e+00
        17         2        5.130908e-01
        18         2        5.196934e-01
        19         2       -4.853908e-01
        20         2        2.331810e-02
        21         2       -9.482030e-01
        22         2        8.706347e-01
        23         2        6.565339e-01
        24         2        1.345270e+00
        25         2        1.254245e-01
        26         2        1.706811e+00
        27         2        4.946739e-01
        28         2       -8.232905e-01
        29         2        6.694644e-01
        30         2       -4.817693e-01
        31         2        1.778021e-01
        32         2       -8.137240e-01
        33         2        1.059594e+00
        34         2        1.890451e+00
        35         2        3.387102e-02
        36         2        6.076240e-01
        37         2       -2.594663e-01
        38         2       -2.774800e-01
        39         2        3.780483e-01
        40         2       -1.178122e+00
        41         2        2.429171e-01
        42         2       -3.720020e-01
        43         2       -8.270087e-01
        44         2        9.910362e-01
        45         2       -1.352013e+00
        46         2        5.801409e-01
        47         2       -3.023987e+00
        48         2        6.794954e-01
        49         2       -1.820471e+00
        50         2       -1.057100e-01
        51         2       -8.230058e-01
        52         2        1.203884e+00
        53         2       -1.402372e+00
        54         2        1.911829e-01
        55         2        1.473177e+00
        56         2       -1.336059e+00
        57         2       -2.239481e+00
        58         2        1.026372e+00
        59         2       -1.364624e+00
        60         2       -1.440015e+00
        61         2       -1.456768e+00
        62         2       -1.129747e+00
        63         2       -3.561290e-01
        64         2        1.993988e-01
        65         2        1.457529e+00
        66         2       -6.159163e-03
        67         2        3.992316e-03
        68         2        7.895815e-01
        69         2        1.454061e+00
        70         2       -3.623404e-01
        71         2       -7.986597e-01
        72         2        4.383284e-01
        73         2       -1.387210e+00
        74         2        5.398314e-01
        75         2       -4.034777e-01
        76         2       -2.031650e-01
        77         2       -1.110835e+00
        78         2        2.416481e-01
        79         2       -2.048600e+00
        80         2       -1.475566e+00
        81         2        7.981260e-01
        82         2       -1.013693e+00
        83         2        1.470954e+00
        84         2       -9.309104e-02
        85         2       -5.013882e-01
        86         2        2.591993e-01
        87         2        1.087648e+00
        88         2       -2.129830e+00
        89         2        3.616126e-01
        90         2        1.328530e+00
        91         2       -4.803918e-01
        92         2       -4.809862e-01
        93         2       -1.113988e+00
        94         2       -2.097483e-01
        95         2       -2.003916e+00
        96         2        5.505299e-01
        97         2       -3.754234e-02
        98         2        2.076798e+00
        99         2       -1.771265e-01
       100         2        1.857512e+00
         1         3       -2.175736e+00
         2         3       -1.682351e-01
         3         3       -2.682404e+00
         4         3        4.747324e-01
         5         3       -5.555421e-01
         6         3        2.498494e-01
         7         3       -3.691992e-02
         8         3        2.306386e+00
         9         3        1.372663e+00
        10         3       -7.781312e-01
        11         3       -1.107392e+00
        12         3        5.204341e-01
        13         3       -6.489251e-01
        14         3        5.290786e-01
        15         3       -7.471902e-01
        16         3        3.025256e-01
        17         3       -6.769441e-02
        18         3       -3.103982e+00
        19         3       -1.505629e+00
        20         3        6.515542e-01
        21         3        4.247437e-01
        22         3        1.459145e-01
        23         3        1.689319e+00
        24         3        1.273325e+00
        25         3        5.914390e-01
        26         3        9.934839e-02
        27         3       -2.176076e-01
        28         3       -3.117387e-01
        29         3        1.170286e+00
        30         3        5.031189e-01
        31         3       -4.910204e-01
        32         3        4.667415e-01
        33         3       -1.196951e+00
        34         3        8.175488e-01
        35         3       -7.170072e-01
        36         3       -1.491942e-01
        37         3        9.727526e-01
        38         3       -1.324727e-01
        39         3       -2.325194e-02
        40         3        9.715634e-02
        41         3        1.256812e+00
        42         3        3.727144e-01
        43         3       -1.294483e-02
        44         3       -2.123582e+00
        45         3       -1.760431e-01
        46         3       -1.126101e-01
        47         3       -2.073725e+00
        48         3        7.371454e-01
        49         3        2.572034e-01
        50         3        7.541850e-01
        51         3       -1.333540e+00
        52         3       -2.727973e+00
        53         3        7.979772e-01
        54         3        3.654113e-01
        55         3        5.317223e-01
        56         3        1.273351e+00
        57         3        4.716224e-01
        58         3       -7.057566e-01
        59         3        6.312667e-02
        60         3       -1.969317e+00
        61         3       -1.567409e+00
        62         3       -7.501839e-01
        63         3       -4.101094e-01
        64         3       -1.198067e+00
        65         3       -1.095514e+00
        66         3       -9.131514e-01
        67         3        5.156269e-01
        68         3        1.611298e+00
        69         3       -9.812212e-01
        70         3       -6.063049e-01
        71         3       -6.016715e-01
        72         3        4.487040e-01
        73         3       -1.663797e+00
        74         3       -4.505493e-01
        75         3        1.502770e+00
        76         3       -2.080310e+00
        77         3        7.529072e-01
        78         3       -9.853713e-01
        79         3        5.840314e-01
        80         3       -1.015175e+00
        81         3       -4.140334e-01
        82         3       -1.469840e+00
        83         3       -8.007156e-01
        84         3       -1.604435e+00
        85         3       -1.514198e+00
        86         3        2.669532e-01
        87         3        1.207261e+00
        88         3       -2.965992e-01
        89         3        1.603304e-02
        90         3       -2.470024e-02
        91         3       -5.889074e-01
        92         3       -3.903508e-02
        93         3        2.799956e-01
        94         3       -6.504695e-01
        95         3       -1.339983e+00
        96         3        2.059080e-01
        97         3       -2.787765e-01
        98         3       -2.020427e-01
        99         3       -1.356044e-01
       100         3       -4.015564e-01
         1         4        1.729791e+00
         2         4        3.904079e-02
         3         4        1.046329e+00
         4         4       -1.254346e-01
         5         4        3.030809e-01
         6         4       -9.323110e-01
         7         4        3.875329e-01
         8         4       -3.989293e-01
         9         4       -9.412519e-02
        10         4        1.099138e+00
        11         4       -3.839080e-01
        12         4        1.176404e+00
        13         4       -1.100852e+00
        14         4       -1.294401e+00
        15         4       -4.348446e-01
        16         4        2.028699e-01
        17         4        4.199042e-02
        18         4        7.095399e-01
        19         4       -5.859378e-01
        20         4        2.209311e+00
        21         4       -4.856280e-01
        22         4       -2.109172e+00
        23         4        7.062635e-01
        24         4        5.892254e-01
        25         4       -1.016927e+00
        26         4       -1.732601e-01
        27         4       -5.936694e-01
        28         4       -1.319772e+00
        29         4       -1.187268e+00
        30         4       -1.594476e+00
        31         4       -4.822152e-01
        32         4       -1.580460e+00
        33         4        2.068176e+00
        34         4        7.622143e-01
        35         4       -4.940629e-01
        36         4       -1.013725e+00
        37         4        2.356122e+00
        38         4       -2.371878e+00
        39         4       -1.134925e+00
        40         4        1.875121e+00
        41         4        9.922631e-01
        42         4       -2.303962e-01
        43         4        1.160295e+00
        44         4       -9.888954e-02
        45         4       -1.506296e+00
        46         4        7.563300e-01
        47         4        1.369740e+00
        48         4       -1.638016e-01
        49         4       -6.643192e-01
        50         4        1.407978e+00
        51         4       -2.260610e+00
        52         4       -3.380820e-01
        53         4        1.654530e-01
        54         4        2.727856e+00
        55         4       -3.410255e-02
        56         4        3.053742e-01
        57         4        1.591007e+00
        58         4        1.533081e+00
        59         4       -1.658327e+00
        60         4        1.241150e+00
        61         4        7.076192e-01
        62         4       -7.575432e-01
        63         4       -1.248936e-01
        64         4        2.618494e-01
        65         4        1.329155e+00
        66         4        1.339370e-01
        67         4        1.875828e-02
        68         4        1.214948e+00
        69         4       -1.349164e+00
        70         4       -7.385813e-01
        71         4       -3.803946e-01
        72         4       -1.547926e+00
        73         4       -1.424501e+00
        74         4        3.211693e-01
        75         4       -8.334010e-01
        76         4        5.785461e-01
        77         4       -4.869076e-01
        78         4        4.387885e-01
        79         4       -4.781368e-01
        80         4       -8.163780e-01
        81         4       -1.497472e+00
        82         4       -1.454606e+00
        83         4       -2.633614e-02
        84         4       -1.019240e+00
        85         4        9.760397e-01
        86         4       -6.079301e-01
        87         4       -1.468157e-01
        88         4       -6.553949e-01
        89         4       -5.005015e-01
        90         4       -1.844965e+00
        91         4        6.716671e-01
        92         4       -4.608221e-01
        93         4        2.241861e-01
        94         4        5.482619e-01
        95         4       -2.939264e+00
        96         4        1.763889e+00
        97         4        4.408048e-02
        98         4       -1.062543e+00
        99         4        2.581950e-01
       100         4       -1.883382e+00
         1         5        5.384818e-01
         2         5        6.177303e-01
         3         5       -3.184488e-01
         4         5        1.021159e+00
         5         5        2.732933e-01
         6         5       -1.541387e+00
         7         5       -1.013486e+00
         8         5       -2.024903e+00
         9         5       -1.668003e-01
        10         5        8.789602e-01
        11         5       -1.470431e+00
        12         5        1.670382e-01
        13         5       -1.245028e+00
        14         5        1.265773e+00
        15         5       -1.465809e+00
        16         5       -2.030337e-01
        17         5        8.260596e-01
        18         5       -3.215336e-01
        19         5        1.312971e-02
        20         5       -6.836251e-01
        21         5        7.760656e-01
        22         5        1.122011e-01
        23         5       -9.489793e-01
        24         5        4.606291e-01
        25         5       -2.594863e-01
        26         5       -2.309611e-01
        27         5        2.877407e-02
        28         5        2.745792e-01
        29         5        2.934319e-01
        30         5        5.300198e-01
        31         5        2.032666e-01
        32         5       -7.712186e-01
        33         5       -2.001448e+00
        34         5        7.535683e-01
        35         5       -5.622474e-01
        36         5       -2.874659e-01
        37         5        7.316749e-01
        38         5       -7.180347e-01
        39         5        8.580129e-01
        40         5        2.932339e+00
        41         5       -4.359578e-01
        42         5       -2.426163e-01
        43         5        1.509514e+00
        44         5       -1.185126e+00
        45         5        7.236033e-01
        46         5        4.305731e-01
        47         5        3.005126e-01
        48         5       -1.009750e+00
        49         5        7.901873e-01
        50         5        5.227919e-01
        51         5       -1.459373e+00
        52         5       -5.463179e-01
        53         5       -9.545819e-01
        54         5        2.119999e+00
        55         5       -8.565911e-01
        56         5       -3.299044e-01
        57         5       -4.268883e-01
        58         5       -1.625807e-01
        59         5        4.946944e-01
        60         5       -8.399245e-02
        61         5       -1.572671e+00
        62         5        8.207258e-03
        63         5        4.273453e-01
        64         5        5.433903e-01
        65         5        5.526207e-01
        66         5        5.435945e-01
        67         5        2.641653e-01
        68         5        5.700648e-01
        69         5       -1.282607e-01
        70         5        2.482716e-01
        71         5        1.419330e+00
        72         5        9.476157e-01
        73         5        3.704807e-01
        74         5       -7.232498e-01
        75         5        1.991985e-01
        76         5        1.195152e+00
        77         5        8.671320e-01
        78         5        1.288717e+00
        79         5        7.766460e-01
        80         5       -6.081471e-02
        81         5        2.186830e+00
        82         5        5.698567e-02
        83         5        2.538744e+00
        84         5       -1.049487e+00
        85         5        1.439758e+00
        86         5       -5.245775e-02
        87         5        7.436696e-01
        88         5        4.186070e-01
        89         5       -2.775917e-01
        90         5        2.621090e-01
        91         5       -8.240827e-01
        92         5       -1.392380e+00
        93         5        2.815399e+00
        94         5       -1.226915e+00
        95         5       -9.307056e-02
        96         5        7.158069e-01
        97         5       -2.434637e-01
        98         5        7.785841e-01
        99         5       -1.829782e+00
       100         5       -1.109471e+00
;
param X_Original:=
    1       -2.212405e+00
    2       -3.393473e-01
    3       -2.315675e+00
    4        2.484394e+00
    5       -3.219639e-01
    6        1.169928e+00
    7       -9.180250e-01
    8       -1.227991e+00
    9       -6.942976e-01
   10        3.594597e-01
   11       -1.926541e-02
   12        2.719535e-02
   13       -1.204456e+00
   14        1.265662e+00
   15        1.776923e-01
   16        4.412918e-01
   17       -6.237747e-01
   18        1.655014e-01
   19       -9.488669e-01
   20        5.322463e-01
   21        2.453140e+00
   22        1.046205e+00
   23        1.526649e+00
   24       -2.816973e-01
   25       -6.393884e-01
   26        9.919877e-01
   27        7.454905e-02
   28        6.254700e-01
   29        4.100028e-01
   30       -3.531272e-01
   31       -7.502604e-01
   32        5.866586e-01
   33       -8.005616e-01
   34       -2.580186e-01
   35       -3.049473e-01
   36        3.903192e-01
   37       -6.006939e-01
   38        1.523146e+00
   39       -2.654351e-01
   40       -6.805236e-01
   41        4.516133e-01
   42       -7.218595e-01
   43        2.251643e-01
   44       -9.923087e-01
   45        2.007892e+00
   46       -1.510522e+00
   47       -9.744540e-01
   48       -9.108466e-01
   49        1.894273e+00
   50        1.360502e-02
   51        1.642982e-01
   52       -5.721017e-01
   53        7.594001e-01
   54        1.202956e+00
   55        6.754713e-02
   56       -1.681836e+00
   57       -5.366152e-01
   58       -5.596212e-01
   59        3.941606e-02
   60       -5.809052e-01
   61        1.145588e+00
   62       -6.993773e-01
   63       -1.259938e+00
   64       -1.060513e+00
   65        5.325345e-01
   66        7.847159e-02
   67        9.081804e-01
   68       -6.185376e-02
   69        1.126679e+00
   70        9.120534e-01
   71        1.149476e+00
   72        2.282759e-02
   73        4.835310e-01
   74       -7.347748e-01
   75        1.753172e+00
   76        1.473320e+00
   77        1.187717e+00
   78        5.023410e-01
   79        5.697355e-01
   80        9.824397e-01
   81        1.152260e+00
   82        6.342434e-01
   83        1.105710e+00
   84        6.225675e-01
   85        2.608819e-01
   86        1.321127e-01
   87        7.375645e-01
   88        3.664309e-01
   89        1.171654e+00
   90        9.542301e-01
   91        9.213914e-01
   92       -9.382189e-01
   93        5.073833e-01
   94       -5.834068e-01
   95        9.898604e-01
   96       -1.265728e-01
   97       -1.642943e+00
   98       -1.469317e-02
   99       -7.816181e-01
  100        4.148493e-01
;
param outliervec_original :=
    1    1
    2    1
    3    1
    4    1
    5    1
    6    1
    7    1
    8    1
    9    1
   10    1
   11    1
   12    1
   13    1
   14    1
   15    1
   16    1
   17    1
   18    1
   19    1
   20    1
   21    0
   22    1
   23    0
   24    1
   25    1
   26    1
   27    1
   28    1
   29    1
   30    1
   31    0
   32    1
   33    1
   34    1
   35    1
   36    1
   37    1
   38    1
   39    1
   40    1
   41    1
   42    1
   43    0
   44    1
   45    0
   46    0
   47    1
   48    1
   49    1
   50    0
   51    1
   52    1
   53    1
   54    1
   55    1
   56    1
   57    1
   58    1
   59    1
   60    1
   61    1
   62    1
   63    0
   64    0
   65    1
   66    1
   67    1
   68    1
   69    1
   70    1
   71    1
   72    1
   73    1
   74    1
   75    1
   76    1
   77    1
   78    1
   79    1
   80    1
   81    1
   82    1
   83    1
   84    0
   85    1
   86    1
   87    1
   88    1
   89    1
   90    1
   91    1
   92    1
   93    0
   94    1
   95    1
   96    1
   97    1
   98    0
   99    1
  100    1
;
param d:= 64;
param r:=5;
param p:=0.880000;
param M:=1000;
param U:=
         1         1       -1.537891e-01
         2         1       -1.432931e+00
         3         1       -1.043188e-01
         4         1       -9.934973e-02
         5         1       -1.362718e+00
         6         1        5.815350e-01
         7         1       -4.548981e-01
         8         1        9.448194e-01
         9         1        8.309528e-01
        10         1       -8.084598e-01
        11         1       -8.043215e-01
        12         1        1.215351e+00
        13         1       -8.582576e-01
        14         1       -1.529707e+00
        15         1        1.992701e-01
        16         1        4.696921e-01
        17         1       -5.794524e-01
        18         1        3.051167e-01
        19         1       -1.216473e+00
        20         1        6.261619e-01
        21         1        1.240993e-01
        22         1        1.478247e-01
        23         1       -4.037472e-01
        24         1       -9.971558e-01
        25         1       -6.269803e-01
        26         1        4.928323e-02
        27         1        1.485395e-01
        28         1       -3.359078e-02
        29         1        7.339726e-01
        30         1       -9.863897e-01
        31         1        3.920608e-01
        32         1       -1.175171e-01
        33         1       -5.476093e-01
        34         1        2.213455e-01
        35         1        1.712519e+00
        36         1       -8.386992e-01
        37         1        9.257405e-01
        38         1        7.067585e-01
        39         1       -3.586024e-01
        40         1       -1.108630e+00
        41         1        5.461465e-02
        42         1        1.067058e+00
        43         1       -1.158351e+00
        44         1        6.811464e-01
        45         1       -2.577508e-01
        46         1       -2.093508e-01
        47         1        9.856850e-01
        48         1        1.326063e-01
        49         1        1.385584e+00
        50         1       -1.450372e-01
        51         1       -5.174072e-02
        52         1        1.646032e+00
        53         1        1.887335e+00
        54         1       -5.949869e-01
        55         1       -3.267023e-01
        56         1        7.116381e-02
        57         1        6.676363e-01
        58         1       -9.331117e-01
        59         1       -9.243144e-01
        60         1       -1.768661e-01
        61         1        1.515109e-01
        62         1       -4.007904e-01
        63         1        2.061718e-01
        64         1        4.633818e-01
         1         2       -8.085673e-01
         2         2        6.360099e-01
         3         2       -3.466373e-01
         4         2        2.425952e+00
         5         2        2.267046e+00
         6         2        1.925789e-02
         7         2       -1.323812e+00
         8         2       -8.238380e-01
         9         2        1.589371e+00
        10         2        5.130908e-01
        11         2       -4.853908e-01
        12         2       -9.482030e-01
        13         2        8.706347e-01
        14         2        1.254245e-01
        15         2        4.946739e-01
        16         2       -8.232905e-01
        17         2        1.778021e-01
        18         2       -8.137240e-01
        19         2        1.890451e+00
        20         2        3.387102e-02
        21         2        6.076240e-01
        22         2       -2.594663e-01
        23         2       -2.774800e-01
        24         2        3.780483e-01
        25         2       -1.178122e+00
        26         2        2.429171e-01
        27         2       -8.270087e-01
        28         2        9.910362e-01
        29         2       -1.352013e+00
        30         2        5.801409e-01
        31         2       -3.023987e+00
        32         2       -1.057100e-01
        33         2       -8.230058e-01
        34         2        1.203884e+00
        35         2       -1.402372e+00
        36         2        1.473177e+00
        37         2       -2.239481e+00
        38         2       -1.440015e+00
        39         2       -1.129747e+00
        40         2       -3.561290e-01
        41         2        1.993988e-01
        42         2       -6.159163e-03
        43         2        7.895815e-01
        44         2       -3.623404e-01
        45         2       -1.387210e+00
        46         2       -4.034777e-01
        47         2       -1.110835e+00
        48         2       -2.048600e+00
        49         2       -1.475566e+00
        50         2        7.981260e-01
        51         2       -1.013693e+00
        52         2        1.470954e+00
        53         2       -9.309104e-02
        54         2        2.591993e-01
        55         2        1.087648e+00
        56         2       -2.129830e+00
        57         2        3.616126e-01
        58         2        1.328530e+00
        59         2       -1.113988e+00
        60         2       -2.097483e-01
        61         2       -2.003916e+00
        62         2        2.076798e+00
        63         2       -1.771265e-01
        64         2        1.857512e+00
         1         3       -2.175736e+00
         2         3       -1.682351e-01
         3         3       -2.682404e+00
         4         3       -5.555421e-01
         5         3       -3.691992e-02
         6         3        5.204341e-01
         7         3        5.290786e-01
         8         3       -7.471902e-01
         9         3        3.025256e-01
        10         3       -6.769441e-02
        11         3       -1.505629e+00
        12         3        4.247437e-01
        13         3        1.459145e-01
        14         3        5.914390e-01
        15         3       -2.176076e-01
        16         3       -3.117387e-01
        17         3       -4.910204e-01
        18         3        4.667415e-01
        19         3        8.175488e-01
        20         3       -7.170072e-01
        21         3       -1.491942e-01
        22         3        9.727526e-01
        23         3       -1.324727e-01
        24         3       -2.325194e-02
        25         3        9.715634e-02
        26         3        1.256812e+00
        27         3       -1.294483e-02
        28         3       -2.123582e+00
        29         3       -1.760431e-01
        30         3       -1.126101e-01
        31         3       -2.073725e+00
        32         3        7.541850e-01
        33         3       -1.333540e+00
        34         3       -2.727973e+00
        35         3        7.979772e-01
        36         3        5.317223e-01
        37         3        4.716224e-01
        38         3       -1.969317e+00
        39         3       -7.501839e-01
        40         3       -4.101094e-01
        41         3       -1.198067e+00
        42         3       -9.131514e-01
        43         3        1.611298e+00
        44         3       -6.063049e-01
        45         3       -1.663797e+00
        46         3        1.502770e+00
        47         3        7.529072e-01
        48         3        5.840314e-01
        49         3       -1.015175e+00
        50         3       -4.140334e-01
        51         3       -1.469840e+00
        52         3       -8.007156e-01
        53         3       -1.604435e+00
        54         3        2.669532e-01
        55         3        1.207261e+00
        56         3       -2.965992e-01
        57         3        1.603304e-02
        58         3       -2.470024e-02
        59         3        2.799956e-01
        60         3       -6.504695e-01
        61         3       -1.339983e+00
        62         3       -2.020427e-01
        63         3       -1.356044e-01
        64         3       -4.015564e-01
         1         4        1.729791e+00
         2         4        3.904079e-02
         3         4        1.046329e+00
         4         4        3.030809e-01
         5         4        3.875329e-01
         6         4        1.176404e+00
         7         4       -1.294401e+00
         8         4       -4.348446e-01
         9         4        2.028699e-01
        10         4        4.199042e-02
        11         4       -5.859378e-01
        12         4       -4.856280e-01
        13         4       -2.109172e+00
        14         4       -1.016927e+00
        15         4       -5.936694e-01
        16         4       -1.319772e+00
        17         4       -4.822152e-01
        18         4       -1.580460e+00
        19         4        7.622143e-01
        20         4       -4.940629e-01
        21         4       -1.013725e+00
        22         4        2.356122e+00
        23         4       -2.371878e+00
        24         4       -1.134925e+00
        25         4        1.875121e+00
        26         4        9.922631e-01
        27         4        1.160295e+00
        28         4       -9.888954e-02
        29         4       -1.506296e+00
        30         4        7.563300e-01
        31         4        1.369740e+00
        32         4        1.407978e+00
        33         4       -2.260610e+00
        34         4       -3.380820e-01
        35         4        1.654530e-01
        36         4       -3.410255e-02
        37         4        1.591007e+00
        38         4        1.241150e+00
        39         4       -7.575432e-01
        40         4       -1.248936e-01
        41         4        2.618494e-01
        42         4        1.339370e-01
        43         4        1.214948e+00
        44         4       -7.385813e-01
        45         4       -1.424501e+00
        46         4       -8.334010e-01
        47         4       -4.869076e-01
        48         4       -4.781368e-01
        49         4       -8.163780e-01
        50         4       -1.497472e+00
        51         4       -1.454606e+00
        52         4       -2.633614e-02
        53         4       -1.019240e+00
        54         4       -6.079301e-01
        55         4       -1.468157e-01
        56         4       -6.553949e-01
        57         4       -5.005015e-01
        58         4       -1.844965e+00
        59         4        2.241861e-01
        60         4        5.482619e-01
        61         4       -2.939264e+00
        62         4       -1.062543e+00
        63         4        2.581950e-01
        64         4       -1.883382e+00
         1         5        5.384818e-01
         2         5        6.177303e-01
         3         5       -3.184488e-01
         4         5        2.732933e-01
         5         5       -1.013486e+00
         6         5        1.670382e-01
         7         5        1.265773e+00
         8         5       -1.465809e+00
         9         5       -2.030337e-01
        10         5        8.260596e-01
        11         5        1.312971e-02
        12         5        7.760656e-01
        13         5        1.122011e-01
        14         5       -2.594863e-01
        15         5        2.877407e-02
        16         5        2.745792e-01
        17         5        2.032666e-01
        18         5       -7.712186e-01
        19         5        7.535683e-01
        20         5       -5.622474e-01
        21         5       -2.874659e-01
        22         5        7.316749e-01
        23         5       -7.180347e-01
        24         5        8.580129e-01
        25         5        2.932339e+00
        26         5       -4.359578e-01
        27         5        1.509514e+00
        28         5       -1.185126e+00
        29         5        7.236033e-01
        30         5        4.305731e-01
        31         5        3.005126e-01
        32         5        5.227919e-01
        33         5       -1.459373e+00
        34         5       -5.463179e-01
        35         5       -9.545819e-01
        36         5       -8.565911e-01
        37         5       -4.268883e-01
        38         5       -8.399245e-02
        39         5        8.207258e-03
        40         5        4.273453e-01
        41         5        5.433903e-01
        42         5        5.435945e-01
        43         5        5.700648e-01
        44         5        2.482716e-01
        45         5        3.704807e-01
        46         5        1.991985e-01
        47         5        8.671320e-01
        48         5        7.766460e-01
        49         5       -6.081471e-02
        50         5        2.186830e+00
        51         5        5.698567e-02
        52         5        2.538744e+00
        53         5       -1.049487e+00
        54         5       -5.245775e-02
        55         5        7.436696e-01
        56         5        4.186070e-01
        57         5       -2.775917e-01
        58         5        2.621090e-01
        59         5        2.815399e+00
        60         5       -1.226915e+00
        61         5       -9.307056e-02
        62         5        7.785841e-01
        63         5       -1.829782e+00
        64         5       -1.109471e+00
;

param theta:=
    1        1.056804e+00
    2       -1.634859e-01
    3        9.655195e-01
    4       -5.847244e-01
    5        4.133188e-01
;
param X_true:=
    1       -2.920618e+00
    2       -1.548108e+00
    3       -3.387282e+00
    4       -1.102676e+00
    5       -2.490667e+00
    6        4.946958e-01
    7        1.525440e+00
    8        5.771722e-02
    9        7.069914e-01
   10       -6.875030e-01
   11       -1.876661e+00
   12        2.453140e+00
   13        3.731526e-01
   14       -5.777007e-01
   15        2.797878e-01
   16        1.217408e+00
   17       -7.502604e-01
   18        1.511668e+00
   19       -9.400802e-01
   20        2.013664e-02
   21        3.614100e-01
   22        6.095571e-02
   23        5.809627e-01
   24       -1.220263e-01
   25       -2.605102e-01
   26        4.664287e-01
   27        2.251643e-01
   28       -2.680049e+00
   29        2.007892e+00
   30       -1.510522e+00
   31       -1.769426e+00
   32        1.360502e-02
   33       -1.011820e+00
   34       -2.624693e+00
   35        2.317224e+00
   36       -9.479695e-01
   37        6.932587e-01
   38       -1.679247e+00
   39       -4.724744e-01
   40       -1.259938e+00
   41       -1.060513e+00
   42        3.929624e-01
   43       -2.726714e-01
   44        7.272696e-01
   45       -6.664037e-01
   46        1.865099e+00
   47        2.593697e+00
   48        1.639638e+00
   49        1.178155e+00
   50        1.095202e+00
   51       -4.318066e-01
   52        1.789643e+00
   53        6.225675e-01
   54       -7.988520e-02
   55        1.036333e+00
   56        6.919708e-01
   57        8.399312e-01
   58       -4.019586e-02
   59        5.073833e-01
   60       -1.609961e+00
   61        8.738854e-01
   62       -1.469317e-02
   63       -7.918618e-01
   64        4.420973e-01
;
param X:=
    1       -2.212405e+00
    2       -3.393473e-01
    3       -2.315675e+00
    4       -3.219639e-01
    5       -9.180250e-01
    6        2.719535e-02
    7        1.265662e+00
    8        1.776923e-01
    9        4.412918e-01
   10       -6.237747e-01
   11       -9.488669e-01
   12        2.453140e+00
   13        1.046205e+00
   14       -6.393884e-01
   15        7.454905e-02
   16        6.254700e-01
   17       -7.502604e-01
   18        5.866586e-01
   19       -2.580186e-01
   20       -3.049473e-01
   21        3.903192e-01
   22       -6.006939e-01
   23        1.523146e+00
   24       -2.654351e-01
   25       -6.805236e-01
   26        4.516133e-01
   27        2.251643e-01
   28       -9.923087e-01
   29        2.007892e+00
   30       -1.510522e+00
   31       -9.744540e-01
   32        1.360502e-02
   33        1.642982e-01
   34       -5.721017e-01
   35        7.594001e-01
   36        6.754713e-02
   37       -5.366152e-01
   38       -5.809052e-01
   39       -6.993773e-01
   40       -1.259938e+00
   41       -1.060513e+00
   42        7.847159e-02
   43       -6.185376e-02
   44        9.120534e-01
   45        4.835310e-01
   46        1.753172e+00
   47        1.187717e+00
   48        5.697355e-01
   49        9.824397e-01
   50        1.152260e+00
   51        6.342434e-01
   52        1.105710e+00
   53        6.225675e-01
   54        1.321127e-01
   55        7.375645e-01
   56        3.664309e-01
   57        1.171654e+00
   58        9.542301e-01
   59        5.073833e-01
   60       -5.834068e-01
   61        9.898604e-01
   62       -1.469317e-02
   63       -7.816181e-01
   64        4.148493e-01
;
param outliervec:=
    1    1
    2    1
    3    1
    4    1
    5    1
    6    1
    7    1
    8    1
    9    1
   10    1
   11    1
   12    0
   13    1
   14    1
   15    1
   16    1
   17    0
   18    1
   19    1
   20    1
   21    1
   22    1
   23    1
   24    1
   25    1
   26    1
   27    0
   28    1
   29    0
   30    0
   31    1
   32    0
   33    1
   34    1
   35    1
   36    1
   37    1
   38    1
   39    1
   40    0
   41    0
   42    1
   43    1
   44    1
   45    1
   46    1
   47    1
   48    1
   49    1
   50    1
   51    1
   52    1
   53    0
   54    1
   55    1
   56    1
   57    1
   58    1
   59    0
   60    1
   61    1
   62    0
   63    1
   64    1
; 
param greedy_time :=         4.328044e-01
;