data;


param FN:= 1;
param D:= 100;
param U_Original:=
         1         1        2.777255e-01
         2         1        9.054589e-01
         3         1        3.225518e-01
         4         1       -1.288157e+00
         5         1       -9.026259e-01
         6         1       -2.391307e-01
         7         1        1.461927e+00
         8         1       -1.363083e+00
         9         1        3.177416e-01
        10         1       -5.891009e-01
        11         1       -1.808535e-01
        12         1       -3.712175e-01
        13         1       -1.191196e+00
        14         1       -4.431714e-01
        15         1        1.288832e+00
        16         1       -2.059642e-01
        17         1        4.872572e-01
        18         1       -9.564552e-01
        19         1        3.842550e-01
        20         1       -9.793571e-01
        21         1        1.110370e+00
        22         1        9.523717e-01
        23         1       -2.364638e-01
        24         1       -4.486419e-01
        25         1       -4.625690e-01
        26         1       -2.158317e+00
        27         1        1.975928e-01
        28         1       -1.174982e-01
        29         1        2.802207e-03
        30         1       -2.036007e-01
        31         1       -1.416431e+00
        32         1        1.745281e+00
        33         1        1.203361e+00
        34         1       -1.159683e+00
        35         1       -1.252914e+00
        36         1       -7.145480e-01
        37         1       -9.342691e-01
        38         1       -2.991150e+00
        39         1       -1.354157e+00
        40         1       -1.530785e-01
        41         1        3.130214e-01
        42         1       -1.287113e+00
        43         1        5.380386e-02
        44         1       -5.200220e-01
        45         1        4.732025e-01
        46         1        7.895259e-02
        47         1       -1.432713e+00
        48         1        6.940622e-01
        49         1       -1.005031e+00
        50         1        3.789715e-01
        51         1       -9.595878e-01
        52         1        5.930218e-01
        53         1        7.496015e-01
        54         1        9.001494e-02
        55         1       -5.364809e-01
        56         1        4.947048e-01
        57         1        1.540698e+00
        58         1        7.708311e-01
        59         1        5.651489e-01
        60         1       -1.781568e-01
        61         1        1.201020e+00
        62         1       -5.896521e-01
        63         1       -1.357952e+00
        64         1       -8.494496e-02
        65         1        7.951874e-02
        66         1        2.000499e+00
        67         1       -1.373029e+00
        68         1        1.037592e+00
        69         1        1.887430e+00
        70         1        1.449059e+00
        71         1       -8.711107e-01
        72         1       -5.687039e-01
        73         1        2.197041e+00
        74         1        2.644296e-01
        75         1        6.548835e-01
        76         1       -1.058768e+00
        77         1        1.807906e+00
        78         1       -1.867391e-01
        79         1        1.251121e+00
        80         1       -1.990727e-01
        81         1       -4.423405e-01
        82         1       -1.351915e+00
        83         1        1.765197e-01
        84         1        9.144119e-01
        85         1       -1.610865e-01
        86         1       -3.071598e+00
        87         1       -1.385764e+00
        88         1        7.504317e-03
        89         1        2.208270e-01
        90         1        7.423865e-01
        91         1       -4.129732e-01
        92         1        4.585330e-01
        93         1       -1.141705e+00
        94         1       -8.176082e-01
        95         1        8.804899e-01
        96         1        7.391405e-01
        97         1       -8.347187e-01
        98         1       -7.790047e-01
        99         1        1.303544e+00
       100         1       -2.149095e-01
         1         2       -3.518947e-01
         2         2       -4.303649e-01
         3         2       -4.294638e-01
         4         2        5.830307e-01
         5         2        6.447932e-01
         6         2        4.537267e-01
         7         2        9.163713e-01
         8         2       -1.308980e+00
         9         2        1.481207e+00
        10         2        6.450309e-01
        11         2        1.371914e+00
        12         2        9.808310e-01
        13         2        6.890665e-01
        14         2        1.680582e+00
        15         2       -4.114600e-01
        16         2        1.005873e+00
        17         2       -1.325532e+00
        18         2        1.668767e+00
        19         2        2.352030e-01
        20         2       -4.304801e-01
        21         2       -1.397911e+00
        22         2       -6.671160e-01
        23         2        5.368126e-01
        24         2       -3.396840e-01
        25         2        6.712443e-02
        26         2       -2.183990e+00
        27         2        3.206693e-01
        28         2        7.237511e-01
        29         2       -1.398688e+00
        30         2        1.697577e+00
        31         2        1.933011e-01
        32         2       -4.970659e-01
        33         2        2.414107e-01
        34         2       -1.382898e+00
        35         2        4.246108e-01
        36         2        1.177345e+00
        37         2        5.463676e-01
        38         2       -1.038841e+00
        39         2        5.702994e-01
        40         2       -6.923465e-01
        41         2       -4.765445e-01
        42         2       -1.109433e-01
        43         2       -1.213627e+00
        44         2        3.804211e-02
        45         2       -4.212279e-01
        46         2       -7.394071e-01
        47         2       -1.475949e+00
        48         2        9.470963e-01
        49         2        3.113906e-01
        50         2        9.713004e-01
        51         2        4.572975e-01
        52         2        1.875968e+00
        53         2        7.553998e-01
        54         2       -3.139375e-01
        55         2        1.177464e+00
        56         2       -3.217363e-01
        57         2        5.956441e-01
        58         2       -3.987697e-02
        59         2       -1.196783e+00
        60         2       -6.438724e-01
        61         2       -1.190045e+00
        62         2       -1.217523e+00
        63         2        7.117998e-01
        64         2        9.375906e-01
        65         2        2.346922e-01
        66         2        1.574793e+00
        67         2        7.543705e-01
        68         2       -4.382925e-01
        69         2       -9.500217e-01
        70         2        2.517943e-01
        71         2       -1.064097e+00
        72         2       -1.191313e+00
        73         2        7.195808e-01
        74         2        5.592982e-01
        75         2       -7.547264e-01
        76         2        1.301527e+00
        77         2        1.926748e+00
        78         2        9.142095e-01
        79         2       -8.174953e-01
        80         2        1.306071e+00
        81         2        8.494874e-01
        82         2       -2.904207e-01
        83         2        2.463713e+00
        84         2       -9.313099e-01
        85         2        8.888433e-01
        86         2        3.052187e-01
        87         2       -2.554930e+00
        88         2       -2.443803e+00
        89         2        1.369573e+00
        90         2        2.541871e+00
        91         2       -5.867883e-01
        92         2       -1.796979e+00
        93         2        1.373524e+00
        94         2        1.535453e+00
        95         2       -2.169042e-02
        96         2       -1.540956e+00
        97         2        8.218655e-01
        98         2       -1.120339e+00
        99         2       -1.544924e+00
       100         2        2.953369e-01
         1         3        1.592780e+00
         2         3       -1.025397e+00
         3         3       -5.670903e-01
         4         3        8.675467e-02
         5         3        3.147517e-01
         6         3       -4.788806e-01
         7         3        1.317420e+00
         8         3        2.364350e-02
         9         3       -5.295419e-01
        10         3        1.488704e+00
        11         3        8.421970e-01
        12         3       -1.310208e+00
        13         3        4.580427e-01
        14         3       -2.535315e-01
        15         3       -3.216391e-01
        16         3       -1.638900e+00
        17         3        6.367429e-02
        18         3        9.839248e-01
        19         3       -2.315696e+00
        20         3       -3.402520e-01
        21         3        1.006989e-01
        22         3        1.396095e+00
        23         3        7.557800e-01
        24         3       -1.921836e+00
        25         3        3.239007e-01
        26         3        1.020742e+00
        27         3       -3.724953e-01
        28         3        2.926410e+00
        29         3       -3.631195e+00
        30         3       -3.555797e-01
        31         3        1.620212e-01
        32         3        6.623567e-01
        33         3       -2.135540e-01
        34         3        4.704759e-01
        35         3       -8.011422e-01
        36         3       -1.085050e+00
        37         3       -6.705102e-01
        38         3        1.712752e+00
        39         3        2.003467e+00
        40         3       -4.869966e-01
        41         3       -2.094913e-01
        42         3       -5.908103e-01
        43         3        4.270543e-01
        44         3        5.765808e-01
        45         3       -1.348347e+00
        46         3        5.041784e-01
        47         3        1.178700e+00
        48         3       -8.782570e-01
        49         3       -8.276021e-01
        50         3       -6.811740e-01
        51         3       -2.178487e-02
        52         3        1.435813e-01
        53         3        2.373319e-01
        54         3       -1.074324e+00
        55         3       -8.679602e-01
        56         3        1.155278e+00
        57         3        7.122731e-01
        58         3       -4.451417e-01
        59         3        2.401652e-01
        60         3       -3.184302e-01
        61         3       -1.811694e+00
        62         3        1.238014e+00
        63         3        1.314959e-01
        64         3        6.125328e-01
        65         3       -4.825238e-01
        66         3       -8.252899e-01
        67         3        5.164035e-01
        68         3       -2.026541e+00
        69         3       -1.474347e+00
        70         3       -1.455087e+00
        71         3       -2.217950e-01
        72         3       -2.319348e+00
        73         3       -4.234861e-01
        74         3       -7.941630e-01
        75         3       -1.475355e+00
        76         3       -7.607061e-01
        77         3        1.129544e+00
        78         3        8.549770e-01
        79         3        6.325926e-01
        80         3       -8.385575e-03
        81         3        9.165807e-01
        82         3        1.413099e+00
        83         3        4.596828e-01
        84         3        1.313187e+00
        85         3       -2.619796e+00
        86         3       -8.870300e-01
        87         3        3.548416e-01
        88         3        8.180826e-03
        89         3       -1.168414e+00
        90         3        6.006686e-01
        91         3        4.841427e-01
        92         3        2.096209e-01
        93         3        1.855606e-01
        94         3        4.896976e-01
        95         3        2.253544e-01
        96         3       -1.909463e+00
        97         3       -1.631098e+00
        98         3        2.508607e-01
        99         3       -1.629463e+00
       100         3       -1.165632e+00
         1         4        8.329971e-01
         2         4       -5.157953e-01
         3         4        1.081863e+00
         4         4        5.427024e-03
         5         4       -2.198253e+00
         6         4       -2.903477e-01
         7         4       -6.225273e-01
         8         4        4.399601e-01
         9         4       -5.706231e-01
        10         4        2.858396e+00
        11         4        6.559196e-01
        12         4       -2.018225e+00
        13         4        3.306753e-02
        14         4       -7.093369e-02
        15         4       -1.363126e+00
        16         4        1.253052e+00
        17         4       -6.489464e-01
        18         4        2.029471e+00
        19         4        7.469315e-01
        20         4       -9.927676e-01
        21         4       -1.383974e+00
        22         4       -6.360210e-01
        23         4        1.166614e+00
        24         4        4.882389e-01
        25         4       -6.487106e-01
        26         4       -1.228111e+00
        27         4       -2.293954e+00
        28         4       -2.254728e-02
        29         4        7.575712e-01
        30         4        8.304916e-01
        31         4        7.620214e-01
        32         4       -6.482651e-01
        33         4        6.132362e-01
        34         4        8.254259e-01
        35         4        4.363640e-01
        36         4       -1.172442e+00
        37         4       -3.251690e-01
        38         4       -6.812604e-01
        39         4       -2.347414e-01
        40         4        7.188793e-01
        41         4       -1.639365e-01
        42         4        9.550107e-02
        43         4        1.400207e+00
        44         4       -1.395263e+00
        45         4       -9.202839e-01
        46         4       -4.471705e-01
        47         4        1.988057e-01
        48         4       -1.535699e+00
        49         4       -2.810306e-01
        50         4        7.976257e-01
        51         4       -9.388733e-01
        52         4        2.342993e-01
        53         4       -6.869882e-01
        54         4        2.719891e-01
        55         4        9.414597e-02
        56         4       -3.860707e-01
        57         4        4.719598e-01
        58         4       -5.003941e-01
        59         4       -1.051753e+00
        60         4        2.712158e-01
        61         4        5.262044e-01
        62         4       -2.626770e+00
        63         4       -4.849260e-02
        64         4       -2.295431e-01
        65         4       -1.351166e+00
        66         4       -2.120841e+00
        67         4       -9.917743e-01
        68         4        4.765841e-01
        69         4        4.200098e-01
        70         4       -2.506842e-01
        71         4       -6.841596e-01
        72         4        3.501400e-01
        73         4       -3.614164e+00
        74         4       -1.658166e-01
        75         4        4.321371e-01
        76         4       -1.363549e+00
        77         4        6.999814e-02
        78         4        1.245484e+00
        79         4        7.229522e-01
        80         4       -5.554754e-01
        81         4       -9.721086e-01
        82         4       -8.957131e-01
        83         4        5.988757e-01
        84         4        8.422020e-01
        85         4       -2.883767e-01
        86         4        1.708743e-01
        87         4       -4.397542e-01
        88         4       -4.660795e-01
        89         4        7.784250e-01
        90         4        2.050032e-01
        91         4       -1.302966e+00
        92         4       -2.031354e+00
        93         4        1.015352e+00
        94         4        1.677388e+00
        95         4        1.648736e+00
        96         4        5.375064e-01
        97         4       -1.339920e+00
        98         4       -1.022079e+00
        99         4       -1.459964e+00
       100         4       -7.598889e-01
         1         5       -1.008672e-01
         2         5        3.436267e-01
         3         5       -6.861965e-01
         4         5       -5.225553e-01
         5         5       -1.607927e-01
         6         5        9.499185e-02
         7         5       -1.071278e+00
         8         5       -9.138912e-01
         9         5        3.132675e-01
        10         5       -3.845521e-01
        11         5        5.730587e-02
        12         5        4.782509e-01
        13         5        1.506395e+00
        14         5        5.571103e-01
        15         5       -2.141321e-01
        16         5       -2.256284e-01
        17         5        1.261016e+00
        18         5       -9.759474e-01
        19         5       -2.548543e-01
        20         5       -2.877393e-01
        21         5        6.735633e-01
        22         5       -1.197726e-01
        23         5       -1.948755e+00
        24         5        6.117172e-01
        25         5       -2.003890e-01
        26         5       -1.322665e+00
        27         5       -5.897804e-01
        28         5       -1.228917e+00
        29         5        5.771360e-01
        30         5        1.456612e+00
        31         5       -4.362336e-02
        32         5       -1.288199e+00
        33         5       -2.750532e-01
        34         5        1.182931e+00
        35         5       -7.177805e-01
        36         5        1.824127e+00
        37         5       -4.267632e-01
        38         5       -8.635659e-02
        39         5       -1.188915e+00
        40         5        1.224409e+00
        41         5        2.887771e-01
        42         5       -1.940093e+00
        43         5       -3.471302e-01
        44         5       -1.692908e+00
        45         5       -1.514142e+00
        46         5        1.192363e+00
        47         5       -4.176723e-01
        48         5       -6.812065e-01
        49         5        6.537545e-01
        50         5       -1.145035e-01
        51         5        1.569121e+00
        52         5       -1.591972e-02
        53         5        3.877014e-01
        54         5        2.090217e-01
        55         5       -6.723346e-01
        56         5       -4.626443e-01
        57         5        1.370543e+00
        58         5        1.118734e+00
        59         5       -7.318940e-01
        60         5       -1.884987e+00
        61         5        1.957574e-01
        62         5        6.605221e-01
        63         5        1.628244e-01
        64         5        5.200923e-01
        65         5       -1.093871e+00
        66         5       -6.945544e-01
        67         5       -2.016266e+00
        68         5       -4.046986e-01
        69         5       -5.148937e-01
        70         5       -1.410997e-01
        71         5       -6.896301e-01
        72         5        4.841354e-01
        73         5        8.387583e-01
        74         5       -8.881344e-01
        75         5        1.270664e+00
        76         5        2.448657e-01
        77         5       -1.185168e+00
        78         5        2.084452e-01
        79         5       -3.966042e-01
        80         5        8.422975e-03
        81         5       -1.327965e+00
        82         5        4.351719e-01
        83         5        9.541631e-01
        84         5        2.231007e+00
        85         5        1.617034e+00
        86         5        1.296600e+00
        87         5       -2.817416e+00
        88         5        1.303023e+00
        89         5        9.869657e-01
        90         5        2.447480e-01
        91         5        4.827553e-01
        92         5        3.082694e-01
        93         5       -8.221591e-01
        94         5       -2.780557e-01
        95         5       -1.153815e+00
        96         5        3.742033e-01
        97         5        8.637657e-01
        98         5        8.735617e-01
        99         5        2.802530e-01
       100         5        1.086706e+00
;
param X_Original:=
    1        1.638671e+00
    2        6.576207e-01
    3       -3.072338e-01
    4       -2.219712e-01
    5        4.331124e-02
    6        3.953114e-01
    7       -9.642933e-01
    8        7.518777e-01
    9        4.580303e-01
   10       -8.442023e-01
   11        6.127148e-01
   12       -6.980656e-01
   13       -5.022135e-01
   14        9.582599e-01
   15       -1.570345e+00
   16       -1.282651e+00
   17       -1.697631e+00
   18       -1.734339e+00
   19       -2.634489e+00
   20       -3.469936e-01
   21       -9.946486e-01
   22       -8.730199e-01
   23        3.465316e-01
   24        8.981465e-01
   25       -7.624410e-01
   26       -1.308637e+00
   27       -1.540438e+00
   28       -9.385039e-01
   29        4.473040e-01
   30       -1.800387e-02
   31        1.174151e+00
   32       -2.431162e-01
   33        1.113265e+00
   34       -1.263592e+00
   35       -1.593457e+00
   36       -1.123956e+00
   37        7.007128e-01
   38        9.358423e-01
   39        4.880925e+00
   40        5.467870e-01
   41       -9.606189e-01
   42        7.745108e-01
   43       -6.315381e-01
   44        2.045508e-01
   45        3.051060e-01
   46       -2.790815e-01
   47        5.129547e-01
   48       -4.847320e-01
   49       -4.735228e-01
   50       -1.775182e-01
   51        7.253682e-01
   52       -1.104485e+00
   53       -1.446722e-01
   54       -1.321772e+00
   55       -1.409942e+00
   56       -4.516274e-01
   57        4.577391e-01
   58        4.732934e-01
   59        1.810397e+00
   60       -9.660271e-01
   61        1.497623e-01
   62        7.757313e-01
   63        7.193350e-01
   64        1.372698e+00
   65       -2.653932e-01
   66        2.050473e-01
   67        3.186795e+00
   68        1.807010e-01
   69        3.207425e-01
   70        7.261360e-02
   71       -1.269535e+00
   72       -7.722856e-01
   73        1.121657e+00
   74        6.057897e-01
   75       -3.146865e+00
   76       -5.721777e-01
   77       -3.140720e-01
   78        1.718591e+00
   79        1.380541e-01
   80       -7.739147e-01
   81       -1.169517e+00
   82       -1.493916e-02
   83       -2.877825e-01
   84       -6.979781e-01
   85        1.431602e+00
   86        6.394223e-02
   87        5.836666e-01
   88        2.687549e-01
   89       -1.575061e+00
   90       -4.189419e-01
   91        1.426289e+00
   92        1.952254e+00
   93       -1.304362e+00
   94        3.736579e-02
   95       -2.063664e-01
   96        9.368292e-01
   97        6.146829e-01
   98        7.234664e-03
   99        1.028738e+00
  100        3.570475e-01
;
param outliervec_original :=
    1    0
    2    1
    3    0
    4    1
    5    1
    6    1
    7    1
    8    1
    9    1
   10    1
   11    1
   12    1
   13    1
   14    1
   15    1
   16    1
   17    0
   18    1
   19    0
   20    1
   21    1
   22    1
   23    1
   24    1
   25    1
   26    1
   27    1
   28    1
   29    1
   30    1
   31    1
   32    1
   33    1
   34    1
   35    1
   36    1
   37    1
   38    1
   39    0
   40    1
   41    0
   42    1
   43    1
   44    1
   45    1
   46    0
   47    1
   48    1
   49    1
   50    1
   51    1
   52    1
   53    1
   54    0
   55    1
   56    1
   57    1
   58    1
   59    1
   60    1
   61    1
   62    0
   63    1
   64    1
   65    1
   66    1
   67    0
   68    1
   69    1
   70    1
   71    1
   72    1
   73    1
   74    1
   75    0
   76    1
   77    1
   78    1
   79    1
   80    1
   81    1
   82    1
   83    1
   84    1
   85    1
   86    1
   87    1
   88    1
   89    1
   90    0
   91    1
   92    1
   93    1
   94    1
   95    1
   96    1
   97    1
   98    1
   99    1
  100    1
;
param d:= 64;
param r:=5;
param p:=0.880000;
param M:=1000;
param U:=
         1         1        2.777255e-01
         2         1        3.225518e-01
         3         1       -1.288157e+00
         4         1       -2.391307e-01
         5         1       -1.363083e+00
         6         1        3.177416e-01
         7         1       -5.891009e-01
         8         1       -1.808535e-01
         9         1       -3.712175e-01
        10         1       -1.191196e+00
        11         1       -4.431714e-01
        12         1       -2.059642e-01
        13         1        4.872572e-01
        14         1        3.842550e-01
        15         1       -9.793571e-01
        16         1       -2.364638e-01
        17         1       -2.036007e-01
        18         1       -1.416431e+00
        19         1        1.745281e+00
        20         1       -1.159683e+00
        21         1       -1.252914e+00
        22         1       -7.145480e-01
        23         1       -9.342691e-01
        24         1       -1.354157e+00
        25         1        3.130214e-01
        26         1       -1.287113e+00
        27         1        5.380386e-02
        28         1        4.732025e-01
        29         1        7.895259e-02
        30         1       -1.432713e+00
        31         1        6.940622e-01
        32         1       -1.005031e+00
        33         1        3.789715e-01
        34         1       -9.595878e-01
        35         1        5.930218e-01
        36         1        7.496015e-01
        37         1        9.001494e-02
        38         1       -5.364809e-01
        39         1        1.540698e+00
        40         1        7.708311e-01
        41         1        5.651489e-01
        42         1       -1.781568e-01
        43         1       -1.357952e+00
        44         1       -8.494496e-02
        45         1        7.951874e-02
        46         1        2.000499e+00
        47         1       -1.373029e+00
        48         1        2.197041e+00
        49         1        2.644296e-01
        50         1        6.548835e-01
        51         1       -1.058768e+00
        52         1        1.251121e+00
        53         1        1.765197e-01
        54         1        9.144119e-01
        55         1       -3.071598e+00
        56         1       -1.385764e+00
        57         1        7.504317e-03
        58         1        2.208270e-01
        59         1        7.423865e-01
        60         1       -4.129732e-01
        61         1        4.585330e-01
        62         1       -8.176082e-01
        63         1        8.804899e-01
        64         1       -7.790047e-01
         1         2       -3.518947e-01
         2         2       -4.294638e-01
         3         2        5.830307e-01
         4         2        4.537267e-01
         5         2       -1.308980e+00
         6         2        1.481207e+00
         7         2        6.450309e-01
         8         2        1.371914e+00
         9         2        9.808310e-01
        10         2        6.890665e-01
        11         2        1.680582e+00
        12         2        1.005873e+00
        13         2       -1.325532e+00
        14         2        2.352030e-01
        15         2       -4.304801e-01
        16         2        5.368126e-01
        17         2        1.697577e+00
        18         2        1.933011e-01
        19         2       -4.970659e-01
        20         2       -1.382898e+00
        21         2        4.246108e-01
        22         2        1.177345e+00
        23         2        5.463676e-01
        24         2        5.702994e-01
        25         2       -4.765445e-01
        26         2       -1.109433e-01
        27         2       -1.213627e+00
        28         2       -4.212279e-01
        29         2       -7.394071e-01
        30         2       -1.475949e+00
        31         2        9.470963e-01
        32         2        3.113906e-01
        33         2        9.713004e-01
        34         2        4.572975e-01
        35         2        1.875968e+00
        36         2        7.553998e-01
        37         2       -3.139375e-01
        38         2        1.177464e+00
        39         2        5.956441e-01
        40         2       -3.987697e-02
        41         2       -1.196783e+00
        42         2       -6.438724e-01
        43         2        7.117998e-01
        44         2        9.375906e-01
        45         2        2.346922e-01
        46         2        1.574793e+00
        47         2        7.543705e-01
        48         2        7.195808e-01
        49         2        5.592982e-01
        50         2       -7.547264e-01
        51         2        1.301527e+00
        52         2       -8.174953e-01
        53         2        2.463713e+00
        54         2       -9.313099e-01
        55         2        3.052187e-01
        56         2       -2.554930e+00
        57         2       -2.443803e+00
        58         2        1.369573e+00
        59         2        2.541871e+00
        60         2       -5.867883e-01
        61         2       -1.796979e+00
        62         2        1.535453e+00
        63         2       -2.169042e-02
        64         2       -1.120339e+00
         1         3        1.592780e+00
         2         3       -5.670903e-01
         3         3        8.675467e-02
         4         3       -4.788806e-01
         5         3        2.364350e-02
         6         3       -5.295419e-01
         7         3        1.488704e+00
         8         3        8.421970e-01
         9         3       -1.310208e+00
        10         3        4.580427e-01
        11         3       -2.535315e-01
        12         3       -1.638900e+00
        13         3        6.367429e-02
        14         3       -2.315696e+00
        15         3       -3.402520e-01
        16         3        7.557800e-01
        17         3       -3.555797e-01
        18         3        1.620212e-01
        19         3        6.623567e-01
        20         3        4.704759e-01
        21         3       -8.011422e-01
        22         3       -1.085050e+00
        23         3       -6.705102e-01
        24         3        2.003467e+00
        25         3       -2.094913e-01
        26         3       -5.908103e-01
        27         3        4.270543e-01
        28         3       -1.348347e+00
        29         3        5.041784e-01
        30         3        1.178700e+00
        31         3       -8.782570e-01
        32         3       -8.276021e-01
        33         3       -6.811740e-01
        34         3       -2.178487e-02
        35         3        1.435813e-01
        36         3        2.373319e-01
        37         3       -1.074324e+00
        38         3       -8.679602e-01
        39         3        7.122731e-01
        40         3       -4.451417e-01
        41         3        2.401652e-01
        42         3       -3.184302e-01
        43         3        1.314959e-01
        44         3        6.125328e-01
        45         3       -4.825238e-01
        46         3       -8.252899e-01
        47         3        5.164035e-01
        48         3       -4.234861e-01
        49         3       -7.941630e-01
        50         3       -1.475355e+00
        51         3       -7.607061e-01
        52         3        6.325926e-01
        53         3        4.596828e-01
        54         3        1.313187e+00
        55         3       -8.870300e-01
        56         3        3.548416e-01
        57         3        8.180826e-03
        58         3       -1.168414e+00
        59         3        6.006686e-01
        60         3        4.841427e-01
        61         3        2.096209e-01
        62         3        4.896976e-01
        63         3        2.253544e-01
        64         3        2.508607e-01
         1         4        8.329971e-01
         2         4        1.081863e+00
         3         4        5.427024e-03
         4         4       -2.903477e-01
         5         4        4.399601e-01
         6         4       -5.706231e-01
         7         4        2.858396e+00
         8         4        6.559196e-01
         9         4       -2.018225e+00
        10         4        3.306753e-02
        11         4       -7.093369e-02
        12         4        1.253052e+00
        13         4       -6.489464e-01
        14         4        7.469315e-01
        15         4       -9.927676e-01
        16         4        1.166614e+00
        17         4        8.304916e-01
        18         4        7.620214e-01
        19         4       -6.482651e-01
        20         4        8.254259e-01
        21         4        4.363640e-01
        22         4       -1.172442e+00
        23         4       -3.251690e-01
        24         4       -2.347414e-01
        25         4       -1.639365e-01
        26         4        9.550107e-02
        27         4        1.400207e+00
        28         4       -9.202839e-01
        29         4       -4.471705e-01
        30         4        1.988057e-01
        31         4       -1.535699e+00
        32         4       -2.810306e-01
        33         4        7.976257e-01
        34         4       -9.388733e-01
        35         4        2.342993e-01
        36         4       -6.869882e-01
        37         4        2.719891e-01
        38         4        9.414597e-02
        39         4        4.719598e-01
        40         4       -5.003941e-01
        41         4       -1.051753e+00
        42         4        2.712158e-01
        43         4       -4.849260e-02
        44         4       -2.295431e-01
        45         4       -1.351166e+00
        46         4       -2.120841e+00
        47         4       -9.917743e-01
        48         4       -3.614164e+00
        49         4       -1.658166e-01
        50         4        4.321371e-01
        51         4       -1.363549e+00
        52         4        7.229522e-01
        53         4        5.988757e-01
        54         4        8.422020e-01
        55         4        1.708743e-01
        56         4       -4.397542e-01
        57         4       -4.660795e-01
        58         4        7.784250e-01
        59         4        2.050032e-01
        60         4       -1.302966e+00
        61         4       -2.031354e+00
        62         4        1.677388e+00
        63         4        1.648736e+00
        64         4       -1.022079e+00
         1         5       -1.008672e-01
         2         5       -6.861965e-01
         3         5       -5.225553e-01
         4         5        9.499185e-02
         5         5       -9.138912e-01
         6         5        3.132675e-01
         7         5       -3.845521e-01
         8         5        5.730587e-02
         9         5        4.782509e-01
        10         5        1.506395e+00
        11         5        5.571103e-01
        12         5       -2.256284e-01
        13         5        1.261016e+00
        14         5       -2.548543e-01
        15         5       -2.877393e-01
        16         5       -1.948755e+00
        17         5        1.456612e+00
        18         5       -4.362336e-02
        19         5       -1.288199e+00
        20         5        1.182931e+00
        21         5       -7.177805e-01
        22         5        1.824127e+00
        23         5       -4.267632e-01
        24         5       -1.188915e+00
        25         5        2.887771e-01
        26         5       -1.940093e+00
        27         5       -3.471302e-01
        28         5       -1.514142e+00
        29         5        1.192363e+00
        30         5       -4.176723e-01
        31         5       -6.812065e-01
        32         5        6.537545e-01
        33         5       -1.145035e-01
        34         5        1.569121e+00
        35         5       -1.591972e-02
        36         5        3.877014e-01
        37         5        2.090217e-01
        38         5       -6.723346e-01
        39         5        1.370543e+00
        40         5        1.118734e+00
        41         5       -7.318940e-01
        42         5       -1.884987e+00
        43         5        1.628244e-01
        44         5        5.200923e-01
        45         5       -1.093871e+00
        46         5       -6.945544e-01
        47         5       -2.016266e+00
        48         5        8.387583e-01
        49         5       -8.881344e-01
        50         5        1.270664e+00
        51         5        2.448657e-01
        52         5       -3.966042e-01
        53         5        9.541631e-01
        54         5        2.231007e+00
        55         5        1.296600e+00
        56         5       -2.817416e+00
        57         5        1.303023e+00
        58         5        9.869657e-01
        59         5        2.447480e-01
        60         5        4.827553e-01
        61         5        3.082694e-01
        62         5       -2.780557e-01
        63         5       -1.153815e+00
        64         5        8.735617e-01
;

param theta:=
    1       -1.671201e+00
    2        1.292317e-01
    3        1.073674e+00
    4        4.592438e-01
    5       -4.222757e-01
;
param X_true:=
    1        1.638671e+00
    2       -3.072338e-01
    3        2.362176e+00
    4       -2.699070e-01
    5        2.699671e+00
    6       -1.382405e+00
    7        4.225682e+00
    8        1.484363e+00
    9       -1.975150e+00
   10        1.792212e+00
   11        3.404127e-01
   12       -6.190311e-01
   13       -1.697631e+00
   14       -2.634489e+00
   15        6.848651e-01
   16        2.542545e+00
   17       -3.496670e-02
   18        2.986988e+00
   19       -1.922939e+00
   20        2.318603e+00
   21        1.823677e+00
   22       -1.242468e+00
   23        8.751478e-01
   24        4.880925e+00
   25       -9.606189e-01
   26        2.311825e+00
   27        9.351163e-01
   28       -2.245277e+00
   29       -2.790815e-01
   30        3.794304e+00
   31       -2.432885e+00
   32        4.859220e-01
   33       -9.154548e-01
   34        5.434576e-01
   35       -4.031483e-01
   36       -1.252440e+00
   37       -1.321772e+00
   38        2.288172e-01
   39       -2.046970e+00
   40       -2.417714e+00
   41       -8.498845e-01
   42        6.381006e-01
   43        2.178721e+00
   44        5.387545e-01
   45       -8.245891e-01
   46       -4.578508e+00
   47        3.186795e+00
   48       -6.034457e+00
   49       -7.616121e-01
   50       -3.146865e+00
   51        3.206902e-01
   52       -9.198514e-01
   53        3.461022e-01
   54       -7.815137e-01
   55        3.713979e+00
   56        3.258530e+00
   57       -1.087766e+00
   58       -1.479759e+00
   59       -4.189419e-01
   60        2.373313e-01
   61       -1.723160e+00
   62        3.021949e+00
   63        8.062671e-02
   64        7.204539e-01
;
param X:=
    1        1.638671e+00
    2       -3.072338e-01
    3       -2.219712e-01
    4        3.953114e-01
    5        7.518777e-01
    6        4.580303e-01
    7       -8.442023e-01
    8        6.127148e-01
    9       -6.980656e-01
   10       -5.022135e-01
   11        9.582599e-01
   12       -1.282651e+00
   13       -1.697631e+00
   14       -2.634489e+00
   15       -3.469936e-01
   16        3.465316e-01
   17       -1.800387e-02
   18        1.174151e+00
   19       -2.431162e-01
   20       -1.263592e+00
   21       -1.593457e+00
   22       -1.123956e+00
   23        7.007128e-01
   24        4.880925e+00
   25       -9.606189e-01
   26        7.745108e-01
   27       -6.315381e-01
   28        3.051060e-01
   29       -2.790815e-01
   30        5.129547e-01
   31       -4.847320e-01
   32       -4.735228e-01
   33       -1.775182e-01
   34        7.253682e-01
   35       -1.104485e+00
   36       -1.446722e-01
   37       -1.321772e+00
   38       -1.409942e+00
   39        4.577391e-01
   40        4.732934e-01
   41        1.810397e+00
   42       -9.660271e-01
   43        7.193350e-01
   44        1.372698e+00
   45       -2.653932e-01
   46        2.050473e-01
   47        3.186795e+00
   48        1.121657e+00
   49        6.057897e-01
   50       -3.146865e+00
   51       -5.721777e-01
   52        1.380541e-01
   53       -2.877825e-01
   54       -6.979781e-01
   55        6.394223e-02
   56        5.836666e-01
   57        2.687549e-01
   58       -1.575061e+00
   59       -4.189419e-01
   60        1.426289e+00
   61        1.952254e+00
   62        3.736579e-02
   63       -2.063664e-01
   64        7.234664e-03
;
param outliervec:=
    1    0
    2    0
    3    1
    4    1
    5    1
    6    1
    7    1
    8    1
    9    1
   10    1
   11    1
   12    1
   13    0
   14    0
   15    1
   16    1
   17    1
   18    1
   19    1
   20    1
   21    1
   22    1
   23    1
   24    0
   25    0
   26    1
   27    1
   28    1
   29    0
   30    1
   31    1
   32    1
   33    1
   34    1
   35    1
   36    1
   37    0
   38    1
   39    1
   40    1
   41    1
   42    1
   43    1
   44    1
   45    1
   46    1
   47    0
   48    1
   49    1
   50    0
   51    1
   52    1
   53    1
   54    1
   55    1
   56    1
   57    1
   58    1
   59    0
   60    1
   61    1
   62    1
   63    1
   64    1
; 
param greedy_time :=         3.960835e-01
;