data;


param FN:= 0;
param D:= 100;
param U_Original:=
         1         1       -1.933773e+00
         2         1       -1.167716e+00
         3         1       -3.891133e-01
         4         1       -1.194807e-01
         5         1        8.845310e-01
         6         1       -1.399760e+00
         7         1       -4.162234e-01
         8         1        1.145316e+00
         9         1        6.585348e-01
        10         1       -1.506052e-01
        11         1       -1.671651e+00
        12         1       -1.662107e+00
        13         1       -7.287481e-01
        14         1       -9.199193e-01
        15         1       -2.256270e-01
        16         1       -6.070730e-01
        17         1        1.578045e+00
        18         1       -1.702254e-01
        19         1       -1.214655e-01
        20         1       -2.317647e-02
        21         1        8.117780e-02
        22         1        6.894308e-01
        23         1        1.046821e+00
        24         1        6.383206e-01
        25         1        9.666082e-01
        26         1       -1.837856e-01
        27         1        9.562733e-01
        28         1        8.058845e-01
        29         1        6.481256e-01
        30         1       -1.123173e+00
        31         1        3.817520e-01
        32         1        4.374282e-01
        33         1        1.545232e+00
        34         1        1.488642e+00
        35         1        4.673380e-01
        36         1       -1.547736e+00
        37         1       -1.923810e+00
        38         1        1.188870e-02
        39         1       -7.045056e-01
        40         1       -1.545967e-01
        41         1       -2.489304e-02
        42         1       -4.349432e-01
        43         1        1.149090e+00
        44         1       -6.997761e-01
        45         1        1.278661e+00
        46         1       -3.981198e-01
        47         1       -1.066277e-01
        48         1        6.633628e-01
        49         1       -2.212766e-01
        50         1       -8.513015e-01
        51         1        1.955935e-02
        52         1       -1.614941e-01
        53         1       -8.183310e-01
        54         1        1.339117e+00
        55         1        2.364568e+00
        56         1        5.854582e-01
        57         1       -1.619059e+00
        58         1        6.046583e-01
        59         1       -1.912005e+00
        60         1        1.563283e+00
        61         1       -3.733926e-01
        62         1        1.680220e+00
        63         1       -3.202367e-01
        64         1        3.070086e-02
        65         1       -1.797636e+00
        66         1        5.488970e-01
        67         1        3.700970e-01
        68         1       -4.770649e-01
        69         1       -1.483594e+00
        70         1        1.747936e+00
        71         1        1.477534e+00
        72         1       -1.176777e+00
        73         1       -5.158577e-01
        74         1        1.151330e-01
        75         1       -4.886251e-01
        76         1       -3.089975e-01
        77         1        8.696199e-01
        78         1        3.572620e-01
        79         1        6.331969e-01
        80         1        1.652294e+00
        81         1        5.202464e-01
        82         1       -1.852884e+00
        83         1       -6.113519e-01
        84         1       -3.207169e-01
        85         1        1.014410e+00
        86         1        6.665500e-01
        87         1        1.785597e+00
        88         1        6.980374e-02
        89         1        2.998266e-01
        90         1       -2.170671e+00
        91         1        8.102680e-01
        92         1        4.895344e-01
        93         1        7.395939e-01
        94         1        2.323713e-02
        95         1        2.112566e-01
        96         1        2.193586e+00
        97         1        9.654141e-01
        98         1        3.089316e-01
        99         1        7.028677e-01
       100         1       -5.463561e-02
         1         2       -4.811915e-01
         2         2        7.765074e-01
         3         2        1.120486e-01
         4         2       -8.326770e-01
         5         2        1.201276e-01
         6         2       -4.376506e-01
         7         2        9.199578e-01
         8         2        4.690432e-01
         9         2        1.636388e+00
        10         2       -7.451998e-01
        11         2        2.512131e+00
        12         2        1.960112e+00
        13         2       -4.513733e-01
        14         2       -2.567059e-01
        15         2       -1.159190e+00
        16         2       -2.176620e+00
        17         2        5.666796e-01
        18         2       -4.416596e-01
        19         2       -1.847767e+00
        20         2        3.089862e-01
        21         2       -8.253613e-01
        22         2       -3.717431e-01
        23         2       -6.724529e-03
        24         2       -2.575601e+00
        25         2        2.733633e-01
        26         2       -5.998806e-01
        27         2        6.293015e-01
        28         2       -7.537023e-01
        29         2       -5.583287e-01
        30         2       -1.063351e+00
        31         2       -1.573767e+00
        32         2       -3.592616e-01
        33         2        7.483194e-01
        34         2        9.289926e-01
        35         2        2.226568e-01
        36         2       -8.495331e-01
        37         2        2.210557e-01
        38         2       -8.343946e-01
        39         2       -9.169238e-01
        40         2       -4.078392e-01
        41         2        1.432536e+00
        42         2        1.134943e-01
        43         2        6.379762e-01
        44         2       -1.874053e+00
        45         2       -3.627846e-01
        46         2        1.801085e+00
        47         2        8.150949e-01
        48         2        1.216280e+00
        49         2        7.621458e-01
        50         2        4.377201e-01
        51         2        1.939531e+00
        52         2        8.079766e-01
        53         2       -6.930424e-01
        54         2        8.870341e-01
        55         2       -5.418332e-02
        56         2       -7.104349e-01
        57         2        1.262999e-02
        58         2        7.005812e-01
        59         2        6.163153e-01
        60         2        1.463237e+00
        61         2       -7.528829e-01
        62         2        4.872097e-01
        63         2       -3.067787e-02
        64         2        4.410027e-01
        65         2        2.073933e-01
        66         2       -1.017260e+00
        67         2        1.563121e+00
        68         2        1.161535e+00
        69         2       -6.599677e-01
        70         2       -1.235913e-01
        71         2        3.315790e-01
        72         2       -8.146704e-02
        73         2        4.897509e-01
        74         2        2.285244e-01
        75         2       -7.897071e-01
        76         2       -4.172236e-01
        77         2       -3.092677e+00
        78         2       -8.900097e-01
        79         2        7.721670e-01
        80         2        3.879814e-01
        81         2        5.975697e-01
        82         2        8.053935e-01
        83         2        2.126951e+00
        84         2        5.363743e-01
        85         2       -1.214076e+00
        86         2        1.319020e+00
        87         2       -5.697459e-01
        88         2       -1.286575e+00
        89         2       -1.597794e+00
        90         2        2.318431e-01
        91         2       -7.718594e-01
        92         2        9.722178e-01
        93         2        7.535969e-01
        94         2        3.879960e-01
        95         2       -1.846618e-01
        96         2        8.851323e-01
        97         2        5.374676e-01
        98         2       -5.384427e-01
        99         2       -3.330000e-01
       100         2       -2.140844e+00
         1         3       -4.484742e-01
         2         3        2.677912e-01
         3         3       -5.599564e-01
         4         3        1.138902e+00
         5         3       -1.553255e-01
         6         3        8.255050e-01
         7         3        1.663664e+00
         8         3        8.808661e-01
         9         3       -7.225941e-01
        10         3       -7.030681e-01
        11         3        3.454400e-01
        12         3        9.320116e-01
        13         3        1.704893e+00
        14         3        1.352174e-01
        15         3        1.119353e+00
        16         3       -1.774766e+00
        17         3       -1.187926e+00
        18         3       -4.058469e-01
        19         3       -1.166893e+00
        20         3       -7.897101e-02
        21         3       -2.014101e+00
        22         3       -4.137452e-01
        23         3       -4.324927e-01
        24         3        1.628490e+00
        25         3        1.090139e+00
        26         3       -8.738989e-02
        27         3        1.057444e+00
        28         3       -1.529797e+00
        29         3       -1.980831e+00
        30         3        1.044766e+00
        31         3       -1.045369e+00
        32         3       -9.159154e-01
        33         3        9.481151e-01
        34         3       -5.997664e-01
        35         3        1.716923e+00
        36         3       -4.231792e-01
        37         3        3.733986e-01
        38         3        6.258807e-01
        39         3        1.517882e-01
        40         3       -1.141813e-02
        41         3       -1.280895e+00
        42         3       -4.113893e-01
        43         3        8.507171e-01
        44         3       -8.802649e-01
        45         3       -1.698186e+00
        46         3       -1.389767e-01
        47         3       -7.908975e-01
        48         3       -7.836728e-01
        49         3        7.267513e-01
        50         3       -1.533932e+00
        51         3        1.285264e-01
        52         3       -7.536785e-01
        53         3       -1.971092e-01
        54         3        1.331850e+00
        55         3        3.548716e-01
        56         3        9.690810e-01
        57         3        6.284561e-01
        58         3        9.546582e-01
        59         3        2.222614e+00
        60         3        8.630365e-01
        61         3       -1.084514e+00
        62         3       -3.231470e-01
        63         3        5.220986e-01
        64         3       -5.232012e-01
        65         3       -1.482773e+00
        66         3       -5.365697e-01
        67         3       -6.304557e-01
        68         3       -7.601654e-02
        69         3       -3.863968e-01
        70         3        1.571576e+00
        71         3       -1.430927e-01
        72         3        1.955609e+00
        73         3       -1.190281e+00
        74         3        5.195862e-02
        75         3        1.008087e+00
        76         3       -6.152773e-01
        77         3       -7.713187e-02
        78         3        1.504500e+00
        79         3       -1.187392e+00
        80         3       -1.369717e-01
        81         3        1.074303e+00
        82         3       -1.346909e-01
        83         3        1.532317e+00
        84         3       -3.061805e-01
        85         3       -1.660978e+00
        86         3        6.231686e-01
        87         3        6.906504e-01
        88         3        2.103367e-01
        89         3        7.668497e-01
        90         3       -2.484414e-01
        91         3        4.874100e-01
        92         3        1.062510e+00
        93         3        1.674691e+00
        94         3        3.202272e-01
        95         3       -8.723895e-01
        96         3        5.761592e-01
        97         3       -6.582604e-01
        98         3        1.123058e+00
        99         3       -3.609414e-01
       100         3        1.207408e+00
         1         4        2.020727e-01
         2         4       -8.471507e-01
         3         4       -1.077533e+00
         4         4       -6.165592e-02
         5         4        8.934140e-01
         6         4        3.838923e-01
         7         4       -8.756195e-01
         8         4       -9.600159e-01
         9         4        4.442948e-01
        10         4        9.875414e-01
        11         4        9.625886e-01
        12         4        5.035141e-01
        13         4       -1.333019e+00
        14         4        7.404978e-01
        15         4       -2.725607e+00
        16         4        2.197695e-01
        17         4        2.194883e-01
        18         4       -7.295086e-01
        19         4        3.443852e-01
        20         4       -4.316575e-02
        21         4        1.932834e+00
        22         4       -2.099135e-01
        23         4        1.408987e+00
        24         4       -1.034487e+00
        25         4       -5.765935e-01
        26         4       -5.818496e-01
        27         4       -1.123570e+00
        28         4        5.135822e-01
        29         4       -3.235028e-01
        30         4       -1.795074e+00
        31         4        4.073666e-01
        32         4       -5.967429e-02
        33         4       -1.330597e+00
        34         4        2.276239e+00
        35         4        8.215758e-01
        36         4       -9.572941e-01
        37         4       -5.349041e-01
        38         4        3.181031e-01
        39         4        9.641397e-02
        40         4       -1.287372e+00
        41         4        9.576850e-01
        42         4        1.332716e+00
        43         4       -7.034453e-01
        44         4       -4.820502e-01
        45         4       -9.710007e-01
        46         4        2.931913e-01
        47         4       -6.669157e-01
        48         4        2.121537e-01
        49         4        3.666911e-01
        50         4        8.860861e-02
        51         4        9.668841e-01
        52         4        2.355133e-01
        53         4        1.459441e+00
        54         4       -1.777866e-01
        55         4       -9.237107e-01
        56         4        3.560774e-01
        57         4       -1.039603e+00
        58         4       -6.037818e-02
        59         4        1.252208e+00
        60         4        9.577922e-01
        61         4        4.449255e-01
        62         4       -1.170110e+00
        63         4       -5.906160e-01
        64         4       -1.766990e+00
        65         4        7.974819e-01
        66         4        1.065675e-01
        67         4       -6.302905e-01
        68         4       -1.860990e+00
        69         4       -4.122955e-01
        70         4        3.205077e-01
        71         4        4.591687e-01
        72         4       -8.894986e-01
        73         4       -9.831880e-01
        74         4        6.045695e-01
        75         4       -1.103661e+00
        76         4       -1.109188e+00
        77         4       -9.850549e-01
        78         4        6.874361e-01
        79         4        8.651220e-01
        80         4        1.755554e+00
        81         4        1.531145e+00
        82         4       -3.590651e-01
        83         4       -4.885358e-01
        84         4       -1.552012e+00
        85         4       -2.041773e-01
        86         4       -3.206285e-01
        87         4        5.912996e-01
        88         4        4.603940e-01
        89         4       -2.853922e-01
        90         4       -1.240613e+00
        91         4       -9.173356e-01
        92         4       -7.478164e-01
        93         4       -2.559787e-01
        94         4       -8.258439e-02
        95         4       -9.373659e-01
        96         4        3.264892e-01
        97         4        5.330033e-01
        98         4        1.577977e-01
        99         4        6.530055e-01
       100         4       -3.456496e-01
         1         5       -8.666522e-01
         2         5        1.289581e+00
         3         5       -1.567721e-01
         4         5        5.550030e-01
         5         5       -2.109459e-01
         6         5       -6.880524e-01
         7         5        7.671050e-01
         8         5        1.732284e+00
         9         5       -1.598450e+00
        10         5        3.026503e-01
        11         5        5.243731e-03
        12         5       -1.470223e+00
        13         5       -5.995466e-02
        14         5       -1.338281e+00
        15         5       -2.415752e+00
        16         5        1.204085e+00
        17         5       -6.262365e-01
        18         5       -1.036436e+00
        19         5        7.602466e-01
        20         5       -1.921999e+00
        21         5       -4.706424e-01
        22         5        2.459147e-01
        23         5        9.152902e-01
        24         5        2.656650e-01
        25         5       -2.074967e-01
        26         5       -7.090101e-01
        27         5       -1.158172e+00
        28         5       -1.238887e-01
        29         5       -1.862668e+00
        30         5       -1.658197e+00
        31         5       -5.324727e-02
        32         5       -4.123082e-01
        33         5        2.750381e+00
        34         5       -8.004604e-01
        35         5       -4.981453e-01
        36         5       -1.136312e+00
        37         5       -1.095220e+00
        38         5       -1.458865e+00
        39         5        2.025198e+00
        40         5       -4.119487e-01
        41         5       -1.736153e-01
        42         5        6.616126e-02
        43         5        2.966555e-01
        44         5       -2.578061e-01
        45         5        1.474171e+00
        46         5       -2.027291e+00
        47         5        7.991522e-01
        48         5       -5.242253e-01
        49         5       -1.241360e+00
        50         5       -2.998970e-01
        51         5       -5.579078e-01
        52         5        5.763108e-01
        53         5        1.284169e-01
        54         5       -6.118141e-01
        55         5       -1.620787e+00
        56         5        5.671951e-01
        57         5        2.104696e-01
        58         5        9.710550e-01
        59         5       -1.596571e+00
        60         5       -5.532801e-01
        61         5        4.473720e-01
        62         5        7.702102e-01
        63         5        6.949126e-01
        64         5       -1.371195e-01
        65         5       -2.871004e-01
        66         5       -9.698238e-01
        67         5        5.407361e-01
        68         5        2.532993e-01
        69         5        1.421891e+00
        70         5       -5.089282e-01
        71         5       -8.405748e-02
        72         5       -2.484243e+00
        73         5        9.312954e-03
        74         5        8.778767e-01
        75         5       -3.359108e-01
        76         5        1.886641e+00
        77         5       -5.593061e-01
        78         5        6.972788e-02
        79         5       -2.279839e-01
        80         5        9.512516e-01
        81         5       -5.062496e-01
        82         5       -6.111907e-01
        83         5        6.031951e-02
        84         5        8.819846e-01
        85         5        6.098032e-01
        86         5        1.208266e+00
        87         5        1.152229e+00
        88         5        9.608601e-02
        89         5        8.391229e-01
        90         5        2.198544e+00
        91         5        1.841123e+00
        92         5        4.334267e-02
        93         5       -4.565037e-01
        94         5       -6.001712e-02
        95         5       -6.785480e-01
        96         5       -2.020166e-01
        97         5       -1.418127e+00
        98         5        1.580100e-01
        99         5        7.792055e-01
       100         5       -9.024009e-01
;
param X_Original:=
    1       -2.403439e+00
    2        9.709065e-01
    3       -6.279616e-01
    4       -9.250635e-03
    5        3.354243e-01
    6       -1.038454e+00
    7       -7.139370e-02
    8        7.585319e-01
    9       -1.460080e+00
   10       -6.050848e-01
   11       -8.444749e-01
   12        8.044049e-01
   13        2.241825e+00
   14        2.087002e-01
   15       -1.086429e+00
   16       -6.256892e+00
   17        3.331473e-02
   18        1.210585e+00
   19       -1.342877e-01
   20        8.976861e-01
   21        1.394409e+00
   22       -6.382340e-01
   23        5.563223e-01
   24       -4.213864e-01
   25        6.266511e-01
   26        8.131055e-01
   27       -6.748255e-02
   28       -1.444882e+00
   29        1.374066e-01
   30        1.215364e-01
   31       -1.358772e+00
   32       -2.659594e+00
   33        7.068680e-01
   34        9.924036e-02
   35        1.424543e+00
   36       -1.133405e+00
   37        6.535047e-02
   38        9.504511e-01
   39       -4.617397e-01
   40        4.029818e-02
   41        9.051546e-01
   42        5.289545e-01
   43        1.252705e+00
   44       -2.376242e-01
   45        4.492758e-01
   46        1.148219e+00
   47        6.399494e-02
   48       -1.029230e-01
   49        7.749713e-01
   50       -8.929327e-01
   51        3.890509e+00
   52       -8.891355e-01
   53       -3.586253e-02
   54        2.488774e+00
   55        7.871627e-01
   56        1.516554e+00
   57        1.143723e+00
   58       -1.153012e+00
   59        6.756091e-01
   60       -6.944536e-01
   61       -2.612912e+00
   62        1.791171e-01
   63        8.638073e-01
   64       -7.149678e-01
   65       -5.845981e-01
   66        1.796802e+00
   67        1.225889e+00
   68        5.977287e-01
   69       -1.136975e+00
   70        8.987948e-01
   71       -9.679851e-01
   72       -8.033398e-01
   73       -6.110279e-01
   74       -6.585483e-01
   75        3.877407e-01
   76       -5.246192e-01
   77        8.457437e-01
   78       -6.250329e-01
   79       -5.380467e-02
   80       -4.801384e-01
   81        2.969229e+00
   82       -6.250930e-01
   83        6.731452e+00
   84       -3.693440e-01
   85       -6.654521e-01
   86       -1.459651e+00
   87       -1.060303e+00
   88        1.926477e-01
   89        1.373836e+00
   90        1.672094e+00
   91       -1.340913e+00
   92        1.430693e+00
   93        1.092822e+00
   94       -7.573017e-01
   95        6.542260e-03
   96        6.548819e-01
   97       -2.009112e+00
   98        6.104102e-01
   99       -1.614782e+00
  100       -1.893991e+00
;
param outliervec_original :=
    1    1
    2    1
    3    0
    4    1
    5    1
    6    1
    7    1
    8    0
    9    1
   10    1
   11    1
   12    1
   13    0
   14    1
   15    0
   16    0
   17    1
   18    1
   19    1
   20    1
   21    1
   22    1
   23    1
   24    1
   25    1
   26    1
   27    1
   28    1
   29    1
   30    1
   31    1
   32    0
   33    1
   34    0
   35    1
   36    0
   37    1
   38    1
   39    1
   40    1
   41    0
   42    1
   43    0
   44    1
   45    1
   46    1
   47    1
   48    1
   49    1
   50    0
   51    0
   52    1
   53    1
   54    0
   55    1
   56    1
   57    1
   58    1
   59    1
   60    1
   61    0
   62    1
   63    0
   64    0
   65    1
   66    1
   67    0
   68    1
   69    1
   70    1
   71    1
   72    1
   73    1
   74    1
   75    0
   76    1
   77    1
   78    1
   79    1
   80    0
   81    0
   82    1
   83    0
   84    1
   85    1
   86    1
   87    1
   88    1
   89    1
   90    0
   91    1
   92    1
   93    1
   94    1
   95    1
   96    0
   97    1
   98    0
   99    0
  100    0
;
param d:= 70;
param r:=5;
param p:=0.740000;
param M:=1000;
param U:=
         1         1       -1.167716e+00
         2         1       -3.891133e-01
         3         1       -1.194807e-01
         4         1        8.845310e-01
         5         1        1.145316e+00
         6         1       -1.506052e-01
         7         1       -7.287481e-01
         8         1       -9.199193e-01
         9         1       -2.256270e-01
        10         1       -6.070730e-01
        11         1        1.578045e+00
        12         1       -2.317647e-02
        13         1        6.894308e-01
        14         1        1.046821e+00
        15         1        9.666082e-01
        16         1        8.058845e-01
        17         1       -1.123173e+00
        18         1        4.374282e-01
        19         1        1.545232e+00
        20         1        1.488642e+00
        21         1        4.673380e-01
        22         1       -1.547736e+00
        23         1       -1.923810e+00
        24         1        1.188870e-02
        25         1       -7.045056e-01
        26         1       -1.545967e-01
        27         1       -2.489304e-02
        28         1       -4.349432e-01
        29         1        1.149090e+00
        30         1       -3.981198e-01
        31         1       -1.066277e-01
        32         1        6.633628e-01
        33         1       -2.212766e-01
        34         1       -8.513015e-01
        35         1        1.955935e-02
        36         1       -1.614941e-01
        37         1       -8.183310e-01
        38         1        1.339117e+00
        39         1        2.364568e+00
        40         1       -1.619059e+00
        41         1       -3.733926e-01
        42         1        1.680220e+00
        43         1       -3.202367e-01
        44         1        3.070086e-02
        45         1       -1.797636e+00
        46         1        3.700970e-01
        47         1       -4.770649e-01
        48         1       -1.483594e+00
        49         1        1.747936e+00
        50         1        1.477534e+00
        51         1       -5.158577e-01
        52         1        1.151330e-01
        53         1       -4.886251e-01
        54         1       -3.089975e-01
        55         1        3.572620e-01
        56         1        6.331969e-01
        57         1        1.652294e+00
        58         1        5.202464e-01
        59         1       -6.113519e-01
        60         1       -3.207169e-01
        61         1        1.785597e+00
        62         1       -2.170671e+00
        63         1        8.102680e-01
        64         1        4.895344e-01
        65         1        7.395939e-01
        66         1        2.112566e-01
        67         1        2.193586e+00
        68         1        3.089316e-01
        69         1        7.028677e-01
        70         1       -5.463561e-02
         1         2        7.765074e-01
         2         2        1.120486e-01
         3         2       -8.326770e-01
         4         2        1.201276e-01
         5         2        4.690432e-01
         6         2       -7.451998e-01
         7         2       -4.513733e-01
         8         2       -2.567059e-01
         9         2       -1.159190e+00
        10         2       -2.176620e+00
        11         2        5.666796e-01
        12         2        3.089862e-01
        13         2       -3.717431e-01
        14         2       -6.724529e-03
        15         2        2.733633e-01
        16         2       -7.537023e-01
        17         2       -1.063351e+00
        18         2       -3.592616e-01
        19         2        7.483194e-01
        20         2        9.289926e-01
        21         2        2.226568e-01
        22         2       -8.495331e-01
        23         2        2.210557e-01
        24         2       -8.343946e-01
        25         2       -9.169238e-01
        26         2       -4.078392e-01
        27         2        1.432536e+00
        28         2        1.134943e-01
        29         2        6.379762e-01
        30         2        1.801085e+00
        31         2        8.150949e-01
        32         2        1.216280e+00
        33         2        7.621458e-01
        34         2        4.377201e-01
        35         2        1.939531e+00
        36         2        8.079766e-01
        37         2       -6.930424e-01
        38         2        8.870341e-01
        39         2       -5.418332e-02
        40         2        1.262999e-02
        41         2       -7.528829e-01
        42         2        4.872097e-01
        43         2       -3.067787e-02
        44         2        4.410027e-01
        45         2        2.073933e-01
        46         2        1.563121e+00
        47         2        1.161535e+00
        48         2       -6.599677e-01
        49         2       -1.235913e-01
        50         2        3.315790e-01
        51         2        4.897509e-01
        52         2        2.285244e-01
        53         2       -7.897071e-01
        54         2       -4.172236e-01
        55         2       -8.900097e-01
        56         2        7.721670e-01
        57         2        3.879814e-01
        58         2        5.975697e-01
        59         2        2.126951e+00
        60         2        5.363743e-01
        61         2       -5.697459e-01
        62         2        2.318431e-01
        63         2       -7.718594e-01
        64         2        9.722178e-01
        65         2        7.535969e-01
        66         2       -1.846618e-01
        67         2        8.851323e-01
        68         2       -5.384427e-01
        69         2       -3.330000e-01
        70         2       -2.140844e+00
         1         3        2.677912e-01
         2         3       -5.599564e-01
         3         3        1.138902e+00
         4         3       -1.553255e-01
         5         3        8.808661e-01
         6         3       -7.030681e-01
         7         3        1.704893e+00
         8         3        1.352174e-01
         9         3        1.119353e+00
        10         3       -1.774766e+00
        11         3       -1.187926e+00
        12         3       -7.897101e-02
        13         3       -4.137452e-01
        14         3       -4.324927e-01
        15         3        1.090139e+00
        16         3       -1.529797e+00
        17         3        1.044766e+00
        18         3       -9.159154e-01
        19         3        9.481151e-01
        20         3       -5.997664e-01
        21         3        1.716923e+00
        22         3       -4.231792e-01
        23         3        3.733986e-01
        24         3        6.258807e-01
        25         3        1.517882e-01
        26         3       -1.141813e-02
        27         3       -1.280895e+00
        28         3       -4.113893e-01
        29         3        8.507171e-01
        30         3       -1.389767e-01
        31         3       -7.908975e-01
        32         3       -7.836728e-01
        33         3        7.267513e-01
        34         3       -1.533932e+00
        35         3        1.285264e-01
        36         3       -7.536785e-01
        37         3       -1.971092e-01
        38         3        1.331850e+00
        39         3        3.548716e-01
        40         3        6.284561e-01
        41         3       -1.084514e+00
        42         3       -3.231470e-01
        43         3        5.220986e-01
        44         3       -5.232012e-01
        45         3       -1.482773e+00
        46         3       -6.304557e-01
        47         3       -7.601654e-02
        48         3       -3.863968e-01
        49         3        1.571576e+00
        50         3       -1.430927e-01
        51         3       -1.190281e+00
        52         3        5.195862e-02
        53         3        1.008087e+00
        54         3       -6.152773e-01
        55         3        1.504500e+00
        56         3       -1.187392e+00
        57         3       -1.369717e-01
        58         3        1.074303e+00
        59         3        1.532317e+00
        60         3       -3.061805e-01
        61         3        6.906504e-01
        62         3       -2.484414e-01
        63         3        4.874100e-01
        64         3        1.062510e+00
        65         3        1.674691e+00
        66         3       -8.723895e-01
        67         3        5.761592e-01
        68         3        1.123058e+00
        69         3       -3.609414e-01
        70         3        1.207408e+00
         1         4       -8.471507e-01
         2         4       -1.077533e+00
         3         4       -6.165592e-02
         4         4        8.934140e-01
         5         4       -9.600159e-01
         6         4        9.875414e-01
         7         4       -1.333019e+00
         8         4        7.404978e-01
         9         4       -2.725607e+00
        10         4        2.197695e-01
        11         4        2.194883e-01
        12         4       -4.316575e-02
        13         4       -2.099135e-01
        14         4        1.408987e+00
        15         4       -5.765935e-01
        16         4        5.135822e-01
        17         4       -1.795074e+00
        18         4       -5.967429e-02
        19         4       -1.330597e+00
        20         4        2.276239e+00
        21         4        8.215758e-01
        22         4       -9.572941e-01
        23         4       -5.349041e-01
        24         4        3.181031e-01
        25         4        9.641397e-02
        26         4       -1.287372e+00
        27         4        9.576850e-01
        28         4        1.332716e+00
        29         4       -7.034453e-01
        30         4        2.931913e-01
        31         4       -6.669157e-01
        32         4        2.121537e-01
        33         4        3.666911e-01
        34         4        8.860861e-02
        35         4        9.668841e-01
        36         4        2.355133e-01
        37         4        1.459441e+00
        38         4       -1.777866e-01
        39         4       -9.237107e-01
        40         4       -1.039603e+00
        41         4        4.449255e-01
        42         4       -1.170110e+00
        43         4       -5.906160e-01
        44         4       -1.766990e+00
        45         4        7.974819e-01
        46         4       -6.302905e-01
        47         4       -1.860990e+00
        48         4       -4.122955e-01
        49         4        3.205077e-01
        50         4        4.591687e-01
        51         4       -9.831880e-01
        52         4        6.045695e-01
        53         4       -1.103661e+00
        54         4       -1.109188e+00
        55         4        6.874361e-01
        56         4        8.651220e-01
        57         4        1.755554e+00
        58         4        1.531145e+00
        59         4       -4.885358e-01
        60         4       -1.552012e+00
        61         4        5.912996e-01
        62         4       -1.240613e+00
        63         4       -9.173356e-01
        64         4       -7.478164e-01
        65         4       -2.559787e-01
        66         4       -9.373659e-01
        67         4        3.264892e-01
        68         4        1.577977e-01
        69         4        6.530055e-01
        70         4       -3.456496e-01
         1         5        1.289581e+00
         2         5       -1.567721e-01
         3         5        5.550030e-01
         4         5       -2.109459e-01
         5         5        1.732284e+00
         6         5        3.026503e-01
         7         5       -5.995466e-02
         8         5       -1.338281e+00
         9         5       -2.415752e+00
        10         5        1.204085e+00
        11         5       -6.262365e-01
        12         5       -1.921999e+00
        13         5        2.459147e-01
        14         5        9.152902e-01
        15         5       -2.074967e-01
        16         5       -1.238887e-01
        17         5       -1.658197e+00
        18         5       -4.123082e-01
        19         5        2.750381e+00
        20         5       -8.004604e-01
        21         5       -4.981453e-01
        22         5       -1.136312e+00
        23         5       -1.095220e+00
        24         5       -1.458865e+00
        25         5        2.025198e+00
        26         5       -4.119487e-01
        27         5       -1.736153e-01
        28         5        6.616126e-02
        29         5        2.966555e-01
        30         5       -2.027291e+00
        31         5        7.991522e-01
        32         5       -5.242253e-01
        33         5       -1.241360e+00
        34         5       -2.998970e-01
        35         5       -5.579078e-01
        36         5        5.763108e-01
        37         5        1.284169e-01
        38         5       -6.118141e-01
        39         5       -1.620787e+00
        40         5        2.104696e-01
        41         5        4.473720e-01
        42         5        7.702102e-01
        43         5        6.949126e-01
        44         5       -1.371195e-01
        45         5       -2.871004e-01
        46         5        5.407361e-01
        47         5        2.532993e-01
        48         5        1.421891e+00
        49         5       -5.089282e-01
        50         5       -8.405748e-02
        51         5        9.312954e-03
        52         5        8.778767e-01
        53         5       -3.359108e-01
        54         5        1.886641e+00
        55         5        6.972788e-02
        56         5       -2.279839e-01
        57         5        9.512516e-01
        58         5       -5.062496e-01
        59         5        6.031951e-02
        60         5        8.819846e-01
        61         5        1.152229e+00
        62         5        2.198544e+00
        63         5        1.841123e+00
        64         5        4.334267e-02
        65         5       -4.565037e-01
        66         5       -6.785480e-01
        67         5       -2.020166e-01
        68         5        1.580100e-01
        69         5        7.792055e-01
        70         5       -9.024009e-01
;

param theta:=
    1       -9.870322e-01
    2        1.775453e+00
    3        1.651414e+00
    4        3.658836e-01
    5       -3.314251e-02
;
param X_true:=
    1        2.676910e+00
    2       -6.279616e-01
    3        5.151003e-01
    4       -5.220372e-01
    5        7.585319e-01
    6       -1.963670e+00
    7        2.241825e+00
    8        9.551499e-01
    9       -1.086429e+00
   10       -6.256892e+00
   11       -2.477570e+00
   12        4.818100e-01
   13       -1.968767e+00
   14       -1.195190e+00
   15        1.103561e+00
   16       -4.552244e+00
   17        2.184005e-01
   18       -2.659594e+00
   19        7.398570e-01
   20        9.924036e-02
   21        3.219918e+00
   22       -1.133405e+00
   23        2.874180e+00
   24       -1.500068e-01
   25       -6.959966e-01
   26       -1.199588e+00
   27        9.051546e-01
   28        3.775325e-01
   29        1.252705e+00
   30        3.582926e+00
   31       -4.206192e-02
   32        3.945028e-01
   33        3.010746e+00
   34       -8.929327e-01
   35        3.890509e+00
   36        4.186244e-01
   37       -2.427072e-01
   38        2.488774e+00
   39       -2.198223e+00
   40        2.290614e+00
   41       -2.612912e+00
   42       -1.804770e+00
   43        8.638073e-01
   44       -7.149678e-01
   45       -1.563083e-01
   46        1.225889e+00
   47        1.781260e+00
   48       -4.803510e-01
   49        8.423691e-01
   50       -1.022402e+00
   51       -9.357521e-01
   52        5.069746e-01
   53        3.877407e-01
   54       -1.822809e+00
   55        8.796408e-01
   56       -7.853712e-01
   57       -4.801384e-01
   58        2.969229e+00
   59        6.731452e+00
   60        1.557634e-01
   61       -1.378562e+00
   62        1.672094e+00
   63       -1.573835e+00
   64        2.574388e+00
   65        3.150527e+00
   66       -2.408457e+00
   67        6.548819e-01
   68        6.104102e-01
   69       -1.614782e+00
   70       -1.893991e+00
;
param X:=
    1        9.709065e-01
    2       -6.279616e-01
    3       -9.250635e-03
    4        3.354243e-01
    5        7.585319e-01
    6       -6.050848e-01
    7        2.241825e+00
    8        2.087002e-01
    9       -1.086429e+00
   10       -6.256892e+00
   11        3.331473e-02
   12        8.976861e-01
   13       -6.382340e-01
   14        5.563223e-01
   15        6.266511e-01
   16       -1.444882e+00
   17        1.215364e-01
   18       -2.659594e+00
   19        7.068680e-01
   20        9.924036e-02
   21        1.424543e+00
   22       -1.133405e+00
   23        6.535047e-02
   24        9.504511e-01
   25       -4.617397e-01
   26        4.029818e-02
   27        9.051546e-01
   28        5.289545e-01
   29        1.252705e+00
   30        1.148219e+00
   31        6.399494e-02
   32       -1.029230e-01
   33        7.749713e-01
   34       -8.929327e-01
   35        3.890509e+00
   36       -8.891355e-01
   37       -3.586253e-02
   38        2.488774e+00
   39        7.871627e-01
   40        1.143723e+00
   41       -2.612912e+00
   42        1.791171e-01
   43        8.638073e-01
   44       -7.149678e-01
   45       -5.845981e-01
   46        1.225889e+00
   47        5.977287e-01
   48       -1.136975e+00
   49        8.987948e-01
   50       -9.679851e-01
   51       -6.110279e-01
   52       -6.585483e-01
   53        3.877407e-01
   54       -5.246192e-01
   55       -6.250329e-01
   56       -5.380467e-02
   57       -4.801384e-01
   58        2.969229e+00
   59        6.731452e+00
   60       -3.693440e-01
   61       -1.060303e+00
   62        1.672094e+00
   63       -1.340913e+00
   64        1.430693e+00
   65        1.092822e+00
   66        6.542260e-03
   67        6.548819e-01
   68        6.104102e-01
   69       -1.614782e+00
   70       -1.893991e+00
;
param outliervec:=
    1    1
    2    0
    3    1
    4    1
    5    0
    6    1
    7    0
    8    1
    9    0
   10    0
   11    1
   12    1
   13    1
   14    1
   15    1
   16    1
   17    1
   18    0
   19    1
   20    0
   21    1
   22    0
   23    1
   24    1
   25    1
   26    1
   27    0
   28    1
   29    0
   30    1
   31    1
   32    1
   33    1
   34    0
   35    0
   36    1
   37    1
   38    0
   39    1
   40    1
   41    0
   42    1
   43    0
   44    0
   45    1
   46    0
   47    1
   48    1
   49    1
   50    1
   51    1
   52    1
   53    0
   54    1
   55    1
   56    1
   57    0
   58    0
   59    0
   60    1
   61    1
   62    0
   63    1
   64    1
   65    1
   66    1
   67    0
   68    0
   69    0
   70    0
; 
param greedy_time :=         4.385344e-01
;