data;


param FN:= 0;
param D:= 100;
param U_Original:=
         1         1       -4.408932e-01
         2         1       -2.292647e-01
         3         1       -9.821187e-03
         4         1        8.076289e-02
         5         1        1.338078e-01
         6         1        1.130256e+00
         7         1       -6.018240e-01
         8         1        8.851883e-01
         9         1        1.113473e+00
        10         1        1.545227e+00
        11         1       -1.828027e+00
        12         1        1.195659e+00
        13         1        3.532083e-01
        14         1        1.586502e+00
        15         1        4.543127e-01
        16         1       -5.295325e-01
        17         1       -8.248685e-01
        18         1        4.448669e-01
        19         1       -1.753936e+00
        20         1       -1.745403e+00
        21         1        1.705892e-02
        22         1        8.129936e-01
        23         1       -1.269316e+00
        24         1        3.872479e-01
        25         1       -4.571629e-02
        26         1       -2.204600e-01
        27         1        1.928368e-01
        28         1        2.375742e-01
        29         1       -2.515639e-01
        30         1       -1.441366e+00
        31         1        2.481631e-02
        32         1       -3.605810e-01
        33         1        2.920384e+00
        34         1       -1.217209e+00
        35         1        7.592494e-01
        36         1       -4.026706e-01
        37         1       -5.298889e-02
        38         1        5.848064e-01
        39         1       -5.201596e-01
        40         1       -1.766889e-02
        41         1       -8.570034e-01
        42         1       -2.365241e+00
        43         1        1.083125e+00
        44         1        2.692282e-01
        45         1        1.047697e+00
        46         1       -3.997498e-01
        47         1       -9.290441e-01
        48         1        9.851081e-01
        49         1       -4.395406e-02
        50         1        2.102518e+00
        51         1        7.946847e-01
        52         1       -3.892785e-01
        53         1        5.352318e-01
        54         1        8.926273e-01
        55         1        6.789043e-01
        56         1       -4.940225e-01
        57         1       -8.716800e-01
        58         1        1.444406e+00
        59         1        1.898736e-01
        60         1       -1.879969e-01
        61         1       -2.800613e-01
        62         1       -2.123267e+00
        63         1       -3.164114e+00
        64         1        1.545591e+00
        65         1        2.107494e-01
        66         1        8.784742e-01
        67         1       -8.786767e-01
        68         1       -1.331002e+00
        69         1        3.778822e-01
        70         1       -2.242814e+00
        71         1        1.880789e+00
        72         1        2.350993e-02
        73         1        7.010611e-01
        74         1        1.371964e+00
        75         1        2.776180e-01
        76         1        2.701294e-01
        77         1        8.216734e-03
        78         1       -1.444897e+00
        79         1        1.509716e+00
        80         1       -4.567701e-01
        81         1       -4.669499e-01
        82         1       -1.394837e+00
        83         1        4.097253e-01
        84         1        1.676528e-01
        85         1       -1.357837e+00
        86         1       -1.108843e+00
        87         1        9.125614e-01
        88         1       -1.278679e+00
        89         1       -2.716076e-01
        90         1       -1.027160e+00
        91         1        1.157892e+00
        92         1       -8.257996e-01
        93         1       -1.330559e+00
        94         1        4.110448e-01
        95         1        6.652110e-01
        96         1        5.257585e-01
        97         1       -1.082417e+00
        98         1       -7.404735e-01
        99         1        7.328243e-01
       100         1       -4.210725e-01
         1         2        2.589905e-01
         2         2       -1.093517e+00
         3         2       -1.134153e-01
         4         2        8.771890e-01
         5         2        9.883824e-01
         6         2        6.948987e-01
         7         2       -3.436771e-01
         8         2        9.697057e-01
         9         2        7.318400e-01
        10         2       -2.953832e-01
        11         2       -2.790234e-01
        12         2        1.283316e+00
        13         2        1.484190e+00
        14         2       -9.557693e-01
        15         2        1.711947e+00
        16         2        9.383106e-02
        17         2       -2.292195e+00
        18         2       -3.407325e-01
        19         2        6.523966e-01
        20         2       -1.936613e+00
        21         2        2.507273e+00
        22         2       -1.838401e-01
        23         2       -2.394490e-01
        24         2       -3.225270e-01
        25         2       -2.050335e-01
        26         2       -6.710570e-01
        27         2       -1.406869e+00
        28         2        1.118619e+00
        29         2       -5.409564e-01
        30         2       -1.585809e+00
        31         2       -5.699892e-01
        32         2        6.392886e-01
        33         2        1.278872e+00
        34         2       -1.023257e-01
        35         2        1.649522e+00
        36         2        1.099897e+00
        37         2        2.282893e+00
        38         2        9.032676e-01
        39         2        1.074022e+00
        40         2       -2.144951e-01
        41         2       -1.313688e+00
        42         2        5.352518e-01
        43         2        2.882966e-01
        44         2        1.844643e+00
        45         2        1.300555e-01
        46         2       -1.655219e+00
        47         2       -8.989740e-01
        48         2       -7.188784e-01
        49         2       -1.010312e+00
        50         2        5.051992e-02
        51         2       -6.572348e-01
        52         2        9.034181e-01
        53         2        1.283116e+00
        54         2        4.918344e-01
        55         2        3.385733e-01
        56         2        7.238272e-01
        57         2       -1.405153e+00
        58         2       -9.253559e-01
        59         2       -8.707572e-01
        60         2        1.466648e+00
        61         2       -1.099763e-01
        62         2        3.393177e-01
        63         2       -9.257739e-01
        64         2        1.121517e+00
        65         2       -8.846898e-01
        66         2       -5.038007e-01
        67         2        1.169943e+00
        68         2        5.865225e-01
        69         2       -3.079183e-01
        70         2       -3.254939e-01
        71         2        1.522839e+00
        72         2       -1.082081e+00
        73         2       -1.774244e+00
        74         2       -4.300323e-01
        75         2        1.336295e-01
        76         2       -2.460387e-01
        77         2        1.074569e-02
        78         2        6.109445e-01
        79         2        1.582400e+00
        80         2       -8.393280e-01
        81         2       -1.110908e+00
        82         2       -1.893980e-01
        83         2       -1.530228e-01
        84         2        1.326434e+00
        85         2       -1.986844e+00
        86         2        9.901288e-01
        87         2       -1.653083e-01
        88         2       -4.838863e-01
        89         2       -2.065948e-01
        90         2       -5.259656e-01
        91         2        2.847555e-01
        92         2        1.186835e-01
        93         2       -1.183701e+00
        94         2        4.189179e-01
        95         2        1.430317e+00
        96         2       -1.656077e+00
        97         2       -1.154475e-01
        98         2        9.795509e-01
        99         2       -2.097556e+00
       100         2       -1.482826e-02
         1         3       -6.157546e-01
         2         3       -1.051922e-01
         3         3       -1.257062e+00
         4         3       -7.166589e-02
         5         3        4.561820e-01
         6         3        1.154660e+00
         7         3        2.208446e+00
         8         3        1.322235e+00
         9         3        1.726801e+00
        10         3        2.894112e-02
        11         3        3.879203e-01
        12         3       -1.294001e-01
        13         3        3.858241e-01
        14         3       -9.921754e-01
        15         3       -1.939061e+00
        16         3       -3.427732e-01
        17         3        1.666083e-01
        18         3        3.025353e-01
        19         3        3.306196e-01
        20         3        8.649549e-01
        21         3        4.805811e-01
        22         3       -4.838899e-01
        23         3        2.251489e-01
        24         3        4.410841e-01
        25         3        4.334155e-01
        26         3       -1.494810e+00
        27         3        5.936867e-01
        28         3       -7.822708e-01
        29         3        1.617745e-01
        30         3        5.041344e-01
        31         3        4.084287e-01
        32         3       -4.730821e-01
        33         3        2.343909e+00
        34         3        3.330689e-01
        35         3       -2.581699e+00
        36         3       -3.168508e-01
        37         3       -3.482924e-01
        38         3       -9.023563e-01
        39         3       -1.357220e-02
        40         3        6.819332e-01
        41         3       -1.719851e-01
        42         3        7.303093e-02
        43         3       -1.382465e+00
        44         3        8.617775e-02
        45         3       -3.256323e-01
        46         3        2.963090e-01
        47         3       -1.808149e+00
        48         3        6.008234e-01
        49         3       -5.445856e-02
        50         3       -1.225203e-01
        51         3       -2.247729e-02
        52         3       -4.159277e-01
        53         3       -1.069931e+00
        54         3        1.902094e-01
        55         3        2.485097e-02
        56         3       -2.007895e-01
        57         3       -5.605873e-01
        58         3        1.191012e+00
        59         3       -6.536094e-01
        60         3       -3.050860e-01
        61         3        1.380310e+00
        62         3        6.806730e-01
        63         3       -7.061018e-01
        64         3        3.989223e-01
        65         3       -1.503872e+00
        66         3       -2.058889e+00
        67         3       -5.564459e-01
        68         3       -1.080844e-01
        69         3       -2.392840e-01
        70         3       -8.135365e-02
        71         3       -9.797814e-01
        72         3        3.318014e-01
        73         3        9.335839e-01
        74         3        5.462830e-01
        75         3        1.206539e-02
        76         3       -1.381673e-01
        77         3        7.191548e-01
        78         3       -8.498707e-01
        79         3        7.394443e-01
        80         3        2.564920e-01
        81         3       -1.096273e+00
        82         3        4.960699e-01
        83         3       -1.277881e+00
        84         3       -3.067864e+00
        85         3       -1.361021e-02
        86         3       -2.376793e-01
        87         3        1.114748e+00
        88         3       -6.756049e-01
        89         3       -5.407260e-01
        90         3       -1.469976e+00
        91         3       -8.703877e-01
        92         3       -1.142114e+00
        93         3       -5.527340e-01
        94         3        3.682331e-01
        95         3       -3.225221e-02
        96         3        8.693657e-01
        97         3       -8.739174e-02
        98         3       -1.811229e+00
        99         3        5.221082e-01
       100         3        1.667154e+00
         1         4       -1.149155e+00
         2         4       -1.263834e+00
         3         4       -4.100484e-01
         4         4       -8.820586e-01
         5         4       -8.487542e-01
         6         4       -1.317796e+00
         7         4       -5.111276e-01
         8         4       -5.047965e-01
         9         4        2.023683e-01
        10         4        6.880010e-01
        11         4       -4.732174e-01
        12         4       -1.508904e+00
        13         4        2.113355e-01
        14         4        3.335301e-01
        15         4       -2.523571e-02
        16         4        1.543290e+00
        17         4        1.134969e+00
        18         4        1.971054e-01
        19         4       -1.058433e+00
        20         4        7.588747e-01
        21         4        4.106140e-02
        22         4       -4.121617e-01
        23         4       -1.960680e+00
        24         4       -1.151926e+00
        25         4        1.506247e+00
        26         4       -9.873209e-01
        27         4        6.746086e-02
        28         4       -2.077449e+00
        29         4        9.830369e-01
        30         4       -1.107667e-01
        31         4        6.758073e-01
        32         4        7.008086e-01
        33         4        8.988842e-01
        34         4       -1.130837e+00
        35         4        1.112508e+00
        36         4        2.220266e-01
        37         4        5.248924e-01
        38         4       -6.108990e-01
        39         4       -2.077686e+00
        40         4        1.102232e+00
        41         4        9.944158e-01
        42         4        7.561909e-01
        43         4        7.641981e-02
        44         4        4.335859e-01
        45         4       -7.891743e-01
        46         4       -2.682473e-01
        47         4        9.814111e-01
        48         4        9.997723e-01
        49         4        6.254032e-01
        50         4       -8.328904e-02
        51         4       -1.682125e+00
        52         4        2.268079e-01
        53         4       -1.314159e-01
        54         4        3.079074e-01
        55         4        1.042878e+00
        56         4        9.084101e-02
        57         4       -5.047165e-01
        58         4        5.986396e-01
        59         4        2.351704e-01
        60         4        1.170526e+00
        61         4       -1.097182e+00
        62         4       -2.607774e+00
        63         4        1.278795e+00
        64         4        6.007407e-01
        65         4       -4.363836e-01
        66         4        9.554821e-02
        67         4       -8.100944e-01
        68         4        6.065967e-01
        69         4        8.395096e-01
        70         4        8.228014e-01
        71         4       -2.152371e-01
        72         4       -1.703011e-01
        73         4       -7.748548e-01
        74         4        1.587288e-01
        75         4        1.047574e+00
        76         4        7.732906e-01
        77         4       -8.808674e-02
        78         4       -7.586871e-04
        79         4        7.469958e-01
        80         4        2.204626e-04
        81         4       -1.430043e+00
        82         4        8.051951e-01
        83         4       -5.660789e-01
        84         4       -6.119654e-01
        85         4        1.523080e+00
        86         4        2.635168e+00
        87         4       -6.315858e-01
        88         4       -4.144273e-01
        89         4       -4.403071e-01
        90         4        6.348133e-01
        91         4       -5.307696e-01
        92         4       -2.086474e+00
        93         4        1.114798e+00
        94         4        5.332881e-01
        95         4        9.792930e-01
        96         4       -3.276164e+00
        97         4       -1.110449e+00
        98         4       -9.578146e-02
        99         4        1.002580e-01
       100         4       -3.106057e-01
         1         5        6.908088e-02
         2         5       -7.165824e-01
         3         5        1.148036e+00
         4         5       -1.292451e+00
         5         5        9.938369e-01
         6         5        2.041152e+00
         7         5        9.065924e-01
         8         5       -1.189769e+00
         9         5       -4.753275e-01
        10         5       -3.555603e-01
        11         5        3.124366e-01
        12         5        3.972993e-01
        13         5       -5.006282e-01
        14         5       -7.456482e-01
        15         5       -6.096917e-01
        16         5        1.757830e-02
        17         5       -1.040038e+00
        18         5        3.337771e-01
        19         5        5.541481e-01
        20         5       -1.069603e+00
        21         5        8.153637e-02
        22         5        5.127454e-01
        23         5       -1.080113e+00
        24         5       -5.094585e-01
        25         5        6.722377e-01
        26         5       -1.454546e-01
        27         5       -5.232804e-02
        28         5        5.250118e-01
        29         5       -5.856763e-01
        30         5        2.251962e-01
        31         5        1.740987e+00
        32         5        8.721517e-01
        33         5       -4.725799e-01
        34         5        7.597193e-01
        35         5        3.904134e-01
        36         5        1.494664e+00
        37         5        3.251907e-01
        38         5        9.613012e-01
        39         5       -3.595222e-01
        40         5       -5.802568e-01
        41         5        1.564743e-02
        42         5        1.796932e-01
        43         5       -4.238744e-01
        44         5       -4.556680e-01
        45         5       -1.591307e+00
        46         5       -1.074163e+00
        47         5        8.677051e-01
        48         5       -5.831630e-01
        49         5       -6.076878e-01
        50         5       -3.215388e-02
        51         5        2.460850e+00
        52         5       -7.233808e-01
        53         5       -1.380757e+00
        54         5       -1.936084e-01
        55         5        5.118801e-01
        56         5        1.449775e-01
        57         5        5.714555e-01
        58         5       -1.220841e+00
        59         5       -5.166963e-02
        60         5       -1.847569e-01
        61         5       -2.704504e-01
        62         5       -4.050062e-01
        63         5        1.517628e+00
        64         5        1.217091e+00
        65         5        6.921301e-01
        66         5        8.500744e-01
        67         5       -3.302074e-01
        68         5       -7.381936e-01
        69         5       -1.233414e+00
        70         5       -3.023631e-01
        71         5        7.463743e-02
        72         5        1.485156e+00
        73         5       -1.320883e+00
        74         5        3.322198e-02
        75         5        4.129022e-01
        76         5       -3.886360e-01
        77         5       -5.746127e-01
        78         5       -6.394136e-01
        79         5       -5.345769e-01
        80         5        5.680387e-01
        81         5       -6.870261e-01
        82         5       -1.063565e-01
        83         5        3.994525e-01
        84         5       -1.534982e+00
        85         5       -2.296825e-01
        86         5       -1.238326e-01
        87         5       -4.733843e-01
        88         5       -8.727092e-01
        89         5       -1.953987e+00
        90         5        1.204580e-01
        91         5       -8.969742e-01
        92         5       -2.106956e+00
        93         5       -8.827899e-01
        94         5       -1.573073e+00
        95         5        5.641808e-01
        96         5       -4.808586e-02
        97         5       -2.408976e-01
        98         5        1.957651e+00
        99         5       -2.740052e+00
       100         5        4.897895e-01
;
param X_Original:=
    1       -7.030953e-01
    2        2.449712e+00
    3        1.454435e-01
    4        1.088919e+00
    5        3.777881e+00
    6        8.025082e-01
    7        2.571198e+00
    8        3.158987e+00
    9        1.082832e+00
   10       -3.156742e+00
   11        1.506226e+00
   12        5.217972e+00
   13        1.369944e+00
   14        1.467933e+00
   15        9.200628e-01
   16       -3.588018e-01
   17       -5.502258e+00
   18       -1.113890e+00
   19       -1.207863e+00
   20       -3.033795e+00
   21        3.319691e+00
   22        1.584975e-01
   23        6.377257e+00
   24        3.060220e+00
   25       -3.331884e-01
   26        1.270658e+00
   27       -1.720851e+00
   28        6.783556e+00
   29       -3.224128e+00
   30       -6.229676e-01
   31       -2.696515e+00
   32       -2.335200e-01
   33       -1.139543e+00
   34       -4.525108e-01
   35       -3.151991e+00
   36       -8.329771e-01
   37        1.142222e+00
   38        1.328956e+00
   39        7.724243e+00
   40       -2.976539e+00
   41       -4.185095e+00
   42       -2.003586e-01
   43       -1.219384e+00
   44        1.219906e+00
   45        1.908314e+00
   46        7.750248e-01
   47       -4.676554e+00
   48       -3.917296e+00
   49       -3.021689e+00
   50       -9.194436e-01
   51        3.265055e+00
   52        5.508717e-01
   53        1.268123e+00
   54       -6.233005e-01
   55        1.615696e+00
   56       -8.268932e-01
   57       -2.458462e-01
   58       -2.829958e+00
   59       -2.272582e+00
   60       -1.928990e-01
   61        4.062246e+00
   62        9.635025e+00
   63       -1.178368e+00
   64       -1.107422e+00
   65       -2.467347e-01
   66       -2.741975e+00
   67        4.034040e+00
   68       -1.445957e-01
   69       -3.009168e+00
   70       -1.575623e+00
   71        9.249590e-01
   72       -8.962885e-01
   73        3.568327e-01
   74       -1.441432e+00
   75       -3.076269e+00
   76       -2.733863e+00
   77       -1.069937e+00
   78        1.869117e+00
   79       -2.348836e+00
   80       -7.364643e-01
   81       -1.757098e+00
   82       -1.502383e+00
   83        4.094067e-01
   84        1.752230e+00
   85       -6.170386e+00
   86        1.001049e+00
   87        1.853788e+00
   88        1.081231e+00
   89        1.114828e+00
   90       -2.836562e+00
   91        8.720441e-01
   92        6.280016e+00
   93       -1.975896e+00
   94        2.441197e+00
   95       -1.496937e+00
   96        7.657430e+00
   97       -4.890707e-01
   98       -5.593235e-01
   99       -2.660577e+00
  100        2.040656e+00
;
param outliervec_original :=
    1    1
    2    0
    3    0
    4    1
    5    0
    6    1
    7    0
    8    0
    9    1
   10    0
   11    1
   12    0
   13    0
   14    1
   15    0
   16    1
   17    0
   18    0
   19    1
   20    0
   21    0
   22    0
   23    0
   24    0
   25    1
   26    0
   27    0
   28    0
   29    0
   30    0
   31    0
   32    1
   33    0
   34    1
   35    0
   36    1
   37    0
   38    1
   39    0
   40    0
   41    0
   42    0
   43    0
   44    1
   45    0
   46    1
   47    0
   48    0
   49    0
   50    0
   51    0
   52    0
   53    0
   54    0
   55    1
   56    1
   57    0
   58    0
   59    0
   60    1
   61    0
   62    0
   63    1
   64    0
   65    1
   66    0
   67    0
   68    1
   69    0
   70    0
   71    0
   72    0
   73    0
   74    0
   75    0
   76    0
   77    1
   78    1
   79    1
   80    0
   81    1
   82    0
   83    0
   84    0
   85    0
   86    1
   87    0
   88    1
   89    0
   90    0
   91    0
   92    0
   93    1
   94    1
   95    0
   96    0
   97    1
   98    1
   99    0
  100    0
;
param d:= 84;
param r:=5;
param p:=0.300000;
param M:=1000;
param U:=
         1         1       -2.292647e-01
         2         1       -9.821187e-03
         3         1        1.338078e-01
         4         1       -6.018240e-01
         5         1        8.851883e-01
         6         1        1.113473e+00
         7         1        1.545227e+00
         8         1       -1.828027e+00
         9         1        1.195659e+00
        10         1        3.532083e-01
        11         1        4.543127e-01
        12         1       -8.248685e-01
        13         1        4.448669e-01
        14         1       -1.745403e+00
        15         1        1.705892e-02
        16         1        8.129936e-01
        17         1       -1.269316e+00
        18         1        3.872479e-01
        19         1       -2.204600e-01
        20         1        1.928368e-01
        21         1        2.375742e-01
        22         1       -2.515639e-01
        23         1       -1.441366e+00
        24         1        2.481631e-02
        25         1       -3.605810e-01
        26         1        2.920384e+00
        27         1        7.592494e-01
        28         1       -4.026706e-01
        29         1       -5.298889e-02
        30         1        5.848064e-01
        31         1       -5.201596e-01
        32         1       -1.766889e-02
        33         1       -8.570034e-01
        34         1       -2.365241e+00
        35         1        1.083125e+00
        36         1        2.692282e-01
        37         1        1.047697e+00
        38         1       -3.997498e-01
        39         1       -9.290441e-01
        40         1        9.851081e-01
        41         1       -4.395406e-02
        42         1        2.102518e+00
        43         1        7.946847e-01
        44         1       -3.892785e-01
        45         1        5.352318e-01
        46         1        8.926273e-01
        47         1       -4.940225e-01
        48         1       -8.716800e-01
        49         1        1.444406e+00
        50         1        1.898736e-01
        51         1       -1.879969e-01
        52         1       -2.800613e-01
        53         1       -2.123267e+00
        54         1        1.545591e+00
        55         1        2.107494e-01
        56         1        8.784742e-01
        57         1       -8.786767e-01
        58         1       -1.331002e+00
        59         1        3.778822e-01
        60         1       -2.242814e+00
        61         1        1.880789e+00
        62         1        2.350993e-02
        63         1        7.010611e-01
        64         1        1.371964e+00
        65         1        2.776180e-01
        66         1        2.701294e-01
        67         1       -1.444897e+00
        68         1        1.509716e+00
        69         1       -4.567701e-01
        70         1       -1.394837e+00
        71         1        4.097253e-01
        72         1        1.676528e-01
        73         1       -1.357837e+00
        74         1        9.125614e-01
        75         1       -1.278679e+00
        76         1       -2.716076e-01
        77         1       -1.027160e+00
        78         1        1.157892e+00
        79         1       -8.257996e-01
        80         1        6.652110e-01
        81         1        5.257585e-01
        82         1       -7.404735e-01
        83         1        7.328243e-01
        84         1       -4.210725e-01
         1         2       -1.093517e+00
         2         2       -1.134153e-01
         3         2        9.883824e-01
         4         2       -3.436771e-01
         5         2        9.697057e-01
         6         2        7.318400e-01
         7         2       -2.953832e-01
         8         2       -2.790234e-01
         9         2        1.283316e+00
        10         2        1.484190e+00
        11         2        1.711947e+00
        12         2       -2.292195e+00
        13         2       -3.407325e-01
        14         2       -1.936613e+00
        15         2        2.507273e+00
        16         2       -1.838401e-01
        17         2       -2.394490e-01
        18         2       -3.225270e-01
        19         2       -6.710570e-01
        20         2       -1.406869e+00
        21         2        1.118619e+00
        22         2       -5.409564e-01
        23         2       -1.585809e+00
        24         2       -5.699892e-01
        25         2        6.392886e-01
        26         2        1.278872e+00
        27         2        1.649522e+00
        28         2        1.099897e+00
        29         2        2.282893e+00
        30         2        9.032676e-01
        31         2        1.074022e+00
        32         2       -2.144951e-01
        33         2       -1.313688e+00
        34         2        5.352518e-01
        35         2        2.882966e-01
        36         2        1.844643e+00
        37         2        1.300555e-01
        38         2       -1.655219e+00
        39         2       -8.989740e-01
        40         2       -7.188784e-01
        41         2       -1.010312e+00
        42         2        5.051992e-02
        43         2       -6.572348e-01
        44         2        9.034181e-01
        45         2        1.283116e+00
        46         2        4.918344e-01
        47         2        7.238272e-01
        48         2       -1.405153e+00
        49         2       -9.253559e-01
        50         2       -8.707572e-01
        51         2        1.466648e+00
        52         2       -1.099763e-01
        53         2        3.393177e-01
        54         2        1.121517e+00
        55         2       -8.846898e-01
        56         2       -5.038007e-01
        57         2        1.169943e+00
        58         2        5.865225e-01
        59         2       -3.079183e-01
        60         2       -3.254939e-01
        61         2        1.522839e+00
        62         2       -1.082081e+00
        63         2       -1.774244e+00
        64         2       -4.300323e-01
        65         2        1.336295e-01
        66         2       -2.460387e-01
        67         2        6.109445e-01
        68         2        1.582400e+00
        69         2       -8.393280e-01
        70         2       -1.893980e-01
        71         2       -1.530228e-01
        72         2        1.326434e+00
        73         2       -1.986844e+00
        74         2       -1.653083e-01
        75         2       -4.838863e-01
        76         2       -2.065948e-01
        77         2       -5.259656e-01
        78         2        2.847555e-01
        79         2        1.186835e-01
        80         2        1.430317e+00
        81         2       -1.656077e+00
        82         2        9.795509e-01
        83         2       -2.097556e+00
        84         2       -1.482826e-02
         1         3       -1.051922e-01
         2         3       -1.257062e+00
         3         3        4.561820e-01
         4         3        2.208446e+00
         5         3        1.322235e+00
         6         3        1.726801e+00
         7         3        2.894112e-02
         8         3        3.879203e-01
         9         3       -1.294001e-01
        10         3        3.858241e-01
        11         3       -1.939061e+00
        12         3        1.666083e-01
        13         3        3.025353e-01
        14         3        8.649549e-01
        15         3        4.805811e-01
        16         3       -4.838899e-01
        17         3        2.251489e-01
        18         3        4.410841e-01
        19         3       -1.494810e+00
        20         3        5.936867e-01
        21         3       -7.822708e-01
        22         3        1.617745e-01
        23         3        5.041344e-01
        24         3        4.084287e-01
        25         3       -4.730821e-01
        26         3        2.343909e+00
        27         3       -2.581699e+00
        28         3       -3.168508e-01
        29         3       -3.482924e-01
        30         3       -9.023563e-01
        31         3       -1.357220e-02
        32         3        6.819332e-01
        33         3       -1.719851e-01
        34         3        7.303093e-02
        35         3       -1.382465e+00
        36         3        8.617775e-02
        37         3       -3.256323e-01
        38         3        2.963090e-01
        39         3       -1.808149e+00
        40         3        6.008234e-01
        41         3       -5.445856e-02
        42         3       -1.225203e-01
        43         3       -2.247729e-02
        44         3       -4.159277e-01
        45         3       -1.069931e+00
        46         3        1.902094e-01
        47         3       -2.007895e-01
        48         3       -5.605873e-01
        49         3        1.191012e+00
        50         3       -6.536094e-01
        51         3       -3.050860e-01
        52         3        1.380310e+00
        53         3        6.806730e-01
        54         3        3.989223e-01
        55         3       -1.503872e+00
        56         3       -2.058889e+00
        57         3       -5.564459e-01
        58         3       -1.080844e-01
        59         3       -2.392840e-01
        60         3       -8.135365e-02
        61         3       -9.797814e-01
        62         3        3.318014e-01
        63         3        9.335839e-01
        64         3        5.462830e-01
        65         3        1.206539e-02
        66         3       -1.381673e-01
        67         3       -8.498707e-01
        68         3        7.394443e-01
        69         3        2.564920e-01
        70         3        4.960699e-01
        71         3       -1.277881e+00
        72         3       -3.067864e+00
        73         3       -1.361021e-02
        74         3        1.114748e+00
        75         3       -6.756049e-01
        76         3       -5.407260e-01
        77         3       -1.469976e+00
        78         3       -8.703877e-01
        79         3       -1.142114e+00
        80         3       -3.225221e-02
        81         3        8.693657e-01
        82         3       -1.811229e+00
        83         3        5.221082e-01
        84         3        1.667154e+00
         1         4       -1.263834e+00
         2         4       -4.100484e-01
         3         4       -8.487542e-01
         4         4       -5.111276e-01
         5         4       -5.047965e-01
         6         4        2.023683e-01
         7         4        6.880010e-01
         8         4       -4.732174e-01
         9         4       -1.508904e+00
        10         4        2.113355e-01
        11         4       -2.523571e-02
        12         4        1.134969e+00
        13         4        1.971054e-01
        14         4        7.588747e-01
        15         4        4.106140e-02
        16         4       -4.121617e-01
        17         4       -1.960680e+00
        18         4       -1.151926e+00
        19         4       -9.873209e-01
        20         4        6.746086e-02
        21         4       -2.077449e+00
        22         4        9.830369e-01
        23         4       -1.107667e-01
        24         4        6.758073e-01
        25         4        7.008086e-01
        26         4        8.988842e-01
        27         4        1.112508e+00
        28         4        2.220266e-01
        29         4        5.248924e-01
        30         4       -6.108990e-01
        31         4       -2.077686e+00
        32         4        1.102232e+00
        33         4        9.944158e-01
        34         4        7.561909e-01
        35         4        7.641981e-02
        36         4        4.335859e-01
        37         4       -7.891743e-01
        38         4       -2.682473e-01
        39         4        9.814111e-01
        40         4        9.997723e-01
        41         4        6.254032e-01
        42         4       -8.328904e-02
        43         4       -1.682125e+00
        44         4        2.268079e-01
        45         4       -1.314159e-01
        46         4        3.079074e-01
        47         4        9.084101e-02
        48         4       -5.047165e-01
        49         4        5.986396e-01
        50         4        2.351704e-01
        51         4        1.170526e+00
        52         4       -1.097182e+00
        53         4       -2.607774e+00
        54         4        6.007407e-01
        55         4       -4.363836e-01
        56         4        9.554821e-02
        57         4       -8.100944e-01
        58         4        6.065967e-01
        59         4        8.395096e-01
        60         4        8.228014e-01
        61         4       -2.152371e-01
        62         4       -1.703011e-01
        63         4       -7.748548e-01
        64         4        1.587288e-01
        65         4        1.047574e+00
        66         4        7.732906e-01
        67         4       -7.586871e-04
        68         4        7.469958e-01
        69         4        2.204626e-04
        70         4        8.051951e-01
        71         4       -5.660789e-01
        72         4       -6.119654e-01
        73         4        1.523080e+00
        74         4       -6.315858e-01
        75         4       -4.144273e-01
        76         4       -4.403071e-01
        77         4        6.348133e-01
        78         4       -5.307696e-01
        79         4       -2.086474e+00
        80         4        9.792930e-01
        81         4       -3.276164e+00
        82         4       -9.578146e-02
        83         4        1.002580e-01
        84         4       -3.106057e-01
         1         5       -7.165824e-01
         2         5        1.148036e+00
         3         5        9.938369e-01
         4         5        9.065924e-01
         5         5       -1.189769e+00
         6         5       -4.753275e-01
         7         5       -3.555603e-01
         8         5        3.124366e-01
         9         5        3.972993e-01
        10         5       -5.006282e-01
        11         5       -6.096917e-01
        12         5       -1.040038e+00
        13         5        3.337771e-01
        14         5       -1.069603e+00
        15         5        8.153637e-02
        16         5        5.127454e-01
        17         5       -1.080113e+00
        18         5       -5.094585e-01
        19         5       -1.454546e-01
        20         5       -5.232804e-02
        21         5        5.250118e-01
        22         5       -5.856763e-01
        23         5        2.251962e-01
        24         5        1.740987e+00
        25         5        8.721517e-01
        26         5       -4.725799e-01
        27         5        3.904134e-01
        28         5        1.494664e+00
        29         5        3.251907e-01
        30         5        9.613012e-01
        31         5       -3.595222e-01
        32         5       -5.802568e-01
        33         5        1.564743e-02
        34         5        1.796932e-01
        35         5       -4.238744e-01
        36         5       -4.556680e-01
        37         5       -1.591307e+00
        38         5       -1.074163e+00
        39         5        8.677051e-01
        40         5       -5.831630e-01
        41         5       -6.076878e-01
        42         5       -3.215388e-02
        43         5        2.460850e+00
        44         5       -7.233808e-01
        45         5       -1.380757e+00
        46         5       -1.936084e-01
        47         5        1.449775e-01
        48         5        5.714555e-01
        49         5       -1.220841e+00
        50         5       -5.166963e-02
        51         5       -1.847569e-01
        52         5       -2.704504e-01
        53         5       -4.050062e-01
        54         5        1.217091e+00
        55         5        6.921301e-01
        56         5        8.500744e-01
        57         5       -3.302074e-01
        58         5       -7.381936e-01
        59         5       -1.233414e+00
        60         5       -3.023631e-01
        61         5        7.463743e-02
        62         5        1.485156e+00
        63         5       -1.320883e+00
        64         5        3.322198e-02
        65         5        4.129022e-01
        66         5       -3.886360e-01
        67         5       -6.394136e-01
        68         5       -5.345769e-01
        69         5        5.680387e-01
        70         5       -1.063565e-01
        71         5        3.994525e-01
        72         5       -1.534982e+00
        73         5       -2.296825e-01
        74         5       -4.733843e-01
        75         5       -8.727092e-01
        76         5       -1.953987e+00
        77         5        1.204580e-01
        78         5       -8.969742e-01
        79         5       -2.106956e+00
        80         5        5.641808e-01
        81         5       -4.808586e-02
        82         5        1.957651e+00
        83         5       -2.740052e+00
        84         5        4.897895e-01
;

param theta:=
    1       -5.498426e-01
    2        1.265898e+00
    3        5.951128e-01
    4       -2.905527e+00
    5       -1.383237e-01
;
param X_true:=
    1        2.449712e+00
    2        1.454435e-01
    3        3.777881e+00
    4        2.571198e+00
    5        3.158987e+00
    6        8.197157e-01
    7       -3.156742e+00
    8        2.213857e+00
    9        5.217972e+00
   10        1.369944e+00
   11        9.200628e-01
   12       -5.502258e+00
   13       -1.113890e+00
   14       -3.033795e+00
   15        3.319691e+00
   16        1.584975e-01
   17        6.377257e+00
   18        3.060220e+00
   19        1.270658e+00
   20       -1.720851e+00
   21        6.783556e+00
   22       -3.224128e+00
   23       -6.229676e-01
   24       -2.696515e+00
   25       -1.432146e+00
   26       -1.139543e+00
   27       -3.151991e+00
   28        5.734208e-01
   29        1.142222e+00
   30        1.925745e+00
   31        7.724243e+00
   32       -2.976539e+00
   33       -4.185095e+00
   34       -2.003586e-01
   35       -1.219384e+00
   36        1.043559e+00
   37        1.908314e+00
   38       -7.703186e-01
   39       -4.676554e+00
   40       -3.917296e+00
   41       -3.021689e+00
   42       -9.194436e-01
   43        3.265055e+00
   44        5.508717e-01
   45        1.268123e+00
   46       -6.233005e-01
   47        7.828375e-01
   48       -2.458462e-01
   49       -2.829958e+00
   50       -2.272582e+00
   51       -1.596772e+00
   52        4.062246e+00
   53        9.635025e+00
   54       -1.107422e+00
   55       -9.588866e-01
   56       -2.741975e+00
   57        4.034040e+00
   58       -2.503141e-01
   59       -3.009168e+00
   60       -1.575623e+00
   61        9.249590e-01
   62       -8.962885e-01
   63        3.568327e-01
   64       -1.441432e+00
   65       -3.076269e+00
   66       -2.733863e+00
   67        1.153183e+00
   68       -4.823650e-01
   69       -7.364643e-01
   70       -1.502383e+00
   71        4.094067e-01
   72        1.752230e+00
   73       -6.170386e+00
   74        1.853788e+00
   75        1.013725e+00
   76        1.114828e+00
   77       -2.836562e+00
   78        8.720441e-01
   79        6.280016e+00
   80       -1.496937e+00
   81        7.657430e+00
   82        5.768380e-01
   83       -2.660577e+00
   84        2.040656e+00
;
param X:=
    1        2.449712e+00
    2        1.454435e-01
    3        3.777881e+00
    4        2.571198e+00
    5        3.158987e+00
    6        1.082832e+00
    7       -3.156742e+00
    8        1.506226e+00
    9        5.217972e+00
   10        1.369944e+00
   11        9.200628e-01
   12       -5.502258e+00
   13       -1.113890e+00
   14       -3.033795e+00
   15        3.319691e+00
   16        1.584975e-01
   17        6.377257e+00
   18        3.060220e+00
   19        1.270658e+00
   20       -1.720851e+00
   21        6.783556e+00
   22       -3.224128e+00
   23       -6.229676e-01
   24       -2.696515e+00
   25       -2.335200e-01
   26       -1.139543e+00
   27       -3.151991e+00
   28       -8.329771e-01
   29        1.142222e+00
   30        1.328956e+00
   31        7.724243e+00
   32       -2.976539e+00
   33       -4.185095e+00
   34       -2.003586e-01
   35       -1.219384e+00
   36        1.219906e+00
   37        1.908314e+00
   38        7.750248e-01
   39       -4.676554e+00
   40       -3.917296e+00
   41       -3.021689e+00
   42       -9.194436e-01
   43        3.265055e+00
   44        5.508717e-01
   45        1.268123e+00
   46       -6.233005e-01
   47       -8.268932e-01
   48       -2.458462e-01
   49       -2.829958e+00
   50       -2.272582e+00
   51       -1.928990e-01
   52        4.062246e+00
   53        9.635025e+00
   54       -1.107422e+00
   55       -2.467347e-01
   56       -2.741975e+00
   57        4.034040e+00
   58       -1.445957e-01
   59       -3.009168e+00
   60       -1.575623e+00
   61        9.249590e-01
   62       -8.962885e-01
   63        3.568327e-01
   64       -1.441432e+00
   65       -3.076269e+00
   66       -2.733863e+00
   67        1.869117e+00
   68       -2.348836e+00
   69       -7.364643e-01
   70       -1.502383e+00
   71        4.094067e-01
   72        1.752230e+00
   73       -6.170386e+00
   74        1.853788e+00
   75        1.081231e+00
   76        1.114828e+00
   77       -2.836562e+00
   78        8.720441e-01
   79        6.280016e+00
   80       -1.496937e+00
   81        7.657430e+00
   82       -5.593235e-01
   83       -2.660577e+00
   84        2.040656e+00
;
param outliervec:=
    1    0
    2    0
    3    0
    4    0
    5    0
    6    1
    7    0
    8    1
    9    0
   10    0
   11    0
   12    0
   13    0
   14    0
   15    0
   16    0
   17    0
   18    0
   19    0
   20    0
   21    0
   22    0
   23    0
   24    0
   25    1
   26    0
   27    0
   28    1
   29    0
   30    1
   31    0
   32    0
   33    0
   34    0
   35    0
   36    1
   37    0
   38    1
   39    0
   40    0
   41    0
   42    0
   43    0
   44    0
   45    0
   46    0
   47    1
   48    0
   49    0
   50    0
   51    1
   52    0
   53    0
   54    0
   55    1
   56    0
   57    0
   58    1
   59    0
   60    0
   61    0
   62    0
   63    0
   64    0
   65    0
   66    0
   67    1
   68    1
   69    0
   70    0
   71    0
   72    0
   73    0
   74    0
   75    1
   76    0
   77    0
   78    0
   79    0
   80    0
   81    0
   82    1
   83    0
   84    0
; 
param greedy_time :=         1.360675e-01
;