data;


param FN:= 2;
param D:= 100;
param U_Original:=
         1         1        1.103699e+00
         2         1        1.305532e-02
         3         1        1.488891e+00
         4         1       -1.032901e+00
         5         1        1.053462e-01
         6         1        1.151394e+00
         7         1       -1.845619e-01
         8         1        5.248151e-02
         9         1       -1.418224e+00
        10         1       -1.425194e-02
        11         1        1.346657e+00
        12         1       -1.294374e+00
        13         1        4.156038e-01
        14         1       -9.898896e-01
        15         1        3.540554e-01
        16         1       -4.789613e-02
        17         1        1.523420e+00
        18         1       -3.304366e-01
        19         1        1.611211e+00
        20         1        5.133012e-01
        21         1       -5.258258e-01
        22         1       -1.525992e-01
        23         1       -5.059816e-01
        24         1       -2.941135e-01
        25         1       -9.080102e-02
        26         1        3.927612e-02
        27         1       -1.173081e+00
        28         1       -7.755200e-01
        29         1       -5.995044e-01
        30         1        6.955568e-01
        31         1       -1.855846e-01
        32         1       -4.800292e-02
        33         1       -2.831290e-01
        34         1       -1.019585e+00
        35         1       -3.411705e-01
        36         1       -1.677600e-01
        37         1       -7.836614e-01
        38         1        7.977592e-01
        39         1        1.500460e-01
        40         1       -8.274323e-01
        41         1       -1.438828e+00
        42         1       -8.302116e-01
        43         1       -6.310858e-01
        44         1       -2.321825e+00
        45         1        1.934567e-01
        46         1       -5.124354e-01
        47         1        1.702243e+00
        48         1        3.780100e-01
        49         1        2.516451e-01
        50         1       -1.181172e+00
        51         1       -9.295699e-02
        52         1        1.104340e+00
        53         1       -7.262511e-01
        54         1        3.362634e-01
        55         1        2.218777e+00
        56         1       -1.816758e+00
        57         1        1.286471e-01
        58         1        2.895018e-01
        59         1       -9.146424e-01
        60         1       -9.999415e-01
        61         1        1.540139e-01
        62         1       -1.114692e+00
        63         1       -1.465208e+00
        64         1       -5.180344e-01
        65         1        3.623317e-01
        66         1       -8.832994e-01
        67         1        7.321483e-01
        68         1       -2.147296e-01
        69         1       -1.383920e+00
        70         1        5.944837e-01
        71         1       -1.425143e+00
        72         1       -8.263712e-01
        73         1        1.979617e-01
        74         1       -1.103952e+00
        75         1       -6.490510e-01
        76         1       -9.817065e-01
        77         1        7.677557e-01
        78         1       -4.565340e-01
        79         1       -5.731709e-01
        80         1        1.133663e+00
        81         1       -1.306559e+00
        82         1        5.709715e-02
        83         1        2.053056e-02
        84         1        1.373247e+00
        85         1       -1.036900e+00
        86         1        4.546348e-01
        87         1       -1.408404e-01
        88         1       -1.270608e+00
        89         1       -1.639329e+00
        90         1       -5.472925e-01
        91         1       -5.323211e-01
        92         1        3.365600e-01
        93         1       -8.263296e-01
        94         1       -5.127858e-01
        95         1       -2.830922e-01
        96         1        1.737286e-01
        97         1        1.298162e+00
        98         1        8.602297e-01
        99         1       -1.048856e+00
       100         1        1.193686e-01
         1         2        7.027833e-02
         2         2       -8.811318e-01
         3         2       -1.076787e-01
         4         2       -1.854931e-01
         5         2        4.209098e-01
         6         2       -1.155690e+00
         7         2        4.887129e-01
         8         2       -8.914502e-01
         9         2       -1.549510e+00
        10         2        4.197254e-01
        11         2        5.224539e-01
        12         2       -1.579883e-01
        13         2        1.683396e+00
        14         2       -2.282267e+00
        15         2        7.320164e-02
        16         2        1.142208e+00
        17         2        7.973709e-01
        18         2       -3.692832e-01
        19         2        8.996802e-01
        20         2       -3.774255e-01
        21         2       -1.062095e+00
        22         2        1.198266e+00
        23         2        1.168783e+00
        24         2       -1.166346e+00
        25         2        5.249262e-01
        26         2        9.950522e-01
        27         2        1.648684e+00
        28         2       -5.334784e-01
        29         2        3.613801e-01
        30         2        1.971997e-01
        31         2        4.542127e-01
        32         2       -8.962913e-01
        33         2       -2.498021e-02
        34         2        8.578620e-01
        35         2       -1.472757e+00
        36         2        1.299989e+00
        37         2       -5.615979e-01
        38         2       -7.490393e-01
        39         2        1.508958e+00
        40         2        1.579868e+00
        41         2       -9.002249e-01
        42         2        1.054323e+00
        43         2        1.454184e+00
        44         2       -2.270282e+00
        45         2        5.923851e-01
        46         2       -5.624813e-01
        47         2        9.475419e-01
        48         2        6.568086e-01
        49         2       -3.259634e-01
        50         2        3.306341e-01
        51         2       -1.045408e+00
        52         2       -3.188215e-01
        53         2       -5.900652e-01
        54         2        7.048069e-01
        55         2       -1.036610e+00
        56         2        1.309073e-01
        57         2        1.071748e+00
        58         2        1.222176e+00
        59         2        1.262625e-01
        60         2        1.280785e+00
        61         2       -9.167539e-01
        62         2        6.507055e-01
        63         2        6.313087e-01
        64         2        1.514872e+00
        65         2       -9.653074e-01
        66         2        2.007154e-01
        67         2        1.418843e-01
        68         2        2.587178e-01
        69         2        3.648906e-01
        70         2       -6.250505e-01
        71         2       -9.987336e-01
        72         2        6.619948e-01
        73         2       -2.786229e-01
        74         2       -2.104571e+00
        75         2        1.852153e-01
        76         2        1.191329e+00
        77         2        6.603281e-01
        78         2       -3.922382e-01
        79         2        4.082061e-01
        80         2        6.852068e-01
        81         2        6.351181e-01
        82         2       -1.027700e+00
        83         2        6.796126e-01
        84         2        2.012735e-01
        85         2       -1.087779e+00
        86         2       -5.165576e-01
        87         2        3.392132e-01
        88         2        1.180728e+00
        89         2        3.940322e-01
        90         2        2.858053e-01
        91         2       -1.376206e+00
        92         2        9.746772e-02
        93         2       -1.662132e+00
        94         2       -8.183238e-01
        95         2        4.106503e-01
        96         2        9.775467e-01
        97         2        5.702397e-01
        98         2        1.725121e-01
        99         2       -5.370376e-01
       100         2        7.390343e-01
         1         3        1.387516e+00
         2         3       -8.845502e-01
         3         3       -5.722252e-01
         4         3       -6.222106e-01
         5         3       -1.014618e+00
         6         3       -1.322343e-01
         7         3        1.819331e-01
         8         3        5.700066e-01
         9         3       -1.522888e-01
        10         3       -2.963751e-01
        11         3        1.452591e+00
        12         3        4.857248e-02
        13         3        3.742120e-01
        14         3       -1.009974e-01
        15         3       -5.294056e-01
        16         3        2.488724e+00
        17         3       -1.382859e+00
        18         3        1.951790e+00
        19         3       -5.768768e-01
        20         3        1.195111e+00
        21         3        6.336037e-01
        22         3       -1.057834e+00
        23         3        2.895454e-01
        24         3       -7.442279e-01
        25         3        7.827264e-01
        26         3        1.865920e+00
        27         3       -8.547462e-01
        28         3        1.028195e+00
        29         3       -3.510332e-01
        30         3       -1.256155e+00
        31         3        1.873967e+00
        32         3        9.765453e-01
        33         3        1.444599e+00
        34         3        2.107477e-01
        35         3        1.054175e+00
        36         3        4.355033e-01
        37         3        9.502645e-01
        38         3       -1.258092e-01
        39         3       -2.589540e-01
        40         3        7.904382e-01
        41         3       -1.939778e-01
        42         3        8.180805e-01
        43         3       -5.020758e-01
        44         3       -6.198261e-02
        45         3        3.936507e-01
        46         3        3.590576e-01
        47         3        1.681850e+00
        48         3       -5.855432e-01
        49         3       -6.251865e-01
        50         3       -7.992187e-01
        51         3       -9.308088e-01
        52         3        4.412950e-01
        53         3        7.823153e-01
        54         3        5.100831e-01
        55         3        1.701557e+00
        56         3        1.422739e+00
        57         3        2.373674e-01
        58         3       -6.873696e-02
        59         3       -1.874357e-01
        60         3        7.987038e-02
        61         3       -2.207730e+00
        62         3        5.000233e-01
        63         3        6.806632e-02
        64         3        4.963332e-01
        65         3        1.027544e+00
        66         3       -3.953390e-02
        67         3        6.550473e-02
        68         3       -1.000323e-01
        69         3       -1.499501e-01
        70         3        1.458165e-01
        71         3        1.000696e+00
        72         3        8.527088e-01
        73         3        1.649753e+00
        74         3        1.960287e-02
        75         3        5.572937e-01
        76         3        3.987539e-01
        77         3        7.486057e-01
        78         3       -7.806505e-01
        79         3        6.056959e-01
        80         3        1.197407e+00
        81         3       -2.731027e-01
        82         3        3.002970e-01
        83         3       -8.279494e-01
        84         3        9.298147e-01
        85         3        5.542424e-01
        86         3        5.697101e-01
        87         3       -3.612321e-01
        88         3       -7.274568e-01
        89         3       -4.884934e-03
        90         3        1.562766e+00
        91         3        6.013719e-02
        92         3       -1.834174e+00
        93         3       -1.460151e+00
        94         3        1.771305e+00
        95         3        1.010667e+00
        96         3       -7.179901e-01
        97         3       -7.888659e-02
        98         3        9.263144e-01
        99         3        8.428838e-01
       100         3       -1.985171e+00
         1         4        1.080011e+00
         2         4       -7.172046e-02
         3         4       -2.367146e-01
         4         4       -4.365005e-01
         5         4       -7.029220e-01
         6         4        5.541690e-02
         7         4       -2.913681e+00
         8         4        1.617367e+00
         9         4       -5.513698e-01
        10         4        5.667724e-01
        11         4        2.178838e-01
        12         4        5.223727e-01
        13         4        1.129792e+00
        14         4        9.951945e-01
        15         4       -9.792950e-02
        16         4       -9.186632e-01
        17         4        1.057245e+00
        18         4        1.357226e+00
        19         4       -1.499930e-01
        20         4        7.461115e-01
        21         4        2.995455e-01
        22         4        9.670756e-01
        23         4       -8.117854e-01
        24         4        2.240771e+00
        25         4       -8.371525e-02
        26         4        3.673871e-01
        27         4       -5.259450e-01
        28         4        5.211666e-01
        29         4       -2.472044e-01
        30         4        2.734800e-01
        31         4        2.780232e-01
        32         4       -4.342075e-01
        33         4       -4.412658e-01
        34         4       -1.147165e+00
        35         4        2.282631e-01
        36         4       -9.138559e-01
        37         4       -6.310681e-01
        38         4        1.169019e+00
        39         4       -1.185250e+00
        40         4        1.322281e+00
        41         4       -4.776802e-02
        42         4        1.689728e+00
        43         4        1.053574e+00
        44         4        1.059324e+00
        45         4       -6.068780e-01
        46         4       -9.514183e-01
        47         4        6.550816e-01
        48         4        6.587617e-01
        49         4        1.215284e+00
        50         4        3.068333e-01
        51         4        3.411727e-01
        52         4       -9.008071e-01
        53         4       -2.191284e-01
        54         4        4.429394e-02
        55         4        9.201567e-01
        56         4       -6.525546e-01
        57         4        8.601254e-01
        58         4       -1.776701e+00
        59         4        1.788746e+00
        60         4        2.271491e+00
        61         4       -8.026781e-01
        62         4        3.759479e-01
        63         4        1.074410e+00
        64         4       -1.298368e+00
        65         4       -8.090551e-01
        66         4       -2.519652e-01
        67         4       -5.343285e-01
        68         4        1.525240e+00
        69         4       -1.712255e+00
        70         4        1.244560e+00
        71         4       -1.783351e-01
        72         4        1.191382e+00
        73         4        2.902819e-01
        74         4        1.206189e-01
        75         4       -1.658061e+00
        76         4       -1.018418e+00
        77         4       -6.164570e-01
        78         4       -5.550647e-01
        79         4        1.115861e+00
        80         4        1.757673e-01
        81         4       -7.699827e-01
        82         4        6.338485e-01
        83         4        8.869832e-01
        84         4        6.631109e-01
        85         4       -4.654179e-02
        86         4       -4.328589e-01
        87         4       -1.671345e+00
        88         4       -3.734537e-01
        89         4       -7.199210e-01
        90         4        3.355029e-01
        91         4       -1.205545e+00
        92         4        3.180045e-01
        93         4       -6.889293e-01
        94         4       -1.005526e+00
        95         4        6.534025e-01
        96         4       -1.510596e+00
        97         4        4.226131e-01
        98         4        6.154823e-01
        99         4       -1.503323e+00
       100         4       -4.869193e-01
         1         5        6.854588e-01
         2         5       -1.849818e-01
         3         5       -7.181155e-01
         4         5        5.491461e-01
         5         5        7.631485e-01
         6         5       -9.401197e-01
         7         5        1.680341e+00
         8         5       -7.689661e-02
         9         5       -4.399749e-01
        10         5        1.363467e+00
        11         5        2.165694e-01
        12         5        2.524806e+00
        13         5        5.409864e-01
        14         5       -2.408380e-01
        15         5       -1.283496e-01
        16         5       -4.793496e-01
        17         5        3.744473e-01
        18         5        1.405612e+00
        19         5       -8.159056e-01
        20         5        9.383497e-01
        21         5       -1.190218e-01
        22         5        1.695298e+00
        23         5        8.628902e-01
        24         5       -9.070414e-01
        25         5        8.710830e-01
        26         5        4.309856e-01
        27         5       -7.492544e-01
        28         5        1.998467e+00
        29         5       -1.115520e+00
        30         5        8.919740e-02
        31         5        1.439277e-01
        32         5        3.121890e-01
        33         5       -3.941840e-01
        34         5       -3.489723e+00
        35         5       -1.695430e-01
        36         5       -5.772044e-02
        37         5        4.435587e-01
        38         5       -1.108956e-01
        39         5       -2.979192e-01
        40         5       -2.883152e+00
        41         5        4.295581e-01
        42         5       -1.315633e+00
        43         5       -5.509312e-01
        44         5       -1.438494e+00
        45         5       -1.832135e-01
        46         5       -1.248083e+00
        47         5        5.184942e-01
        48         5        4.473631e-01
        49         5        5.899476e-01
        50         5        6.190154e-02
        51         5       -7.773723e-02
        52         5        7.159606e-01
        53         5       -2.797843e+00
        54         5       -9.567636e-01
        55         5       -1.344498e-01
        56         5        2.411964e-01
        57         5        9.902194e-01
        58         5       -1.695245e-01
        59         5        6.529147e-01
        60         5        9.469373e-02
        61         5       -1.960967e+00
        62         5        1.441401e+00
        63         5        6.546966e-01
        64         5       -7.156643e-01
        65         5       -6.018682e-01
        66         5       -3.171318e-01
        67         5        7.842469e-01
        68         5       -1.010699e+00
        69         5        1.100841e+00
        70         5       -7.342464e-02
        71         5       -1.264559e+00
        72         5       -1.550843e+00
        73         5        1.144066e+00
        74         5       -4.849540e-01
        75         5       -7.313525e-01
        76         5       -1.112467e+00
        77         5       -9.263333e-01
        78         5       -7.361999e-01
        79         5       -4.903319e-01
        80         5        4.499329e-01
        81         5       -2.262412e-01
        82         5        6.926012e-01
        83         5       -5.128930e-01
        84         5       -6.804726e-01
        85         5       -7.179634e-01
        86         5        2.006792e-01
        87         5        2.646811e-01
        88         5       -1.848720e+00
        89         5        4.031727e-01
        90         5       -2.075571e-01
        91         5       -2.020519e+00
        92         5       -4.573787e-01
        93         5       -8.152408e-01
        94         5       -7.821949e-04
        95         5       -4.096151e-01
        96         5       -6.209392e-01
        97         5        4.313762e-01
        98         5       -5.483250e-01
        99         5       -1.069993e-01
       100         5        3.752011e-02
;
param X_Original:=
    1        6.943155e-01
    2        9.209657e-02
    3        3.221665e-01
    4        7.965634e-01
    5        2.863943e-01
    6       -5.751302e-01
    7        7.530875e-01
    8        7.832290e-01
    9       -8.061041e-01
   10        8.782660e-02
   11        3.109998e+00
   12        4.688399e-01
   13        1.598038e+00
   14        3.062533e-01
   15        2.013973e+00
   16       -1.251318e+00
   17       -2.937833e-01
   18       -3.004965e-01
   19       -9.004284e-01
   20        5.732602e-01
   21       -1.960931e+00
   22       -5.064537e-01
   23        2.827974e-01
   24       -1.120436e+00
   25        5.571923e-01
   26        2.258545e-01
   27       -3.044045e+00
   28       -2.620586e-01
   29        1.353957e+00
   30        8.982905e-01
   31       -4.663206e-02
   32       -9.759760e-01
   33       -6.423139e-01
   34       -5.016027e-01
   35       -9.310548e-01
   36       -6.600282e-01
   37       -8.542049e-01
   38       -1.140301e+00
   39        4.191669e-01
   40        1.057179e+00
   41        7.315033e-02
   42       -4.545615e-01
   43        1.650322e+00
   44       -5.301384e-01
   45        6.852318e-01
   46       -2.016581e+00
   47        1.998450e+00
   48       -5.106914e-01
   49        2.231519e-01
   50       -3.612851e-01
   51       -4.287441e-01
   52       -6.835737e-01
   53       -1.033874e+00
   54        3.437306e-01
   55        5.352684e-01
   56       -3.010752e-01
   57        6.514267e-01
   58       -8.805400e-01
   59       -2.749416e-01
   60        1.090674e+00
   61       -1.521756e+00
   62        5.557902e-01
   63       -1.302286e+00
   64       -4.999984e-01
   65        3.780059e-03
   66        1.036929e+00
   67        8.542660e-01
   68        5.331179e-01
   69        2.509295e-01
   70        3.447585e-01
   71       -2.197200e+00
   72        5.499663e-02
   73        1.880846e+00
   74       -8.184011e-01
   75       -1.954768e+00
   76        3.529003e-01
   77        4.829923e-01
   78        7.192953e-01
   79        9.468252e-01
   80       -1.420268e+00
   81       -4.828248e-01
   82       -5.480048e-01
   83       -1.812335e-01
   84        2.780092e+00
   85        8.709078e-01
   86       -4.215641e-01
   87        4.990320e-01
   88        4.613320e-01
   89        3.213637e-02
   90       -9.777296e-02
   91       -1.193031e+00
   92        2.303158e+00
   93       -6.514806e-01
   94        8.412448e-01
   95        1.197017e+00
   96       -2.320286e+00
   97       -1.626420e+00
   98        1.999460e+00
   99        5.870934e-01
  100       -1.254109e+00
;
param outliervec_original :=
    1    1
    2    1
    3    1
    4    1
    5    1
    6    1
    7    1
    8    1
    9    1
   10    1
   11    0
   12    1
   13    0
   14    1
   15    1
   16    1
   17    1
   18    1
   19    1
   20    1
   21    1
   22    1
   23    1
   24    1
   25    0
   26    1
   27    0
   28    1
   29    1
   30    1
   31    1
   32    1
   33    1
   34    1
   35    1
   36    0
   37    1
   38    1
   39    1
   40    1
   41    1
   42    1
   43    1
   44    1
   45    1
   46    1
   47    1
   48    1
   49    1
   50    1
   51    0
   52    1
   53    1
   54    1
   55    1
   56    1
   57    1
   58    1
   59    0
   60    1
   61    1
   62    1
   63    1
   64    1
   65    1
   66    1
   67    1
   68    1
   69    1
   70    1
   71    0
   72    1
   73    0
   74    1
   75    0
   76    1
   77    1
   78    1
   79    1
   80    1
   81    1
   82    1
   83    0
   84    0
   85    1
   86    1
   87    1
   88    1
   89    1
   90    1
   91    1
   92    1
   93    1
   94    1
   95    1
   96    1
   97    1
   98    0
   99    1
  100    0
;
param d:= 57;
param r:=5;
param p:=0.860000;
param M:=1000;
param U:=
         1         1        1.488891e+00
         2         1        1.053462e-01
         3         1        1.151394e+00
         4         1        5.248151e-02
         5         1       -1.425194e-02
         6         1        1.346657e+00
         7         1       -1.294374e+00
         8         1        4.156038e-01
         9         1        5.133012e-01
        10         1       -5.059816e-01
        11         1       -9.080102e-02
        12         1       -7.755200e-01
        13         1        6.955568e-01
        14         1       -4.800292e-02
        15         1       -2.831290e-01
        16         1       -1.019585e+00
        17         1       -3.411705e-01
        18         1       -1.677600e-01
        19         1       -7.836614e-01
        20         1        1.500460e-01
        21         1       -8.274323e-01
        22         1       -6.310858e-01
        23         1        1.934567e-01
        24         1       -5.124354e-01
        25         1        1.702243e+00
        26         1        2.516451e-01
        27         1       -1.181172e+00
        28         1       -9.295699e-02
        29         1       -7.262511e-01
        30         1        3.362634e-01
        31         1       -1.816758e+00
        32         1        1.286471e-01
        33         1        2.895018e-01
        34         1       -9.999415e-01
        35         1        1.540139e-01
        36         1       -1.114692e+00
        37         1       -5.180344e-01
        38         1        3.623317e-01
        39         1        7.321483e-01
        40         1       -2.147296e-01
        41         1        5.944837e-01
        42         1       -1.425143e+00
        43         1       -8.263712e-01
        44         1        1.979617e-01
        45         1       -6.490510e-01
        46         1        7.677557e-01
        47         1       -5.731709e-01
        48         1       -1.306559e+00
        49         1        5.709715e-02
        50         1        2.053056e-02
        51         1        1.373247e+00
        52         1        4.546348e-01
        53         1       -5.472925e-01
        54         1       -5.323211e-01
        55         1       -2.830922e-01
        56         1        8.602297e-01
        57         1        1.193686e-01
         1         2       -1.076787e-01
         2         2        4.209098e-01
         3         2       -1.155690e+00
         4         2       -8.914502e-01
         5         2        4.197254e-01
         6         2        5.224539e-01
         7         2       -1.579883e-01
         8         2        1.683396e+00
         9         2       -3.774255e-01
        10         2        1.168783e+00
        11         2        5.249262e-01
        12         2       -5.334784e-01
        13         2        1.971997e-01
        14         2       -8.962913e-01
        15         2       -2.498021e-02
        16         2        8.578620e-01
        17         2       -1.472757e+00
        18         2        1.299989e+00
        19         2       -5.615979e-01
        20         2        1.508958e+00
        21         2        1.579868e+00
        22         2        1.454184e+00
        23         2        5.923851e-01
        24         2       -5.624813e-01
        25         2        9.475419e-01
        26         2       -3.259634e-01
        27         2        3.306341e-01
        28         2       -1.045408e+00
        29         2       -5.900652e-01
        30         2        7.048069e-01
        31         2        1.309073e-01
        32         2        1.071748e+00
        33         2        1.222176e+00
        34         2        1.280785e+00
        35         2       -9.167539e-01
        36         2        6.507055e-01
        37         2        1.514872e+00
        38         2       -9.653074e-01
        39         2        1.418843e-01
        40         2        2.587178e-01
        41         2       -6.250505e-01
        42         2       -9.987336e-01
        43         2        6.619948e-01
        44         2       -2.786229e-01
        45         2        1.852153e-01
        46         2        6.603281e-01
        47         2        4.082061e-01
        48         2        6.351181e-01
        49         2       -1.027700e+00
        50         2        6.796126e-01
        51         2        2.012735e-01
        52         2       -5.165576e-01
        53         2        2.858053e-01
        54         2       -1.376206e+00
        55         2        4.106503e-01
        56         2        1.725121e-01
        57         2        7.390343e-01
         1         3       -5.722252e-01
         2         3       -1.014618e+00
         3         3       -1.322343e-01
         4         3        5.700066e-01
         5         3       -2.963751e-01
         6         3        1.452591e+00
         7         3        4.857248e-02
         8         3        3.742120e-01
         9         3        1.195111e+00
        10         3        2.895454e-01
        11         3        7.827264e-01
        12         3        1.028195e+00
        13         3       -1.256155e+00
        14         3        9.765453e-01
        15         3        1.444599e+00
        16         3        2.107477e-01
        17         3        1.054175e+00
        18         3        4.355033e-01
        19         3        9.502645e-01
        20         3       -2.589540e-01
        21         3        7.904382e-01
        22         3       -5.020758e-01
        23         3        3.936507e-01
        24         3        3.590576e-01
        25         3        1.681850e+00
        26         3       -6.251865e-01
        27         3       -7.992187e-01
        28         3       -9.308088e-01
        29         3        7.823153e-01
        30         3        5.100831e-01
        31         3        1.422739e+00
        32         3        2.373674e-01
        33         3       -6.873696e-02
        34         3        7.987038e-02
        35         3       -2.207730e+00
        36         3        5.000233e-01
        37         3        4.963332e-01
        38         3        1.027544e+00
        39         3        6.550473e-02
        40         3       -1.000323e-01
        41         3        1.458165e-01
        42         3        1.000696e+00
        43         3        8.527088e-01
        44         3        1.649753e+00
        45         3        5.572937e-01
        46         3        7.486057e-01
        47         3        6.056959e-01
        48         3       -2.731027e-01
        49         3        3.002970e-01
        50         3       -8.279494e-01
        51         3        9.298147e-01
        52         3        5.697101e-01
        53         3        1.562766e+00
        54         3        6.013719e-02
        55         3        1.010667e+00
        56         3        9.263144e-01
        57         3       -1.985171e+00
         1         4       -2.367146e-01
         2         4       -7.029220e-01
         3         4        5.541690e-02
         4         4        1.617367e+00
         5         4        5.667724e-01
         6         4        2.178838e-01
         7         4        5.223727e-01
         8         4        1.129792e+00
         9         4        7.461115e-01
        10         4       -8.117854e-01
        11         4       -8.371525e-02
        12         4        5.211666e-01
        13         4        2.734800e-01
        14         4       -4.342075e-01
        15         4       -4.412658e-01
        16         4       -1.147165e+00
        17         4        2.282631e-01
        18         4       -9.138559e-01
        19         4       -6.310681e-01
        20         4       -1.185250e+00
        21         4        1.322281e+00
        22         4        1.053574e+00
        23         4       -6.068780e-01
        24         4       -9.514183e-01
        25         4        6.550816e-01
        26         4        1.215284e+00
        27         4        3.068333e-01
        28         4        3.411727e-01
        29         4       -2.191284e-01
        30         4        4.429394e-02
        31         4       -6.525546e-01
        32         4        8.601254e-01
        33         4       -1.776701e+00
        34         4        2.271491e+00
        35         4       -8.026781e-01
        36         4        3.759479e-01
        37         4       -1.298368e+00
        38         4       -8.090551e-01
        39         4       -5.343285e-01
        40         4        1.525240e+00
        41         4        1.244560e+00
        42         4       -1.783351e-01
        43         4        1.191382e+00
        44         4        2.902819e-01
        45         4       -1.658061e+00
        46         4       -6.164570e-01
        47         4        1.115861e+00
        48         4       -7.699827e-01
        49         4        6.338485e-01
        50         4        8.869832e-01
        51         4        6.631109e-01
        52         4       -4.328589e-01
        53         4        3.355029e-01
        54         4       -1.205545e+00
        55         4        6.534025e-01
        56         4        6.154823e-01
        57         4       -4.869193e-01
         1         5       -7.181155e-01
         2         5        7.631485e-01
         3         5       -9.401197e-01
         4         5       -7.689661e-02
         5         5        1.363467e+00
         6         5        2.165694e-01
         7         5        2.524806e+00
         8         5        5.409864e-01
         9         5        9.383497e-01
        10         5        8.628902e-01
        11         5        8.710830e-01
        12         5        1.998467e+00
        13         5        8.919740e-02
        14         5        3.121890e-01
        15         5       -3.941840e-01
        16         5       -3.489723e+00
        17         5       -1.695430e-01
        18         5       -5.772044e-02
        19         5        4.435587e-01
        20         5       -2.979192e-01
        21         5       -2.883152e+00
        22         5       -5.509312e-01
        23         5       -1.832135e-01
        24         5       -1.248083e+00
        25         5        5.184942e-01
        26         5        5.899476e-01
        27         5        6.190154e-02
        28         5       -7.773723e-02
        29         5       -2.797843e+00
        30         5       -9.567636e-01
        31         5        2.411964e-01
        32         5        9.902194e-01
        33         5       -1.695245e-01
        34         5        9.469373e-02
        35         5       -1.960967e+00
        36         5        1.441401e+00
        37         5       -7.156643e-01
        38         5       -6.018682e-01
        39         5        7.842469e-01
        40         5       -1.010699e+00
        41         5       -7.342464e-02
        42         5       -1.264559e+00
        43         5       -1.550843e+00
        44         5        1.144066e+00
        45         5       -7.313525e-01
        46         5       -9.263333e-01
        47         5       -4.903319e-01
        48         5       -2.262412e-01
        49         5        6.926012e-01
        50         5       -5.128930e-01
        51         5       -6.804726e-01
        52         5        2.006792e-01
        53         5       -2.075571e-01
        54         5       -2.020519e+00
        55         5       -4.096151e-01
        56         5       -5.483250e-01
        57         5        3.752011e-02
;

param theta:=
    1        1.572283e+00
    2       -7.401195e-02
    3        5.659732e-01
    4        5.710129e-01
    5        3.927546e-01
;
param X_true:=
    1        1.607623e+00
    2       -5.417352e-01
    3        1.484804e+00
    4        1.365240e+00
    5        6.390798e-01
    6        3.109998e+00
    7       -7.054782e-01
    8        1.598038e+00
    9        2.305448e+00
   10       -8.412003e-01
   11        5.571923e-01
   12        4.846209e-01
   13        5.579627e-01
   14        4.194288e-01
   15       -3.226328e-02
   16       -3.572979e+00
   17        2.336302e-01
   18       -6.600282e-01
   19       -8.371719e-01
   20       -8.156198e-01
   21       -1.346670e+00
   22       -1.000488e+00
   23        6.518930e-02
   24       -1.592814e+00
   25        4.136841e+00
   26        9.900070e-01
   27       -2.133402e+00
   28       -4.287441e-01
   29       -1.880133e+00
   30        4.133778e-01
   31       -2.339551e+00
   32        1.137494e+00
   33       -7.560418e-01
   34       -2.875844e-01
   35       -2.166981e+00
   36       -7.368857e-01
   37       -1.669562e+00
   38        5.250871e-01
   39        1.181098e+00
   40        6.090844e-02
   41        1.745205e+00
   42       -2.197200e+00
   43       -7.950133e-01
   44        1.880846e+00
   45       -1.954768e+00
   46        8.653025e-01
   47       -1.446846e-01
   48       -2.783313e+00
   49        9.697697e-01
   50       -1.812335e-01
   51        2.780092e+00
   52        9.074071e-01
   53        1.117782e-01
   54       -2.184879e+00
   55        3.073937e-01
   56        1.999460e+00
   57       -1.254109e+00
;
param X:=
    1        3.221665e-01
    2        2.863943e-01
    3       -5.751302e-01
    4        7.832290e-01
    5        8.782660e-02
    6        3.109998e+00
    7        4.688399e-01
    8        1.598038e+00
    9        5.732602e-01
   10        2.827974e-01
   11        5.571923e-01
   12       -2.620586e-01
   13        8.982905e-01
   14       -9.759760e-01
   15       -6.423139e-01
   16       -5.016027e-01
   17       -9.310548e-01
   18       -6.600282e-01
   19       -8.542049e-01
   20        4.191669e-01
   21        1.057179e+00
   22        1.650322e+00
   23        6.852318e-01
   24       -2.016581e+00
   25        1.998450e+00
   26        2.231519e-01
   27       -3.612851e-01
   28       -4.287441e-01
   29       -1.033874e+00
   30        3.437306e-01
   31       -3.010752e-01
   32        6.514267e-01
   33       -8.805400e-01
   34        1.090674e+00
   35       -1.521756e+00
   36        5.557902e-01
   37       -4.999984e-01
   38        3.780059e-03
   39        8.542660e-01
   40        5.331179e-01
   41        3.447585e-01
   42       -2.197200e+00
   43        5.499663e-02
   44        1.880846e+00
   45       -1.954768e+00
   46        4.829923e-01
   47        9.468252e-01
   48       -4.828248e-01
   49       -5.480048e-01
   50       -1.812335e-01
   51        2.780092e+00
   52       -4.215641e-01
   53       -9.777296e-02
   54       -1.193031e+00
   55        1.197017e+00
   56        1.999460e+00
   57       -1.254109e+00
;
param outliervec:=
    1    1
    2    1
    3    1
    4    1
    5    1
    6    0
    7    1
    8    0
    9    1
   10    1
   11    0
   12    1
   13    1
   14    1
   15    1
   16    1
   17    1
   18    0
   19    1
   20    1
   21    1
   22    1
   23    1
   24    1
   25    1
   26    1
   27    1
   28    0
   29    1
   30    1
   31    1
   32    1
   33    1
   34    1
   35    1
   36    1
   37    1
   38    1
   39    1
   40    1
   41    1
   42    0
   43    1
   44    0
   45    0
   46    1
   47    1
   48    1
   49    1
   50    0
   51    0
   52    1
   53    1
   54    1
   55    1
   56    0
   57    0
; 
param greedy_time :=         2.534598e-01
;