data;


param FN:= 0;
param D:= 100;
param U_Original:=
         1         1       -2.634414e+00
         2         1        3.043832e-01
         3         1       -1.327780e+00
         4         1       -1.304119e+00
         5         1        5.179169e-02
         6         1       -1.350566e-01
         7         1        4.137086e-01
         8         1       -1.031699e+00
         9         1       -1.010417e+00
        10         1       -1.796539e+00
        11         1       -6.499270e-01
        12         1       -7.160606e-01
        13         1        6.161161e-01
        14         1       -7.425590e-01
        15         1        1.172384e+00
        16         1        2.235664e+00
        17         1       -2.300722e-01
        18         1       -9.123751e-02
        19         1        3.416154e-01
        20         1        4.917698e-01
        21         1       -1.132980e+00
        22         1        2.164708e-01
        23         1        8.466825e-01
        24         1        8.573554e-01
        25         1       -7.136036e-01
        26         1       -1.455879e+00
        27         1       -1.397152e+00
        28         1        7.291830e-01
        29         1        1.366299e+00
        30         1       -1.694589e+00
        31         1        6.818401e-01
        32         1        3.226549e-02
        33         1        7.808291e-01
        34         1       -7.492642e-01
        35         1       -1.807784e-01
        36         1        1.910034e+00
        37         1        6.660707e-01
        38         1        8.979247e-01
        39         1       -2.863042e-01
        40         1        4.069665e-02
        41         1       -9.789559e-01
        42         1       -3.999138e-01
        43         1        5.079351e-01
        44         1       -1.717520e+00
        45         1       -3.490536e-01
        46         1        1.421720e-01
        47         1       -1.154183e+00
        48         1       -1.125304e+00
        49         1        9.932204e-02
        50         1        3.053977e-01
        51         1        1.103159e+00
        52         1       -1.555370e-01
        53         1        4.857930e-01
        54         1        5.039613e-01
        55         1        2.755727e-01
        56         1        4.925122e-01
        57         1        5.542095e-01
        58         1        6.972260e-01
        59         1        1.309291e+00
        60         1       -6.808434e-01
        61         1       -2.589464e-02
        62         1        1.491514e+00
        63         1        1.027166e+00
        64         1       -3.841908e-01
        65         1        1.778296e-01
        66         1       -8.109649e-01
        67         1       -4.729405e-01
        68         1        1.363076e+00
        69         1        3.244980e-01
        70         1       -2.342860e-01
        71         1       -3.558426e-01
        72         1        1.278928e+00
        73         1        1.022103e+00
        74         1        7.203546e-01
        75         1        1.031166e+00
        76         1       -2.330709e-01
        77         1       -3.416603e-01
        78         1        2.318214e-01
        79         1       -4.207513e-01
        80         1        4.969194e-01
        81         1        1.506864e+00
        82         1       -4.586502e-01
        83         1        2.417787e+00
        84         1        1.950677e+00
        85         1        2.888938e-01
        86         1       -1.996859e-01
        87         1       -4.708793e-01
        88         1       -4.054989e-01
        89         1        6.562095e-01
        90         1       -3.965195e-01
        91         1        1.493698e-01
        92         1       -1.240609e-01
        93         1        1.104227e+00
        94         1       -1.078907e+00
        95         1        3.819266e-01
        96         1        2.128201e-01
        97         1       -9.064876e-01
        98         1        4.269529e-01
        99         1        1.001019e-02
       100         1       -1.694067e+00
         1         2       -3.179613e-03
         2         2        8.086544e-01
         3         2        5.761413e-01
         4         2       -6.876541e-01
         5         2       -4.342872e-02
         6         2        8.390553e-02
         7         2        3.912596e-01
         8         2       -1.707832e+00
         9         2       -8.157298e-01
        10         2       -1.504923e+00
        11         2        4.990002e-01
        12         2       -1.714069e+00
        13         2       -8.384041e-04
        14         2       -8.507973e-01
        15         2        1.035120e+00
        16         2       -6.888288e-01
        17         2       -8.058502e-01
        18         2       -7.946827e-01
        19         2       -6.233334e-01
        20         2        1.528501e+00
        21         2       -4.774105e-02
        22         2        3.671605e-01
        23         2        3.393449e-01
        24         2        3.252106e-01
        25         2       -3.411218e-01
        26         2       -5.406343e-01
        27         2       -1.189678e+00
        28         2        9.433353e-02
        29         2       -9.874055e-01
        30         2       -3.228621e-01
        31         2        1.185337e-01
        32         2        1.162311e+00
        33         2       -3.300859e-01
        34         2        3.006473e-01
        35         2       -3.179999e-01
        36         2        1.957310e+00
        37         2        4.049199e-01
        38         2        4.212021e-01
        39         2        1.629598e+00
        40         2        2.166838e+00
        41         2       -1.615658e+00
        42         2        2.902984e-01
        43         2       -7.503072e-01
        44         2       -7.265836e-01
        45         2       -5.624955e-01
        46         2        5.489820e-01
        47         2        2.775955e-01
        48         2       -1.155927e+00
        49         2       -1.458263e+00
        50         2       -1.982629e-01
        51         2        7.716321e-01
        52         2        1.721182e+00
        53         2       -1.057203e+00
        54         2       -3.683390e-01
        55         2        4.519457e-01
        56         2        1.366510e+00
        57         2       -4.507238e-01
        58         2        4.666050e-01
        59         2        1.475332e+00
        60         2        1.218646e+00
        61         2        7.840907e-01
        62         2        8.858463e-01
        63         2        8.103309e-02
        64         2        2.190615e+00
        65         2        5.239533e-02
        66         2       -2.002678e-01
        67         2       -1.734079e+00
        68         2       -1.306419e+00
        69         2       -6.406282e-01
        70         2        7.678414e-01
        71         2        1.304083e-01
        72         2       -1.071880e+00
        73         2        1.112567e+00
        74         2        2.374422e-01
        75         2       -2.987314e-01
        76         2        9.402118e-01
        77         2        7.483983e-01
        78         2       -1.532020e-01
        79         2       -1.644229e+00
        80         2        3.490099e-01
        81         2       -1.050016e+00
        82         2        4.783338e-02
        83         2       -2.110890e-01
        84         2       -8.746388e-01
        85         2        1.205430e-02
        86         2       -1.160217e+00
        87         2       -1.947296e+00
        88         2        1.402294e+00
        89         2        2.983285e-01
        90         2        9.671724e-01
        91         2       -8.807685e-01
        92         2        1.015451e+00
        93         2        9.533350e-02
        94         2        8.462686e-01
        95         2        1.660191e-01
        96         2       -6.426777e-01
        97         2        2.380072e-01
        98         2        7.131072e-02
        99         2        3.402503e-01
       100         2       -3.421623e-01
         1         3        2.286157e-01
         2         3       -1.801084e+00
         3         3        4.192512e-01
         4         3       -2.246589e-01
         5         3       -4.437397e-02
         6         3       -5.246036e-01
         7         3       -6.562077e-01
         8         3       -7.781583e-01
         9         3        5.577163e-01
        10         3       -1.249982e+00
        11         3        6.499242e-01
        12         3       -5.173491e-01
        13         3       -1.490644e+00
        14         3       -3.138170e-01
        15         3        1.844822e+00
        16         3        6.019168e-02
        17         3        9.069175e-01
        18         3        1.051077e+00
        19         3        8.494444e-01
        20         3       -1.089236e+00
        21         3       -3.091286e+00
        22         3       -4.958703e-01
        23         3        1.739494e+00
        24         3       -1.156113e-01
        25         3        1.210061e-01
        26         3       -2.301173e-01
        27         3       -7.651143e-01
        28         3       -9.910394e-01
        29         3       -7.330308e-01
        30         3        1.427984e-01
        31         3        1.430180e+00
        32         3        1.218491e+00
        33         3        2.591077e-01
        34         3        1.560644e+00
        35         3       -1.133488e+00
        36         3       -1.832478e+00
        37         3       -6.312176e-01
        38         3       -2.055172e+00
        39         3       -7.447994e-01
        40         3       -5.157393e-01
        41         3        9.836079e-01
        42         3       -4.827028e-01
        43         3        1.335255e+00
        44         3       -3.635448e-01
        45         3       -4.011295e-01
        46         3       -3.003273e-01
        47         3       -1.001306e+00
        48         3       -4.795318e-01
        49         3        1.095418e+00
        50         3        2.816779e-01
        51         3        4.088622e-01
        52         3       -6.479181e-01
        53         3        4.253328e-01
        54         3        6.564375e-01
        55         3        5.080281e-01
        56         3        2.351568e+00
        57         3        1.883292e-01
        58         3       -4.921776e-01
        59         3        2.166735e-01
        60         3        9.130396e-01
        61         3        7.701483e-01
        62         3        8.002007e-01
        63         3       -2.392809e+00
        64         3       -2.522229e-01
        65         3       -4.945670e-01
        66         3       -4.227362e-01
        67         3       -5.165777e-01
        68         3        5.528427e-02
        69         3        1.391194e+00
        70         3       -1.066892e-01
        71         3        8.688034e-01
        72         3        4.787170e-01
        73         3        1.561636e+00
        74         3        9.483617e-01
        75         3        9.361922e-01
        76         3       -2.128038e+00
        77         3        8.164835e-01
        78         3       -6.575084e-03
        79         3       -7.324375e-01
        80         3        3.826281e-01
        81         3       -1.305198e-01
        82         3       -1.833992e-01
        83         3        2.400151e-01
        84         3       -7.063090e-02
        85         3       -7.939509e-01
        86         3        2.368509e-02
        87         3       -9.860176e-01
        88         3        1.947020e-01
        89         3        1.397024e+00
        90         3        2.770678e-01
        91         3        5.665379e-01
        92         3        7.503297e-02
        93         3        5.136342e-01
        94         3       -8.814663e-01
        95         3        1.091300e+00
        96         3        2.342885e-01
        97         3        4.436949e-01
        98         3        1.367107e+00
        99         3        9.482078e-01
       100         3        4.632621e-01
         1         4       -1.121245e+00
         2         4        3.617402e-02
         3         4        1.078326e+00
         4         4        4.081477e-01
         5         4        1.642380e+00
         6         4        1.521409e+00
         7         4       -1.360991e+00
         8         4       -1.020167e+00
         9         4        1.876243e-01
        10         4       -6.457190e-01
        11         4        3.379539e-01
        12         4       -1.735296e-01
        13         4       -8.381014e-01
        14         4       -1.539904e+00
        15         4        1.013642e+00
        16         4        1.410588e+00
        17         4        2.394775e-01
        18         4       -5.361626e-01
        19         4        8.920959e-02
        20         4       -5.611400e-01
        21         4        2.212909e-02
        22         4       -2.331915e+00
        23         4        1.870997e+00
        24         4       -9.289965e-01
        25         4        7.701586e-02
        26         4        2.073649e+00
        27         4       -1.071939e+00
        28         4       -6.231496e-01
        29         4       -4.534436e-01
        30         4        4.778365e-01
        31         4        5.467436e-01
        32         4       -6.195648e-01
        33         4        1.498134e+00
        34         4        1.303168e+00
        35         4        5.602231e-01
        36         4       -1.229384e+00
        37         4        4.779052e-01
        38         4        4.447317e-01
        39         4       -5.019230e-01
        40         4       -4.334539e-01
        41         4       -1.047318e+00
        42         4        3.556986e-01
        43         4       -7.127795e-01
        44         4       -1.096564e+00
        45         4        2.609554e-02
        46         4        1.082539e+00
        47         4        3.606332e-02
        48         4        3.279856e-01
        49         4        6.949798e-02
        50         4       -1.381234e+00
        51         4        8.299022e-01
        52         4        2.928844e-01
        53         4       -3.025922e-02
        54         4       -1.057160e+00
        55         4        1.550027e-02
        56         4       -1.198377e+00
        57         4        6.997570e-01
        58         4       -4.286869e-02
        59         4       -1.098506e+00
        60         4        7.516692e-02
        61         4        8.168818e-01
        62         4       -1.718052e+00
        63         4        5.782668e-01
        64         4        1.322509e+00
        65         4        6.193064e-01
        66         4        8.026514e-01
        67         4       -1.282605e+00
        68         4       -2.529181e-01
        69         4       -1.545239e+00
        70         4        2.848222e-02
        71         4       -1.015649e+00
        72         4        2.319401e+00
        73         4       -1.698755e+00
        74         4        4.332161e-01
        75         4        3.000890e-02
        76         4       -5.966945e-01
        77         4       -1.568910e+00
        78         4       -4.020470e-01
        79         4       -4.177192e-01
        80         4        1.111907e+00
        81         4       -9.006893e-02
        82         4       -3.183803e-01
        83         4       -2.288388e-01
        84         4       -4.980648e-02
        85         4        2.798254e-01
        86         4       -5.513651e-01
        87         4        8.789858e-02
        88         4        6.710033e-01
        89         4       -1.089365e+00
        90         4       -5.252415e-01
        91         4        1.010797e+00
        92         4       -7.103378e-01
        93         4        2.084424e-01
        94         4       -1.150683e-01
        95         4        6.824257e-01
        96         4       -6.146474e-04
        97         4       -8.030402e-01
        98         4        9.474177e-01
        99         4       -8.099508e-01
       100         4       -3.969387e-01
         1         5        3.539512e-01
         2         5       -9.136762e-01
         3         5       -1.044070e+00
         4         5       -4.421262e-01
         5         5       -4.140725e-02
         6         5        1.371331e+00
         7         5        6.742041e-01
         8         5        2.198594e-01
         9         5        3.023310e-01
        10         5        4.042977e-01
        11         5       -3.534628e-01
        12         5       -7.753689e-01
        13         5       -7.351160e-01
        14         5       -2.145804e+00
        15         5       -2.222061e-01
        16         5       -1.334469e-01
        17         5        4.603304e-02
        18         5       -7.422628e-01
        19         5        8.515685e-01
        20         5        3.610288e+00
        21         5        3.494895e-01
        22         5        3.870882e-01
        23         5        4.490963e-01
        24         5       -8.593449e-01
        25         5        1.825845e+00
        26         5       -6.590886e-01
        27         5       -6.499495e-01
        28         5        9.333118e-01
        29         5        6.810414e-02
        30         5        7.976088e-02
        31         5        3.046971e-01
        32         5        8.784854e-01
        33         5       -1.451469e+00
        34         5       -2.773428e-02
        35         5       -8.994920e-01
        36         5       -1.408535e+00
        37         5       -1.619291e-01
        38         5        1.035611e+00
        39         5        8.377960e-01
        40         5       -3.066810e-01
        41         5        1.139690e+00
        42         5        1.224881e+00
        43         5       -5.795752e-01
        44         5       -5.060591e-01
        45         5       -1.519545e-01
        46         5        3.540039e-01
        47         5        1.544950e+00
        48         5        1.526835e+00
        49         5       -8.920818e-01
        50         5        3.205813e-01
        51         5       -9.001533e-01
        52         5       -9.816916e-01
        53         5        1.085941e-01
        54         5        4.054353e-01
        55         5       -4.108702e-01
        56         5       -6.033556e-01
        57         5        5.626678e-01
        58         5        9.151328e-01
        59         5        8.950219e-02
        60         5        2.150236e-01
        61         5        7.009209e-01
        62         5       -1.500540e-01
        63         5       -2.441373e-01
        64         5       -1.677753e-02
        65         5        3.777707e-01
        66         5        4.486244e-01
        67         5       -1.314644e+00
        68         5        1.030990e-03
        69         5        3.861627e-01
        70         5        5.293990e-01
        71         5        1.022817e+00
        72         5       -6.338952e-01
        73         5       -2.424195e-01
        74         5       -8.980134e-01
        75         5       -1.167628e+00
        76         5       -7.936050e-01
        77         5        1.077258e+00
        78         5       -9.433235e-01
        79         5       -1.265990e+00
        80         5       -2.594696e-01
        81         5        5.623496e-01
        82         5       -4.183953e-01
        83         5       -1.673516e+00
        84         5       -1.942470e-01
        85         5        2.808354e-01
        86         5       -7.563554e-01
        87         5        1.422692e+00
        88         5       -8.908272e-02
        89         5        2.678764e-01
        90         5       -4.303845e-01
        91         5        1.909825e+00
        92         5        6.259342e-01
        93         5       -2.688026e+00
        94         5        1.455579e+00
        95         5       -4.485086e-01
        96         5       -6.454389e-01
        97         5       -3.186316e-02
        98         5        5.590227e-01
        99         5        8.359591e-01
       100         5       -4.720564e-01
;
param X_Original:=
    1        3.643617e+00
    2        2.861869e+00
    3       -6.452466e-01
    4        5.992277e-01
    5        1.039366e+00
    6       -4.641978e-01
    7       -4.427728e-01
    8       -1.904286e+00
    9       -8.083732e-01
   10        2.847228e-01
   11       -1.111253e+00
   12        1.053256e+00
   13        2.499293e+00
   14       -6.581679e-02
   15       -4.753271e-01
   16       -2.185860e+00
   17       -8.382844e-01
   18       -1.591549e+00
   19       -1.305201e+00
   20        1.177081e+00
   21        5.511037e-02
   22        7.404015e-01
   23        6.055769e-01
   24       -6.878972e-02
   25       -1.987639e+00
   26        1.696387e+00
   27       -8.279959e-01
   28        2.543104e-01
   29        2.291501e-01
   30        6.729744e-01
   31        3.282031e-01
   32       -3.329308e-01
   33       -2.016225e+00
   34        4.886926e-01
   35        2.118799e+00
   36        4.993873e-01
   37        1.464601e+00
   38        1.672224e+00
   39        5.148407e-01
   40        4.794336e-01
   41        8.958917e-01
   42       -4.886950e-01
   43        2.821236e-01
   44        3.174079e+00
   45       -5.150202e-01
   46       -1.414387e+00
   47       -3.471009e-01
   48        1.374145e+00
   49       -1.007979e+00
   50        1.059171e+00
   51       -5.934552e-02
   52        4.176322e-01
   53        6.620504e-02
   54        1.824912e+00
   55       -5.552117e-01
   56        4.950989e-01
   57       -3.720347e-01
   58        3.372831e-01
   59       -2.305461e-01
   60       -9.861700e-01
   61       -1.523041e+00
   62        7.468000e-01
   63       -1.621114e+00
   64        1.180121e+00
   65        1.944369e+00
   66        1.271520e-01
   67       -9.602379e-02
   68       -4.487640e-01
   69        7.802404e-01
   70       -2.134014e+00
   71        3.615537e-01
   72        7.383229e-02
   73       -2.828672e-01
   74        1.141875e+00
   75       -6.221890e-02
   76       -2.028118e-01
   77       -1.527860e+00
   78       -1.594675e+00
   79        7.169601e-01
   80        6.362365e-01
   81        8.964296e-01
   82        1.562638e+00
   83        2.208600e-01
   84        6.975678e-01
   85       -4.833666e-01
   86        8.390261e-01
   87       -3.759798e-01
   88        1.533626e+00
   89       -1.295896e+00
   90        2.700223e+00
   91        4.468591e-01
   92       -4.057758e-01
   93        5.505430e-01
   94        1.209547e+00
   95       -1.692569e-02
   96       -8.690686e-01
   97        4.576003e-01
   98        1.068832e+00
   99        3.883025e-01
  100        5.635649e-01
;
param outliervec_original :=
    1    0
    2    0
    3    1
    4    1
    5    1
    6    1
    7    1
    8    1
    9    1
   10    1
   11    1
   12    1
   13    0
   14    1
   15    1
   16    1
   17    1
   18    1
   19    1
   20    1
   21    1
   22    1
   23    1
   24    1
   25    0
   26    1
   27    1
   28    1
   29    1
   30    1
   31    1
   32    1
   33    0
   34    1
   35    1
   36    1
   37    1
   38    1
   39    1
   40    1
   41    1
   42    1
   43    1
   44    0
   45    1
   46    1
   47    1
   48    1
   49    1
   50    0
   51    1
   52    1
   53    1
   54    1
   55    1
   56    1
   57    1
   58    1
   59    1
   60    1
   61    0
   62    1
   63    1
   64    1
   65    1
   66    1
   67    1
   68    1
   69    1
   70    1
   71    1
   72    1
   73    1
   74    1
   75    1
   76    1
   77    1
   78    1
   79    1
   80    1
   81    1
   82    0
   83    1
   84    1
   85    0
   86    1
   87    1
   88    1
   89    1
   90    0
   91    1
   92    1
   93    1
   94    0
   95    1
   96    1
   97    1
   98    1
   99    1
  100    1
;
param d:= 56;
param r:=5;
param p:=0.880000;
param M:=1000;
param U:=
         1         1       -2.634414e+00
         2         1        3.043832e-01
         3         1       -1.304119e+00
         4         1       -1.350566e-01
         5         1       -1.010417e+00
         6         1       -6.499270e-01
         7         1       -7.160606e-01
         8         1        6.161161e-01
         9         1        2.235664e+00
        10         1       -2.300722e-01
        11         1       -9.123751e-02
        12         1        3.416154e-01
        13         1       -7.136036e-01
        14         1        7.291830e-01
        15         1        1.366299e+00
        16         1       -1.694589e+00
        17         1        3.226549e-02
        18         1        7.808291e-01
        19         1       -1.807784e-01
        20         1        6.660707e-01
        21         1        8.979247e-01
        22         1       -2.863042e-01
        23         1       -3.999138e-01
        24         1       -1.717520e+00
        25         1       -3.490536e-01
        26         1        1.421720e-01
        27         1       -1.154183e+00
        28         1        9.932204e-02
        29         1        3.053977e-01
        30         1        1.103159e+00
        31         1        2.755727e-01
        32         1        6.972260e-01
        33         1        1.309291e+00
        34         1       -6.808434e-01
        35         1       -2.589464e-02
        36         1        1.491514e+00
        37         1       -3.841908e-01
        38         1       -8.109649e-01
        39         1        1.363076e+00
        40         1        1.022103e+00
        41         1        1.031166e+00
        42         1       -4.207513e-01
        43         1       -4.586502e-01
        44         1        2.417787e+00
        45         1        2.888938e-01
        46         1       -1.996859e-01
        47         1       -4.708793e-01
        48         1       -4.054989e-01
        49         1        6.562095e-01
        50         1       -3.965195e-01
        51         1       -1.240609e-01
        52         1        1.104227e+00
        53         1       -1.078907e+00
        54         1        2.128201e-01
        55         1       -9.064876e-01
        56         1       -1.694067e+00
         1         2       -3.179613e-03
         2         2        8.086544e-01
         3         2       -6.876541e-01
         4         2        8.390553e-02
         5         2       -8.157298e-01
         6         2        4.990002e-01
         7         2       -1.714069e+00
         8         2       -8.384041e-04
         9         2       -6.888288e-01
        10         2       -8.058502e-01
        11         2       -7.946827e-01
        12         2       -6.233334e-01
        13         2       -3.411218e-01
        14         2        9.433353e-02
        15         2       -9.874055e-01
        16         2       -3.228621e-01
        17         2        1.162311e+00
        18         2       -3.300859e-01
        19         2       -3.179999e-01
        20         2        4.049199e-01
        21         2        4.212021e-01
        22         2        1.629598e+00
        23         2        2.902984e-01
        24         2       -7.265836e-01
        25         2       -5.624955e-01
        26         2        5.489820e-01
        27         2        2.775955e-01
        28         2       -1.458263e+00
        29         2       -1.982629e-01
        30         2        7.716321e-01
        31         2        4.519457e-01
        32         2        4.666050e-01
        33         2        1.475332e+00
        34         2        1.218646e+00
        35         2        7.840907e-01
        36         2        8.858463e-01
        37         2        2.190615e+00
        38         2       -2.002678e-01
        39         2       -1.306419e+00
        40         2        1.112567e+00
        41         2       -2.987314e-01
        42         2       -1.644229e+00
        43         2        4.783338e-02
        44         2       -2.110890e-01
        45         2        1.205430e-02
        46         2       -1.160217e+00
        47         2       -1.947296e+00
        48         2        1.402294e+00
        49         2        2.983285e-01
        50         2        9.671724e-01
        51         2        1.015451e+00
        52         2        9.533350e-02
        53         2        8.462686e-01
        54         2       -6.426777e-01
        55         2        2.380072e-01
        56         2       -3.421623e-01
         1         3        2.286157e-01
         2         3       -1.801084e+00
         3         3       -2.246589e-01
         4         3       -5.246036e-01
         5         3        5.577163e-01
         6         3        6.499242e-01
         7         3       -5.173491e-01
         8         3       -1.490644e+00
         9         3        6.019168e-02
        10         3        9.069175e-01
        11         3        1.051077e+00
        12         3        8.494444e-01
        13         3        1.210061e-01
        14         3       -9.910394e-01
        15         3       -7.330308e-01
        16         3        1.427984e-01
        17         3        1.218491e+00
        18         3        2.591077e-01
        19         3       -1.133488e+00
        20         3       -6.312176e-01
        21         3       -2.055172e+00
        22         3       -7.447994e-01
        23         3       -4.827028e-01
        24         3       -3.635448e-01
        25         3       -4.011295e-01
        26         3       -3.003273e-01
        27         3       -1.001306e+00
        28         3        1.095418e+00
        29         3        2.816779e-01
        30         3        4.088622e-01
        31         3        5.080281e-01
        32         3       -4.921776e-01
        33         3        2.166735e-01
        34         3        9.130396e-01
        35         3        7.701483e-01
        36         3        8.002007e-01
        37         3       -2.522229e-01
        38         3       -4.227362e-01
        39         3        5.528427e-02
        40         3        1.561636e+00
        41         3        9.361922e-01
        42         3       -7.324375e-01
        43         3       -1.833992e-01
        44         3        2.400151e-01
        45         3       -7.939509e-01
        46         3        2.368509e-02
        47         3       -9.860176e-01
        48         3        1.947020e-01
        49         3        1.397024e+00
        50         3        2.770678e-01
        51         3        7.503297e-02
        52         3        5.136342e-01
        53         3       -8.814663e-01
        54         3        2.342885e-01
        55         3        4.436949e-01
        56         3        4.632621e-01
         1         4       -1.121245e+00
         2         4        3.617402e-02
         3         4        4.081477e-01
         4         4        1.521409e+00
         5         4        1.876243e-01
         6         4        3.379539e-01
         7         4       -1.735296e-01
         8         4       -8.381014e-01
         9         4        1.410588e+00
        10         4        2.394775e-01
        11         4       -5.361626e-01
        12         4        8.920959e-02
        13         4        7.701586e-02
        14         4       -6.231496e-01
        15         4       -4.534436e-01
        16         4        4.778365e-01
        17         4       -6.195648e-01
        18         4        1.498134e+00
        19         4        5.602231e-01
        20         4        4.779052e-01
        21         4        4.447317e-01
        22         4       -5.019230e-01
        23         4        3.556986e-01
        24         4       -1.096564e+00
        25         4        2.609554e-02
        26         4        1.082539e+00
        27         4        3.606332e-02
        28         4        6.949798e-02
        29         4       -1.381234e+00
        30         4        8.299022e-01
        31         4        1.550027e-02
        32         4       -4.286869e-02
        33         4       -1.098506e+00
        34         4        7.516692e-02
        35         4        8.168818e-01
        36         4       -1.718052e+00
        37         4        1.322509e+00
        38         4        8.026514e-01
        39         4       -2.529181e-01
        40         4       -1.698755e+00
        41         4        3.000890e-02
        42         4       -4.177192e-01
        43         4       -3.183803e-01
        44         4       -2.288388e-01
        45         4        2.798254e-01
        46         4       -5.513651e-01
        47         4        8.789858e-02
        48         4        6.710033e-01
        49         4       -1.089365e+00
        50         4       -5.252415e-01
        51         4       -7.103378e-01
        52         4        2.084424e-01
        53         4       -1.150683e-01
        54         4       -6.146474e-04
        55         4       -8.030402e-01
        56         4       -3.969387e-01
         1         5        3.539512e-01
         2         5       -9.136762e-01
         3         5       -4.421262e-01
         4         5        1.371331e+00
         5         5        3.023310e-01
         6         5       -3.534628e-01
         7         5       -7.753689e-01
         8         5       -7.351160e-01
         9         5       -1.334469e-01
        10         5        4.603304e-02
        11         5       -7.422628e-01
        12         5        8.515685e-01
        13         5        1.825845e+00
        14         5        9.333118e-01
        15         5        6.810414e-02
        16         5        7.976088e-02
        17         5        8.784854e-01
        18         5       -1.451469e+00
        19         5       -8.994920e-01
        20         5       -1.619291e-01
        21         5        1.035611e+00
        22         5        8.377960e-01
        23         5        1.224881e+00
        24         5       -5.060591e-01
        25         5       -1.519545e-01
        26         5        3.540039e-01
        27         5        1.544950e+00
        28         5       -8.920818e-01
        29         5        3.205813e-01
        30         5       -9.001533e-01
        31         5       -4.108702e-01
        32         5        9.151328e-01
        33         5        8.950219e-02
        34         5        2.150236e-01
        35         5        7.009209e-01
        36         5       -1.500540e-01
        37         5       -1.677753e-02
        38         5        4.486244e-01
        39         5        1.030990e-03
        40         5       -2.424195e-01
        41         5       -1.167628e+00
        42         5       -1.265990e+00
        43         5       -4.183953e-01
        44         5       -1.673516e+00
        45         5        2.808354e-01
        46         5       -7.563554e-01
        47         5        1.422692e+00
        48         5       -8.908272e-02
        49         5        2.678764e-01
        50         5       -4.303845e-01
        51         5        6.259342e-01
        52         5       -2.688026e+00
        53         5        1.455579e+00
        54         5       -6.454389e-01
        55         5       -3.186316e-02
        56         5       -4.720564e-01
;

param theta:=
    1       -9.327387e-01
    2        1.263067e+00
    3       -6.478689e-01
    4       -1.543909e+00
    5       -1.109122e+00
;
param X_true:=
    1        3.643617e+00
    2        2.861869e+00
    3        3.536275e-01
    4       -3.298065e+00
    5       -1.074190e+00
    6        6.856800e-01
    7       -3.401868e-02
    8        2.499293e+00
    9       -5.024134e+00
   10       -1.811597e+00
   11        5.144992e-02
   12       -2.738503e+00
   13       -1.987639e+00
   14        8.006034e-03
   15       -1.422111e+00
   16        2.540973e-01
   17        6.307631e-01
   18       -2.016225e+00
   19        6.340282e-01
   20       -2.591262e-01
   21       -8.092851e-01
   22        2.653576e+00
   23       -8.552989e-01
   24        3.174079e+00
   25        3.232732e-03
   26       -1.308611e+00
   27        3.066714e-01
   28       -1.762084e+00
   29        1.059171e+00
   30       -6.021398e-01
   31        4.164387e-01
   32       -6.909182e-01
   33        2.098565e+00
   34        1.228212e+00
   35       -1.523041e+00
   36        2.028210e+00
   37        1.265425e+00
   38       -9.594555e-01
   39       -2.567966e+00
   40        2.331752e+00
   41       -6.969454e-01
   42        8.392609e-01
   43        1.562638e+00
   44       -4.678417e-01
   45       -4.833666e-01
   46        3.956268e-01
   47       -3.095193e+00
   48        1.086109e+00
   49        2.444210e-01
   50        2.700223e+00
   51        1.752147e+00
   52        1.417222e+00
   53        1.209547e+00
   54       -4.452193e-01
   55        2.133840e+00
   56        1.984221e+00
;
param X:=
    1        3.643617e+00
    2        2.861869e+00
    3        5.992277e-01
    4       -4.641978e-01
    5       -8.083732e-01
    6       -1.111253e+00
    7        1.053256e+00
    8        2.499293e+00
    9       -2.185860e+00
   10       -8.382844e-01
   11       -1.591549e+00
   12       -1.305201e+00
   13       -1.987639e+00
   14        2.543104e-01
   15        2.291501e-01
   16        6.729744e-01
   17       -3.329308e-01
   18       -2.016225e+00
   19        2.118799e+00
   20        1.464601e+00
   21        1.672224e+00
   22        5.148407e-01
   23       -4.886950e-01
   24        3.174079e+00
   25       -5.150202e-01
   26       -1.414387e+00
   27       -3.471009e-01
   28       -1.007979e+00
   29        1.059171e+00
   30       -5.934552e-02
   31       -5.552117e-01
   32        3.372831e-01
   33       -2.305461e-01
   34       -9.861700e-01
   35       -1.523041e+00
   36        7.468000e-01
   37        1.180121e+00
   38        1.271520e-01
   39       -4.487640e-01
   40       -2.828672e-01
   41       -6.221890e-02
   42        7.169601e-01
   43        1.562638e+00
   44        2.208600e-01
   45       -4.833666e-01
   46        8.390261e-01
   47       -3.759798e-01
   48        1.533626e+00
   49       -1.295896e+00
   50        2.700223e+00
   51       -4.057758e-01
   52        5.505430e-01
   53        1.209547e+00
   54       -8.690686e-01
   55        4.576003e-01
   56        5.635649e-01
;
param outliervec:=
    1    0
    2    0
    3    1
    4    1
    5    1
    6    1
    7    1
    8    0
    9    1
   10    1
   11    1
   12    1
   13    0
   14    1
   15    1
   16    1
   17    1
   18    0
   19    1
   20    1
   21    1
   22    1
   23    1
   24    0
   25    1
   26    1
   27    1
   28    1
   29    0
   30    1
   31    1
   32    1
   33    1
   34    1
   35    0
   36    1
   37    1
   38    1
   39    1
   40    1
   41    1
   42    1
   43    0
   44    1
   45    0
   46    1
   47    1
   48    1
   49    1
   50    0
   51    1
   52    1
   53    0
   54    1
   55    1
   56    1
; 
param greedy_time :=         2.376329e-01
;