data;


param FN:= 0;
param D:= 100;
param U_Original:=
         1         1       -7.879607e-01
         2         1        9.979268e-01
         3         1        1.126276e+00
         4         1       -3.762895e-01
         5         1        9.239064e-01
         6         1        2.498917e+00
         7         1       -8.913032e-01
         8         1        4.858461e-01
         9         1        1.033091e+00
        10         1        3.354696e-01
        11         1        2.797464e-01
        12         1        2.003830e-01
        13         1        5.623162e-01
        14         1        4.123435e-01
        15         1       -7.974949e-02
        16         1       -1.295989e+00
        17         1        1.414995e+00
        18         1        6.971479e-01
        19         1        3.406475e-01
        20         1       -1.199331e+00
        21         1        1.897708e+00
        22         1       -7.433677e-01
        23         1       -3.893665e-01
        24         1       -8.185526e-01
        25         1        9.577177e-01
        26         1       -5.397253e-01
        27         1       -5.857446e-01
        28         1        1.897811e-01
        29         1       -1.155116e+00
        30         1        1.746632e+00
        31         1       -7.179058e-01
        32         1        1.533415e+00
        33         1       -9.862138e-01
        34         1        1.113381e+00
        35         1       -7.710021e-01
        36         1        1.805534e+00
        37         1       -3.359832e-01
        38         1       -9.748352e-01
        39         1       -7.457710e-02
        40         1       -5.591641e-01
        41         1       -2.068335e-01
        42         1       -8.106489e-01
        43         1       -1.148926e+00
        44         1       -2.040440e-01
        45         1        1.577475e+00
        46         1       -9.916266e-01
        47         1       -4.744838e-01
        48         1        1.679962e+00
        49         1       -4.685690e-01
        50         1        5.113973e-02
        51         1       -9.330094e-01
        52         1       -6.798695e-02
        53         1       -1.304511e+00
        54         1       -1.700794e+00
        55         1        7.816467e-01
        56         1        1.434071e+00
        57         1       -1.603590e+00
        58         1        6.642926e-01
        59         1        4.103381e-01
        60         1        1.439766e+00
        61         1        2.012564e-01
        62         1        1.141820e-01
        63         1       -4.857757e-01
        64         1        8.231726e-02
        65         1        8.318244e-01
        66         1        6.182787e-01
        67         1       -2.840053e-01
        68         1       -3.078470e+00
        69         1        4.350136e-01
        70         1       -1.390969e+00
        71         1       -4.513021e-01
        72         1       -1.164230e+00
        73         1        1.031307e-01
        74         1        4.174697e-01
        75         1       -1.326476e+00
        76         1       -1.550679e-01
        77         1        1.822070e+00
        78         1        4.770910e-01
        79         1       -3.775669e-01
        80         1       -3.980213e-01
        81         1       -1.484178e+00
        82         1       -1.415100e-01
        83         1       -1.125685e+00
        84         1       -9.353454e-01
        85         1       -1.248347e+00
        86         1       -2.742338e+00
        87         1       -6.775083e-02
        88         1        2.102060e-01
        89         1        1.240667e+00
        90         1       -8.441774e-01
        91         1       -1.175972e-01
        92         1       -1.203086e+00
        93         1       -2.177993e+00
        94         1       -8.883581e-01
        95         1        3.777071e-01
        96         1       -1.677377e+00
        97         1       -1.414340e+00
        98         1       -4.559096e-01
        99         1        1.696080e-02
       100         1       -4.408248e-01
         1         2       -1.942807e+00
         2         2        2.287224e+00
         3         2        5.109412e-01
         4         2       -1.131273e+00
         5         2       -4.697568e-01
         6         2       -4.868525e-01
         7         2        4.195451e-01
         8         2        2.867565e-01
         9         2       -4.985780e-01
        10         2       -1.317906e+00
        11         2       -2.416083e+00
        12         2       -9.467215e-01
        13         2        1.653335e+00
        14         2       -1.257810e-01
        15         2       -1.244658e+00
        16         2       -1.134920e+00
        17         2        1.552751e-01
        18         2       -6.244067e-02
        19         2        2.975820e-01
        20         2       -1.219607e+00
        21         2       -1.681701e-01
        22         2        3.632537e-01
        23         2        6.608681e-01
        24         2        7.400661e-01
        25         2        1.400993e+00
        26         2       -3.537437e-01
        27         2        1.458859e-01
        28         2        8.292852e-01
        29         2       -5.995690e-01
        30         2       -1.393008e-01
        31         2        4.525084e-01
        32         2        9.815761e-01
        33         2       -3.305941e-01
        34         2        2.790853e-01
        35         2        8.030908e-02
        36         2        2.623824e-01
        37         2        9.541714e-01
        38         2       -6.308888e-01
        39         2        1.417277e+00
        40         2       -9.719680e-01
        41         2       -9.438726e-01
        42         2        3.836824e-01
        43         2        1.054246e+00
        44         2        1.067412e+00
        45         2       -5.298251e-01
        46         2       -3.139521e-01
        47         2       -4.601628e-02
        48         2       -1.363891e-01
        49         2        2.770179e-01
        50         2       -5.609332e-01
        51         2       -3.894916e-01
        52         2        1.612420e+00
        53         2       -5.648196e-01
        54         2       -1.622374e+00
        55         2       -1.380128e+00
        56         2        1.070460e+00
        57         2       -3.509919e-01
        58         2        7.040638e-01
        59         2       -9.599646e-01
        60         2       -6.406162e-01
        61         2        5.398972e-01
        62         2        3.749078e-01
        63         2       -7.070934e-01
        64         2        5.348712e-01
        65         2        1.943759e+00
        66         2       -5.985346e-01
        67         2       -1.029112e+00
        68         2       -1.233521e+00
        69         2       -1.197475e+00
        70         2       -1.756898e-02
        71         2       -4.682998e-01
        72         2        2.307231e-01
        73         2       -2.276908e-01
        74         2        9.888665e-01
        75         2        1.246740e+00
        76         2       -1.002254e+00
        77         2       -1.249488e+00
        78         2       -1.387737e+00
        79         2        2.241237e+00
        80         2        1.964377e-01
        81         2        2.282407e-01
        82         2        6.746751e-01
        83         2        2.859798e-01
        84         2       -3.577573e-01
        85         2        1.902608e+00
        86         2        8.717450e-01
        87         2       -6.254938e-01
        88         2       -1.369956e+00
        89         2       -5.434937e-01
        90         2       -1.478781e+00
        91         2       -3.434014e-01
        92         2        1.132797e+00
        93         2       -1.250616e+00
        94         2       -1.075037e+00
        95         2        9.160073e-01
        96         2       -4.103337e-01
        97         2        4.215507e-01
        98         2       -1.013931e+00
        99         2        5.973543e-01
       100         2       -2.111741e-01
         1         3       -5.808600e-01
         2         3        1.782151e+00
         3         3        8.236668e-01
         4         3       -7.019743e-01
         5         3        1.302340e+00
         6         3        4.729875e-01
         7         3        3.254868e-01
         8         3        6.293453e-01
         9         3        7.065972e-01
        10         3       -2.206877e+00
        11         3        2.173625e-01
        12         3       -1.105934e+00
        13         3       -7.655539e-01
        14         3       -1.813372e-01
        15         3        5.273618e-01
        16         3       -1.856565e-01
        17         3        1.158393e+00
        18         3        8.334351e-01
        19         3        7.118247e-02
        20         3        1.523478e+00
        21         3       -3.305384e-01
        22         3        1.100182e+00
        23         3        6.306285e-01
        24         3       -2.111601e+00
        25         3       -3.825156e-01
        26         3        1.206491e+00
        27         3        1.287291e+00
        28         3        1.212207e+00
        29         3       -2.621269e+00
        30         3        8.164591e-01
        31         3       -4.745282e-01
        32         3        9.574763e-01
        33         3       -6.785797e-01
        34         3       -1.100841e+00
        35         3        1.066663e+00
        36         3       -1.748149e+00
        37         3        6.729666e-01
        38         3        9.869813e-01
        39         3        1.730414e+00
        40         3       -3.575954e+00
        41         3       -1.789005e+00
        42         3       -1.303490e+00
        43         3       -6.107231e-01
        44         3       -4.108860e-01
        45         3       -9.683654e-02
        46         3       -1.381617e+00
        47         3       -1.100165e+00
        48         3        7.164922e-01
        49         3       -5.984353e-01
        50         3        1.615079e-01
        51         3        9.977543e-02
        52         3        3.529088e-01
        53         3        5.033280e-01
        54         3        7.009335e-01
        55         3        1.076769e+00
        56         3       -8.031162e-01
        57         3        8.741921e-01
        58         3        7.919445e-01
        59         3        3.778996e-01
        60         3        9.560890e-02
        61         3       -2.543242e-01
        62         3       -1.620615e+00
        63         3       -1.080185e-02
        64         3       -2.190067e-01
        65         3       -1.089566e-01
        66         3       -4.995755e-01
        67         3       -4.874140e-02
        68         3       -1.825626e-01
        69         3        2.083223e+00
        70         3        8.936151e-01
        71         3       -1.397419e-01
        72         3        1.942806e-01
        73         3        3.359615e-01
        74         3        3.520078e-01
        75         3       -5.629251e-01
        76         3       -6.619977e-01
        77         3        6.978631e-02
        78         3       -1.026295e+00
        79         3       -6.159905e-01
        80         3        1.016357e+00
        81         3        8.820466e-01
        82         3        2.283004e-01
        83         3        1.936791e+00
        84         3       -1.421015e+00
        85         3        3.149667e-02
        86         3        8.357061e-02
        87         3       -5.085632e-01
        88         3       -1.364943e+00
        89         3       -1.707319e+00
        90         3       -1.900426e+00
        91         3        7.607556e-01
        92         3        1.464728e+00
        93         3        2.341376e-01
        94         3        1.785198e+00
        95         3        7.910293e-02
        96         3        2.251951e-01
        97         3        2.779770e-01
        98         3       -8.637911e-02
        99         3       -1.587100e+00
       100         3        6.903974e-01
         1         4       -4.081989e-01
         2         4        9.191347e-02
         3         4        6.164516e-01
         4         4       -1.425073e-01
         5         4        1.170617e+00
         6         4        1.374106e+00
         7         4       -4.569043e-01
         8         4       -3.952311e-01
         9         4       -8.425160e-01
        10         4       -7.177333e-01
        11         4        7.327009e-01
        12         4       -1.970998e+00
        13         4        1.372257e+00
        14         4       -8.142826e-01
        15         4        1.620441e-01
        16         4        2.169975e-01
        17         4        5.754514e-01
        18         4       -2.607722e-01
        19         4        1.398210e+00
        20         4        4.595437e-02
        21         4       -1.034628e+00
        22         4        8.273006e-01
        23         4        3.576442e-01
        24         4        2.240757e-01
        25         4       -9.390558e-02
        26         4        1.954620e-01
        27         4        2.235778e+00
        28         4       -8.331506e-01
        29         4        1.915012e-01
        30         4        1.543621e+00
        31         4       -1.574899e+00
        32         4       -2.256294e+00
        33         4       -1.393823e+00
        34         4        6.703708e-01
        35         4        2.317083e-01
        36         4        1.813716e-01
        37         4        1.489064e-01
        38         4        3.386237e-01
        39         4        4.128312e-02
        40         4        1.263855e+00
        41         4        5.884082e-01
        42         4       -5.171511e-01
        43         4        1.197178e+00
        44         4       -1.407817e+00
        45         4       -2.468529e-01
        46         4        2.654665e-01
        47         4       -1.093779e+00
        48         4       -9.756545e-01
        49         4        6.744172e-01
        50         4       -1.779280e-02
        51         4        2.517854e-01
        52         4       -8.557732e-02
        53         4        9.135453e-01
        54         4       -1.521538e-01
        55         4       -3.069425e-01
        56         4        1.060353e+00
        57         4       -1.759944e-01
        58         4       -4.136203e-01
        59         4       -7.823228e-01
        60         4        1.696971e+00
        61         4        7.351956e-02
        62         4        3.114048e-02
        63         4        8.575867e-01
        64         4       -3.022450e-01
        65         4       -8.702238e-01
        66         4        2.445739e-01
        67         4        6.916130e-01
        68         4       -5.363055e-01
        69         4        5.534848e-01
        70         4        1.480725e-01
        71         4       -9.008395e-01
        72         4        1.178953e+00
        73         4        6.680548e-01
        74         4        9.439066e-01
        75         4       -9.824259e-01
        76         4        5.329334e-01
        77         4        3.257887e-01
        78         4        1.367923e+00
        79         4       -5.878156e-01
        80         4       -4.047170e-01
        81         4        3.421674e-01
        82         4        1.665005e-01
        83         4        8.379071e-01
        84         4        2.146462e+00
        85         4        9.409655e-01
        86         4       -6.137601e-02
        87         4       -1.512272e+00
        88         4        2.940065e-01
        89         4       -5.987839e-01
        90         4        2.134074e+00
        91         4       -7.234622e-01
        92         4        6.008885e-01
        93         4       -1.298509e+00
        94         4       -3.537714e-01
        95         4       -4.664046e-01
        96         4        2.173408e-01
        97         4       -7.169990e-01
        98         4        9.700178e-01
        99         4        5.015241e-01
       100         4        8.801299e-01
         1         5       -6.220472e-01
         2         5        1.945854e+00
         3         5        3.208843e-01
         4         5        2.892418e-01
         5         5        1.120785e-01
         6         5       -1.923285e+00
         7         5        1.360337e-01
         8         5        1.336795e-01
         9         5        3.259051e-01
        10         5        6.757787e-02
        11         5       -1.384474e+00
        12         5       -1.659625e+00
        13         5        6.314868e-01
        14         5        9.668006e-01
        15         5        1.597045e+00
        16         5        9.161304e-01
        17         5       -9.669848e-01
        18         5       -4.968612e-01
        19         5        5.751343e-01
        20         5       -1.232634e+00
        21         5        9.841306e-01
        22         5       -4.876144e-02
        23         5        1.834687e-01
        24         5       -1.491597e+00
        25         5        2.205608e-01
        26         5        8.758175e-01
        27         5        5.036688e-01
        28         5       -6.152515e-01
        29         5       -2.657553e+00
        30         5       -1.025991e+00
        31         5       -5.276718e-02
        32         5       -4.662196e-01
        33         5        1.005733e+00
        34         5        1.270107e+00
        35         5       -6.456355e-02
        36         5       -1.869147e+00
        37         5       -2.966689e-01
        38         5       -2.293424e-01
        39         5        2.149839e+00
        40         5       -8.477149e-01
        41         5        1.311129e-01
        42         5        6.062597e-02
        43         5       -1.101478e+00
        44         5       -8.441843e-01
        45         5        1.802888e+00
        46         5        3.498048e-01
        47         5       -1.423137e+00
        48         5       -6.868315e-01
        49         5       -2.312284e+00
        50         5        2.396367e-01
        51         5       -1.472265e+00
        52         5       -3.748199e-01
        53         5        5.172980e-01
        54         5       -8.983859e-01
        55         5       -1.625369e+00
        56         5       -5.808256e-01
        57         5        1.817540e-01
        58         5        3.464921e-01
        59         5        1.472430e+00
        60         5        1.154884e+00
        61         5       -1.886772e+00
        62         5       -5.234731e-01
        63         5       -2.488955e+00
        64         5       -1.919458e+00
        65         5       -4.295090e-01
        66         5        1.045953e+00
        67         5       -8.459724e-01
        68         5        1.421906e+00
        69         5       -1.118381e+00
        70         5        1.555388e-01
        71         5       -2.770714e-01
        72         5        1.115221e+00
        73         5        2.644897e-01
        74         5        1.630196e+00
        75         5        1.452755e+00
        76         5        1.513843e-02
        77         5       -1.510389e+00
        78         5        1.289883e+00
        79         5        4.031348e-01
        80         5       -7.311912e-01
        81         5        2.961178e+00
        82         5       -2.284236e-01
        83         5       -1.575650e+00
        84         5        8.647257e-01
        85         5       -4.328240e-01
        86         5        5.439177e-01
        87         5       -5.575689e-01
        88         5        1.067398e-01
        89         5       -9.944819e-02
        90         5        1.618665e-01
        91         5       -1.052826e+00
        92         5        6.247004e-01
        93         5       -1.378906e+00
        94         5        1.340760e+00
        95         5        1.590385e+00
        96         5        1.879204e-01
        97         5        9.829351e-01
        98         5       -7.068142e-04
        99         5        5.702179e-01
       100         5       -8.760029e-01
;
param X_Original:=
    1        3.436664e+00
    2       -5.287516e+00
    3       -2.799719e-01
    4        1.617286e+00
    5        3.553610e-01
    6        3.054258e-01
    7       -4.429568e-01
    8       -1.493346e+00
    9        2.005782e+00
   10        1.162465e+00
   11       -1.567012e-01
   12       -3.139583e-02
   13        6.793322e-01
   14       -5.571496e-01
   15        8.884460e-01
   16       -1.659163e+00
   17       -9.146558e-01
   18       -1.284323e+00
   19       -9.908229e-01
   20        3.016724e+00
   21       -2.484899e+00
   22        1.584535e-01
   23        2.818331e-01
   24        7.005854e-01
   25        8.455858e-01
   26        3.077187e-01
   27       -1.789155e+00
   28       -2.106122e-02
   29        1.428076e+00
   30        5.553117e-01
   31       -5.798245e-01
   32       -1.388334e+00
   33       -3.949477e-01
   34        8.091482e-01
   35        1.413421e+00
   36       -8.184478e-02
   37        2.159083e-01
   38       -9.205555e-01
   39       -3.538203e+00
   40       -2.201415e+00
   41       -4.934377e-01
   42       -7.383162e-01
   43        2.307253e-02
   44        2.184110e-01
   45       -1.507867e+00
   46        1.578717e-01
   47        3.442515e-01
   48        5.557751e-01
   49        8.592830e-01
   50        8.143764e-01
   51        1.035040e+00
   52       -2.045539e+00
   53       -8.306134e-02
   54       -1.805631e-01
   55        1.214241e+00
   56       -2.529516e-01
   57       -3.169613e-01
   58       -7.715755e-01
   59       -3.237598e-01
   60       -7.700309e-01
   61        6.725941e-01
   62       -1.609653e-01
   63        5.935070e-01
   64        2.235941e-01
   65       -3.554668e+00
   66       -1.460627e+00
   67        1.513334e+00
   68       -1.187450e+00
   69        2.259277e+00
   70        1.384359e+00
   71       -4.688734e-01
   72        4.086817e-01
   73        3.610522e-01
   74       -6.524932e-02
   75       -9.521610e-01
   76        9.422401e-01
   77       -1.139189e+00
   78        1.811983e+00
   79       -3.493477e+00
   80        8.264150e-01
   81        2.314108e-01
   82        1.864276e-02
   83       -7.375681e-02
   84        1.125632e+00
   85        1.016029e+00
   86        4.796338e-01
   87        1.656895e-01
   88       -1.438922e+00
   89       -2.888062e-01
   90        3.963342e+00
   91        5.060482e-01
   92       -8.269570e-01
   93       -8.799145e-01
   94       -1.116139e+00
   95       -9.801644e-01
   96        8.802525e-01
   97       -3.186268e-01
   98       -1.210214e+00
   99       -1.141111e-01
  100        1.780930e+00
;
param outliervec_original :=
    1    0
    2    0
    3    1
    4    0
    5    1
    6    1
    7    0
    8    1
    9    1
   10    0
   11    1
   12    1
   13    1
   14    1
   15    0
   16    1
   17    1
   18    1
   19    1
   20    0
   21    0
   22    1
   23    1
   24    0
   25    1
   26    0
   27    1
   28    1
   29    1
   30    1
   31    1
   32    1
   33    0
   34    1
   35    1
   36    1
   37    1
   38    1
   39    0
   40    1
   41    1
   42    1
   43    1
   44    1
   45    1
   46    1
   47    1
   48    1
   49    1
   50    1
   51    1
   52    0
   53    1
   54    1
   55    1
   56    1
   57    1
   58    1
   59    0
   60    1
   61    1
   62    0
   63    1
   64    0
   65    0
   66    1
   67    1
   68    1
   69    0
   70    1
   71    1
   72    0
   73    1
   74    1
   75    1
   76    1
   77    1
   78    0
   79    0
   80    1
   81    1
   82    1
   83    1
   84    1
   85    1
   86    1
   87    1
   88    1
   89    0
   90    0
   91    1
   92    1
   93    1
   94    1
   95    1
   96    1
   97    1
   98    1
   99    1
  100    0
;
param d:= 62;
param r:=5;
param p:=0.760000;
param M:=1000;
param U:=
         1         1       -7.879607e-01
         2         1        9.979268e-01
         3         1       -3.762895e-01
         4         1        9.239064e-01
         5         1        2.498917e+00
         6         1       -8.913032e-01
         7         1        4.858461e-01
         8         1        3.354696e-01
         9         1        4.123435e-01
        10         1       -7.974949e-02
        11         1        1.414995e+00
        12         1        6.971479e-01
        13         1        3.406475e-01
        14         1       -1.199331e+00
        15         1        1.897708e+00
        16         1       -7.433677e-01
        17         1       -3.893665e-01
        18         1       -8.185526e-01
        19         1       -5.397253e-01
        20         1        1.746632e+00
        21         1       -7.179058e-01
        22         1       -9.862138e-01
        23         1       -7.710021e-01
        24         1        1.805534e+00
        25         1       -7.457710e-02
        26         1       -8.106489e-01
        27         1       -1.148926e+00
        28         1        1.577475e+00
        29         1       -4.744838e-01
        30         1       -4.685690e-01
        31         1        5.113973e-02
        32         1       -6.798695e-02
        33         1        7.816467e-01
        34         1        4.103381e-01
        35         1        1.439766e+00
        36         1        2.012564e-01
        37         1        1.141820e-01
        38         1        8.231726e-02
        39         1        8.318244e-01
        40         1       -2.840053e-01
        41         1        4.350136e-01
        42         1       -1.390969e+00
        43         1       -1.164230e+00
        44         1        1.031307e-01
        45         1       -1.326476e+00
        46         1       -1.550679e-01
        47         1        4.770910e-01
        48         1       -3.775669e-01
        49         1       -3.980213e-01
        50         1       -1.484178e+00
        51         1       -1.415100e-01
        52         1       -9.353454e-01
        53         1       -2.742338e+00
        54         1       -6.775083e-02
        55         1        1.240667e+00
        56         1       -8.441774e-01
        57         1       -1.175972e-01
        58         1       -1.203086e+00
        59         1       -1.677377e+00
        60         1       -1.414340e+00
        61         1        1.696080e-02
        62         1       -4.408248e-01
         1         2       -1.942807e+00
         2         2        2.287224e+00
         3         2       -1.131273e+00
         4         2       -4.697568e-01
         5         2       -4.868525e-01
         6         2        4.195451e-01
         7         2        2.867565e-01
         8         2       -1.317906e+00
         9         2       -1.257810e-01
        10         2       -1.244658e+00
        11         2        1.552751e-01
        12         2       -6.244067e-02
        13         2        2.975820e-01
        14         2       -1.219607e+00
        15         2       -1.681701e-01
        16         2        3.632537e-01
        17         2        6.608681e-01
        18         2        7.400661e-01
        19         2       -3.537437e-01
        20         2       -1.393008e-01
        21         2        4.525084e-01
        22         2       -3.305941e-01
        23         2        8.030908e-02
        24         2        2.623824e-01
        25         2        1.417277e+00
        26         2        3.836824e-01
        27         2        1.054246e+00
        28         2       -5.298251e-01
        29         2       -4.601628e-02
        30         2        2.770179e-01
        31         2       -5.609332e-01
        32         2        1.612420e+00
        33         2       -1.380128e+00
        34         2       -9.599646e-01
        35         2       -6.406162e-01
        36         2        5.398972e-01
        37         2        3.749078e-01
        38         2        5.348712e-01
        39         2        1.943759e+00
        40         2       -1.029112e+00
        41         2       -1.197475e+00
        42         2       -1.756898e-02
        43         2        2.307231e-01
        44         2       -2.276908e-01
        45         2        1.246740e+00
        46         2       -1.002254e+00
        47         2       -1.387737e+00
        48         2        2.241237e+00
        49         2        1.964377e-01
        50         2        2.282407e-01
        51         2        6.746751e-01
        52         2       -3.577573e-01
        53         2        8.717450e-01
        54         2       -6.254938e-01
        55         2       -5.434937e-01
        56         2       -1.478781e+00
        57         2       -3.434014e-01
        58         2        1.132797e+00
        59         2       -4.103337e-01
        60         2        4.215507e-01
        61         2        5.973543e-01
        62         2       -2.111741e-01
         1         3       -5.808600e-01
         2         3        1.782151e+00
         3         3       -7.019743e-01
         4         3        1.302340e+00
         5         3        4.729875e-01
         6         3        3.254868e-01
         7         3        6.293453e-01
         8         3       -2.206877e+00
         9         3       -1.813372e-01
        10         3        5.273618e-01
        11         3        1.158393e+00
        12         3        8.334351e-01
        13         3        7.118247e-02
        14         3        1.523478e+00
        15         3       -3.305384e-01
        16         3        1.100182e+00
        17         3        6.306285e-01
        18         3       -2.111601e+00
        19         3        1.206491e+00
        20         3        8.164591e-01
        21         3       -4.745282e-01
        22         3       -6.785797e-01
        23         3        1.066663e+00
        24         3       -1.748149e+00
        25         3        1.730414e+00
        26         3       -1.303490e+00
        27         3       -6.107231e-01
        28         3       -9.683654e-02
        29         3       -1.100165e+00
        30         3       -5.984353e-01
        31         3        1.615079e-01
        32         3        3.529088e-01
        33         3        1.076769e+00
        34         3        3.778996e-01
        35         3        9.560890e-02
        36         3       -2.543242e-01
        37         3       -1.620615e+00
        38         3       -2.190067e-01
        39         3       -1.089566e-01
        40         3       -4.874140e-02
        41         3        2.083223e+00
        42         3        8.936151e-01
        43         3        1.942806e-01
        44         3        3.359615e-01
        45         3       -5.629251e-01
        46         3       -6.619977e-01
        47         3       -1.026295e+00
        48         3       -6.159905e-01
        49         3        1.016357e+00
        50         3        8.820466e-01
        51         3        2.283004e-01
        52         3       -1.421015e+00
        53         3        8.357061e-02
        54         3       -5.085632e-01
        55         3       -1.707319e+00
        56         3       -1.900426e+00
        57         3        7.607556e-01
        58         3        1.464728e+00
        59         3        2.251951e-01
        60         3        2.779770e-01
        61         3       -1.587100e+00
        62         3        6.903974e-01
         1         4       -4.081989e-01
         2         4        9.191347e-02
         3         4       -1.425073e-01
         4         4        1.170617e+00
         5         4        1.374106e+00
         6         4       -4.569043e-01
         7         4       -3.952311e-01
         8         4       -7.177333e-01
         9         4       -8.142826e-01
        10         4        1.620441e-01
        11         4        5.754514e-01
        12         4       -2.607722e-01
        13         4        1.398210e+00
        14         4        4.595437e-02
        15         4       -1.034628e+00
        16         4        8.273006e-01
        17         4        3.576442e-01
        18         4        2.240757e-01
        19         4        1.954620e-01
        20         4        1.543621e+00
        21         4       -1.574899e+00
        22         4       -1.393823e+00
        23         4        2.317083e-01
        24         4        1.813716e-01
        25         4        4.128312e-02
        26         4       -5.171511e-01
        27         4        1.197178e+00
        28         4       -2.468529e-01
        29         4       -1.093779e+00
        30         4        6.744172e-01
        31         4       -1.779280e-02
        32         4       -8.557732e-02
        33         4       -3.069425e-01
        34         4       -7.823228e-01
        35         4        1.696971e+00
        36         4        7.351956e-02
        37         4        3.114048e-02
        38         4       -3.022450e-01
        39         4       -8.702238e-01
        40         4        6.916130e-01
        41         4        5.534848e-01
        42         4        1.480725e-01
        43         4        1.178953e+00
        44         4        6.680548e-01
        45         4       -9.824259e-01
        46         4        5.329334e-01
        47         4        1.367923e+00
        48         4       -5.878156e-01
        49         4       -4.047170e-01
        50         4        3.421674e-01
        51         4        1.665005e-01
        52         4        2.146462e+00
        53         4       -6.137601e-02
        54         4       -1.512272e+00
        55         4       -5.987839e-01
        56         4        2.134074e+00
        57         4       -7.234622e-01
        58         4        6.008885e-01
        59         4        2.173408e-01
        60         4       -7.169990e-01
        61         4        5.015241e-01
        62         4        8.801299e-01
         1         5       -6.220472e-01
         2         5        1.945854e+00
         3         5        2.892418e-01
         4         5        1.120785e-01
         5         5       -1.923285e+00
         6         5        1.360337e-01
         7         5        1.336795e-01
         8         5        6.757787e-02
         9         5        9.668006e-01
        10         5        1.597045e+00
        11         5       -9.669848e-01
        12         5       -4.968612e-01
        13         5        5.751343e-01
        14         5       -1.232634e+00
        15         5        9.841306e-01
        16         5       -4.876144e-02
        17         5        1.834687e-01
        18         5       -1.491597e+00
        19         5        8.758175e-01
        20         5       -1.025991e+00
        21         5       -5.276718e-02
        22         5        1.005733e+00
        23         5       -6.456355e-02
        24         5       -1.869147e+00
        25         5        2.149839e+00
        26         5        6.062597e-02
        27         5       -1.101478e+00
        28         5        1.802888e+00
        29         5       -1.423137e+00
        30         5       -2.312284e+00
        31         5        2.396367e-01
        32         5       -3.748199e-01
        33         5       -1.625369e+00
        34         5        1.472430e+00
        35         5        1.154884e+00
        36         5       -1.886772e+00
        37         5       -5.234731e-01
        38         5       -1.919458e+00
        39         5       -4.295090e-01
        40         5       -8.459724e-01
        41         5       -1.118381e+00
        42         5        1.555388e-01
        43         5        1.115221e+00
        44         5        2.644897e-01
        45         5        1.452755e+00
        46         5        1.513843e-02
        47         5        1.289883e+00
        48         5        4.031348e-01
        49         5       -7.311912e-01
        50         5        2.961178e+00
        51         5       -2.284236e-01
        52         5        8.647257e-01
        53         5        5.439177e-01
        54         5       -5.575689e-01
        55         5       -9.944819e-02
        56         5        1.618665e-01
        57         5       -1.052826e+00
        58         5        6.247004e-01
        59         5        1.879204e-01
        60         5        9.829351e-01
        61         5        5.702179e-01
        62         5       -8.760029e-01
;

param theta:=
    1       -6.480552e-01
    2       -1.386894e+00
    3       -7.863541e-02
    4        6.636831e-01
    5       -6.986912e-01
;
param X_true:=
    1        3.436664e+00
    2       -5.287516e+00
    3        1.617286e+00
    4        4.337856e-01
    5        1.179201e+00
    6       -4.429568e-01
    7       -1.064314e+00
    8        1.162465e+00
    9       -1.176330e+00
   10        8.884460e-01
   11       -3.061984e-01
   12       -2.213298e-01
   13       -8.983441e-02
   14        3.016724e+00
   15       -2.484899e+00
   16        4.412699e-01
   17       -5.748355e-01
   18        7.005854e-01
   19        3.077187e-01
   20        7.882114e-01
   21       -1.068816e+00
   22       -3.949477e-01
   23        5.918914e-01
   24        6.904865e-02
   25       -3.538203e+00
   26       -4.885595e-01
   27        7.709010e-01
   28       -1.532451e+00
   29        6.534512e-01
   30        2.066402e+00
   31        4.363157e-01
   32       -2.045539e+00
   33        2.261706e+00
   34       -3.237598e-01
   35        3.092073e-01
   36        4.434401e-01
   37       -1.609653e-01
   38        2.235941e-01
   39       -3.554668e+00
   40        2.821996e+00
   41        2.259277e+00
   42        8.090773e-01
   43        4.086817e-01
   44        4.413687e-01
   45       -2.438309e+00
   46        1.896216e+00
   47        1.811983e+00
   48       -3.493477e+00
   49        2.273957e-01
   50       -1.288026e+00
   51       -6.906091e-01
   52        2.067487e+00
   53        2.317194e-01
   54        1.376786e-01
   55       -2.888062e-01
   56        3.963342e+00
   57        5.965208e-01
   58       -9.490132e-01
   59        1.750035e+00
   60       -7.819930e-01
   61       -8.011582e-01
   62        1.780930e+00
;
param X:=
    1        3.436664e+00
    2       -5.287516e+00
    3        1.617286e+00
    4        3.553610e-01
    5        3.054258e-01
    6       -4.429568e-01
    7       -1.493346e+00
    8        1.162465e+00
    9       -5.571496e-01
   10        8.884460e-01
   11       -9.146558e-01
   12       -1.284323e+00
   13       -9.908229e-01
   14        3.016724e+00
   15       -2.484899e+00
   16        1.584535e-01
   17        2.818331e-01
   18        7.005854e-01
   19        3.077187e-01
   20        5.553117e-01
   21       -5.798245e-01
   22       -3.949477e-01
   23        1.413421e+00
   24       -8.184478e-02
   25       -3.538203e+00
   26       -7.383162e-01
   27        2.307253e-02
   28       -1.507867e+00
   29        3.442515e-01
   30        8.592830e-01
   31        8.143764e-01
   32       -2.045539e+00
   33        1.214241e+00
   34       -3.237598e-01
   35       -7.700309e-01
   36        6.725941e-01
   37       -1.609653e-01
   38        2.235941e-01
   39       -3.554668e+00
   40        1.513334e+00
   41        2.259277e+00
   42        1.384359e+00
   43        4.086817e-01
   44        3.610522e-01
   45       -9.521610e-01
   46        9.422401e-01
   47        1.811983e+00
   48       -3.493477e+00
   49        8.264150e-01
   50        2.314108e-01
   51        1.864276e-02
   52        1.125632e+00
   53        4.796338e-01
   54        1.656895e-01
   55       -2.888062e-01
   56        3.963342e+00
   57        5.060482e-01
   58       -8.269570e-01
   59        8.802525e-01
   60       -3.186268e-01
   61       -1.141111e-01
   62        1.780930e+00
;
param outliervec:=
    1    0
    2    0
    3    0
    4    1
    5    1
    6    0
    7    1
    8    0
    9    1
   10    0
   11    1
   12    1
   13    1
   14    0
   15    0
   16    1
   17    1
   18    0
   19    0
   20    1
   21    1
   22    0
   23    1
   24    1
   25    0
   26    1
   27    1
   28    1
   29    1
   30    1
   31    1
   32    0
   33    1
   34    0
   35    1
   36    1
   37    0
   38    0
   39    0
   40    1
   41    0
   42    1
   43    0
   44    1
   45    1
   46    1
   47    0
   48    0
   49    1
   50    1
   51    1
   52    1
   53    1
   54    1
   55    0
   56    0
   57    1
   58    1
   59    1
   60    1
   61    1
   62    0
; 
param greedy_time :=         4.614071e-01
;