data;


param FN:= 3;
param D:= 100;
param U_Original:=
         1         1        1.300853e+00
         2         1       -1.122745e+00
         3         1       -3.131075e-01
         4         1       -2.933720e-01
         5         1       -2.706887e-01
         6         1        1.571371e+00
         7         1       -5.896866e-01
         8         1        9.024452e-01
         9         1       -3.931687e-02
        10         1       -1.118135e+00
        11         1       -3.360135e-01
        12         1       -1.063569e+00
        13         1        1.633134e-01
        14         1        4.115515e-01
        15         1       -2.656072e-01
        16         1        1.929171e-01
        17         1        2.643857e-01
        18         1       -3.765988e-01
        19         1        1.343847e+00
        20         1        3.347988e-01
        21         1       -7.281996e-01
        22         1       -9.357946e-01
        23         1       -8.261693e-01
        24         1       -1.420173e+00
        25         1        1.817066e-01
        26         1       -7.957204e-01
        27         1       -2.436443e-01
        28         1        7.394669e-01
        29         1       -3.320179e-01
        30         1        3.156451e-01
        31         1       -5.849387e-01
        32         1        1.896825e+00
        33         1        2.524241e-01
        34         1        2.463542e-02
        35         1       -2.356446e-01
        36         1       -7.709213e-01
        37         1       -1.410784e+00
        38         1        1.136282e+00
        39         1        4.841382e-01
        40         1       -4.516489e-01
        41         1       -1.290837e-01
        42         1       -1.055502e+00
        43         1       -2.600851e-01
        44         1        7.948240e-01
        45         1       -4.088612e-01
        46         1        1.266056e+00
        47         1       -4.918283e-01
        48         1       -1.566191e+00
        49         1       -1.128186e+00
        50         1        2.041180e+00
        51         1        3.065013e+00
        52         1        2.280823e-01
        53         1        2.528176e+00
        54         1        5.766662e-01
        55         1        1.410630e+00
        56         1       -1.183444e-01
        57         1        1.392341e-01
        58         1       -1.513864e+00
        59         1        6.399472e-01
        60         1       -1.437830e+00
        61         1        1.934494e+00
        62         1       -5.603640e-01
        63         1        1.200163e+00
        64         1        1.006572e+00
        65         1        4.105313e-01
        66         1        2.180050e-01
        67         1        1.003162e+00
        68         1        7.135958e-01
        69         1        3.055211e-02
        70         1        1.220315e+00
        71         1        8.276133e-01
        72         1       -4.757819e-01
        73         1        4.443491e-02
        74         1        2.774209e-01
        75         1       -6.397615e-01
        76         1       -9.415611e-02
        77         1       -1.663311e-01
        78         1       -2.297353e+00
        79         1        8.004639e-01
        80         1        1.510246e+00
        81         1        8.332261e-01
        82         1       -5.237338e-02
        83         1       -4.470352e-01
        84         1       -3.600094e-02
        85         1        9.127962e-01
        86         1        8.076334e-01
        87         1       -7.897171e-01
        88         1        8.408736e-01
        89         1       -8.646938e-01
        90         1        4.820096e-01
        91         1        3.221723e-01
        92         1        1.756153e-02
        93         1       -8.395125e-01
        94         1        6.861536e-02
        95         1       -8.937397e-01
        96         1       -7.938445e-01
        97         1        1.020136e+00
        98         1        1.132756e+00
        99         1       -7.516124e-01
       100         1        1.684376e-01
         1         2        5.521837e-01
         2         2        8.141673e-01
         3         2       -1.018199e+00
         4         2        5.812733e-01
         5         2       -1.692760e+00
         6         2       -5.823450e-01
         7         2        7.097027e-01
         8         2       -7.025244e-01
         9         2        1.026561e-01
        10         2        1.140950e+00
        11         2       -6.157556e-01
        12         2       -2.744219e-01
        13         2       -6.050140e-01
        14         2        2.141510e-01
        15         2       -4.002192e-01
        16         2        3.004981e+00
        17         2       -1.492612e-01
        18         2       -1.387484e+00
        19         2       -9.399015e-01
        20         2       -5.368252e-01
        21         2        4.034605e-01
        22         2        7.568834e-01
        23         2        1.110792e-01
        24         2       -6.878271e-01
        25         2        1.755243e-02
        26         2        1.958949e+00
        27         2        5.295031e-01
        28         2        7.096890e-01
        29         2       -3.682019e-01
        30         2       -2.154930e+00
        31         2       -5.340880e-03
        32         2        2.133674e+00
        33         2        8.238615e-02
        34         2       -1.471063e+00
        35         2       -8.278006e-01
        36         2        1.466076e+00
        37         2        1.243148e-01
        38         2        7.570363e-02
        39         2       -5.324191e-01
        40         2       -6.677548e-01
        41         2       -2.155574e-01
        42         2       -8.464587e-02
        43         2       -3.522072e-01
        44         2       -6.212211e-01
        45         2        2.588762e-01
        46         2        2.857212e-01
        47         2        1.605602e+00
        48         2       -1.507034e-01
        49         2        2.849689e-01
        50         2       -1.064196e+00
        51         2        1.929883e+00
        52         2       -3.502083e-01
        53         2       -2.911725e-01
        54         2       -1.735451e+00
        55         2       -8.365704e-01
        56         2        5.589653e-01
        57         2       -5.947226e-02
        58         2       -1.692858e+00
        59         2       -1.002497e+00
        60         2       -1.327247e+00
        61         2        1.509918e+00
        62         2        7.301229e-01
        63         2        3.323539e-01
        64         2       -1.532655e+00
        65         2       -7.502726e-01
        66         2       -8.591254e-02
        67         2       -5.830097e-01
        68         2        2.427286e-01
        69         2       -1.027107e+00
        70         2        1.855020e+00
        71         2        2.539887e+00
        72         2       -2.033986e+00
        73         2        1.501265e-01
        74         2        1.185245e+00
        75         2        1.705600e+00
        76         2       -3.511284e-01
        77         2       -1.917716e+00
        78         2       -1.197359e-01
        79         2        1.414172e+00
        80         2       -6.527577e-01
        81         2       -4.965376e-01
        82         2       -1.179363e+00
        83         2        1.294083e-01
        84         2        3.390078e-01
        85         2       -6.000376e-01
        86         2       -1.643525e+00
        87         2        2.623502e-01
        88         2       -9.594909e-01
        89         2       -1.808502e+00
        90         2        8.110005e-01
        91         2        6.057408e-01
        92         2       -3.955876e-01
        93         2       -4.080048e-01
        94         2        1.552668e+00
        95         2       -5.306849e-01
        96         2       -1.516926e-02
        97         2        1.269533e+00
        98         2       -2.918517e-01
        99         2       -4.426669e-01
       100         2       -3.951805e-01
         1         3        9.051923e-01
         2         3       -1.405273e-01
         3         3       -2.950403e-01
         4         3       -1.033690e+00
         5         3        9.870927e-01
         6         3       -2.337412e-01
         7         3       -4.304256e-01
         8         3        9.624798e-01
         9         3        7.995572e-01
        10         3       -1.217772e+00
        11         3       -5.888754e-01
        12         3       -6.343558e-01
        13         3       -2.456156e-01
        14         3       -8.525881e-01
        15         3       -5.695380e-01
        16         3        1.301393e+00
        17         3       -5.108176e-01
        18         3        2.653812e-01
        19         3       -1.146770e+00
        20         3       -1.111946e+00
        21         3       -5.074061e-01
        22         3       -2.270432e+00
        23         3        1.023700e+00
        24         3        7.156574e-01
        25         3        5.856121e-01
        26         3        5.768776e-02
        27         3        3.411474e-01
        28         3        1.832292e+00
        29         3        8.844229e-01
        30         3       -3.820987e-02
        31         3        4.551028e-01
        32         3        3.642176e-01
        33         3        4.006757e-01
        34         3        1.993123e+00
        35         3       -6.573373e-01
        36         3        1.986399e+00
        37         3       -1.052973e+00
        38         3       -4.976926e-01
        39         3        1.048001e+00
        40         3        1.090930e+00
        41         3        1.286055e+00
        42         3       -1.256786e-01
        43         3       -1.167440e+00
        44         3       -9.148471e-01
        45         3       -2.446395e-02
        46         3        6.900666e-02
        47         3       -9.380623e-03
        48         3       -8.139983e-03
        49         3        8.894432e-01
        50         3       -1.311062e-01
        51         3        7.929223e-02
        52         3       -1.127606e+00
        53         3        6.446436e-01
        54         3        6.900872e-01
        55         3       -5.839227e-01
        56         3       -1.051890e+00
        57         3       -4.727327e-01
        58         3        3.426576e+00
        59         3       -2.364247e-01
        60         3       -1.917399e+00
        61         3        7.788365e-01
        62         3        5.758762e-01
        63         3       -2.229102e+00
        64         3        1.563487e-01
        65         3       -2.309876e-01
        66         3       -2.124587e-01
        67         3        1.186975e+00
        68         3       -4.275254e-01
        69         3       -1.126679e-01
        70         3        1.208851e+00
        71         3        1.226556e+00
        72         3       -6.608751e-01
        73         3        2.214038e-01
        74         3       -1.981456e-02
        75         3       -2.880539e-01
        76         3       -3.821423e-01
        77         3       -1.733075e+00
        78         3       -8.320442e-01
        79         3       -3.263620e-01
        80         3        1.604546e-01
        81         3        3.411349e-01
        82         3        7.967566e-01
        83         3        6.282489e-01
        84         3       -7.199161e-01
        85         3        4.687918e-01
        86         3       -5.417783e-01
        87         3        3.343886e-01
        88         3       -1.036142e+00
        89         3        1.108486e+00
        90         3        1.318799e-01
        91         3        1.017957e+00
        92         3        8.697178e-01
        93         3        1.562827e+00
        94         3        8.102521e-01
        95         3       -3.422291e-01
        96         3       -3.389240e-01
        97         3       -4.744575e-01
        98         3        1.458550e+00
        99         3        1.218173e+00
       100         3       -1.653551e+00
         1         4       -4.303478e-01
         2         4        1.136185e-01
         3         4       -8.712067e-01
         4         4       -2.511208e-01
         5         4       -6.306844e-02
         6         4        4.986542e-01
         7         4        1.004408e+00
         8         4       -2.488584e-01
         9         4        6.149762e-01
        10         4       -3.801811e-01
        11         4        3.252703e-02
        12         4       -4.952773e-01
        13         4        5.716954e-01
        14         4       -8.611426e-01
        15         4       -1.338153e+00
        16         4        3.678889e-01
        17         4       -7.239880e-01
        18         4        8.934523e-01
        19         4       -6.561880e-01
        20         4       -6.049651e-01
        21         4        4.402184e-01
        22         4       -9.708620e-01
        23         4       -9.593264e-01
        24         4       -1.468026e+00
        25         4       -1.356037e+00
        26         4       -1.972233e+00
        27         4        4.651367e-01
        28         4        5.161377e-01
        29         4       -4.377394e-01
        30         4        6.013297e-01
        31         4       -5.871238e-02
        32         4        1.398703e+00
        33         4       -2.309910e+00
        34         4        2.467347e-01
        35         4       -4.830255e-01
        36         4       -1.810707e-01
        37         4       -6.760488e-01
        38         4       -1.192180e+00
        39         4       -1.430446e+00
        40         4        1.769523e+00
        41         4        2.361123e-01
        42         4        8.465233e-01
        43         4        4.168525e-01
        44         4        9.097181e-01
        45         4       -1.663594e+00
        46         4       -8.987201e-02
        47         4       -9.810970e-01
        48         4       -2.539163e-01
        49         4        1.306737e+00
        50         4        1.191744e+00
        51         4       -1.499572e+00
        52         4       -3.149123e-01
        53         4       -1.593102e+00
        54         4       -9.047343e-01
        55         4        6.262264e-01
        56         4        3.238638e-01
        57         4       -2.826754e-01
        58         4        9.445301e-01
        59         4       -4.244435e-01
        60         4       -1.354807e+00
        61         4        2.217430e+00
        62         4        1.770084e+00
        63         4        8.701456e-01
        64         4        1.164742e+00
        65         4        4.600581e-01
        66         4       -1.144566e+00
        67         4        1.112111e+00
        68         4       -9.919544e-02
        69         4       -7.623068e-01
        70         4       -3.495352e-01
        71         4        8.047414e-01
        72         4        8.689361e-01
        73         4       -1.200619e-01
        74         4        7.166702e-01
        75         4       -1.242764e-01
        76         4        1.415638e+00
        77         4        2.586522e-01
        78         4       -3.343527e-01
        79         4       -1.294624e-01
        80         4       -1.203645e-01
        81         4        1.089313e+00
        82         4        5.388200e-01
        83         4        4.619372e-01
        84         4       -9.355087e-01
        85         4        2.081783e+00
        86         4        2.905352e-02
        87         4       -6.503519e-01
        88         4       -1.062493e+00
        89         4        1.014437e+00
        90         4        5.330362e-01
        91         4        3.454462e-01
        92         4        2.510912e-05
        93         4        5.271413e-03
        94         4        1.992057e+00
        95         4        1.871561e-01
        96         4        8.136969e-01
        97         4        2.429685e-01
        98         4       -1.484515e+00
        99         4        3.568498e-01
       100         4        8.068782e-01
         1         5        1.100293e+00
         2         5        1.451070e+00
         3         5       -5.177678e-01
         4         5        5.717201e-01
         5         5        5.165799e-01
         6         5       -1.165321e+00
         7         5        1.097662e+00
         8         5        7.090837e-02
         9         5       -7.233855e-01
        10         5        1.443718e+00
        11         5        1.243295e+00
        12         5       -3.300184e-01
        13         5        2.028244e-02
        14         5        7.692872e-01
        15         5       -1.232316e+00
        16         5       -3.794243e-01
        17         5        7.227971e-01
        18         5       -1.066858e+00
        19         5        6.838804e-01
        20         5        9.784437e-01
        21         5       -1.794288e+00
        22         5       -7.822633e-01
        23         5       -7.364875e-01
        24         5        5.005368e-01
        25         5        1.846419e-01
        26         5        2.916191e-01
        27         5       -9.439771e-01
        28         5        2.066133e-01
        29         5       -3.402689e-01
        30         5        7.810863e-01
        31         5        3.809334e-01
        32         5       -1.443679e+00
        33         5       -2.232485e+00
        34         5        1.687603e-02
        35         5        1.029492e-01
        36         5       -1.246082e+00
        37         5       -8.133404e-01
        38         5        9.106061e-01
        39         5        7.830576e-01
        40         5        1.236116e+00
        41         5       -7.503021e-01
        42         5        5.129371e-01
        43         5       -5.719163e-01
        44         5       -1.133766e+00
        45         5        2.642593e-01
        46         5        6.023654e-01
        47         5       -1.971524e+00
        48         5       -1.227156e+00
        49         5       -1.069034e+00
        50         5        1.314986e+00
        51         5       -1.207389e-01
        52         5       -1.147697e+00
        53         5       -6.896327e-01
        54         5        7.563956e-01
        55         5        8.535519e-01
        56         5        8.964234e-01
        57         5        1.130168e+00
        58         5       -2.610901e-01
        59         5       -6.684430e-01
        60         5        1.195934e-01
        61         5        6.117339e-01
        62         5       -3.576531e-01
        63         5       -3.242178e-01
        64         5        3.783442e-01
        65         5       -1.187019e-02
        66         5        2.194736e+00
        67         5       -1.975651e+00
        68         5        1.059852e+00
        69         5       -1.521710e+00
        70         5        1.725980e+00
        71         5        9.199821e-01
        72         5       -7.899971e-01
        73         5        1.150640e+00
        74         5        1.266590e+00
        75         5       -5.998636e-01
        76         5        1.121418e+00
        77         5       -5.795013e-01
        78         5       -3.374958e-01
        79         5       -2.546299e-01
        80         5       -2.637576e-01
        81         5       -3.926274e-01
        82         5        2.943967e-01
        83         5        5.296961e-02
        84         5       -5.848889e-01
        85         5        3.985077e-01
        86         5       -8.714904e-01
        87         5       -1.128248e+00
        88         5       -1.588011e+00
        89         5       -4.476228e-01
        90         5        1.268827e-01
        91         5        1.804269e-01
        92         5       -1.338846e+00
        93         5       -1.254239e+00
        94         5       -2.099923e+00
        95         5        1.728085e-01
        96         5        2.181458e+00
        97         5        1.868871e+00
        98         5       -2.224197e+00
        99         5        1.616037e+00
       100         5        8.227065e-01
;
param X_Original:=
    1        4.661802e-01
    2        1.308553e+00
    3       -6.181870e-01
    4        1.250974e+00
    5       -1.599056e+00
    6        8.004236e-01
    7        1.279863e+00
    8       -3.900980e-01
    9        8.775441e-01
   10        2.305185e-01
   11       -2.045184e-01
   12       -5.488575e-01
   13        2.882021e+00
   14        3.561995e+00
   15       -6.404160e-01
   16       -1.207762e+00
   17       -9.759861e-01
   18       -9.196418e-01
   19        4.080554e-02
   20       -2.075162e+00
   21       -5.868611e-02
   22        6.392561e-01
   23        1.534679e+00
   24        1.166906e+00
   25        1.416922e+00
   26        8.869604e-01
   27        8.423702e-02
   28       -3.521947e+00
   29       -1.127575e+00
   30       -2.264943e+00
   31       -5.663780e-02
   32       -8.963378e-01
   33       -4.134682e-01
   34       -3.854168e+00
   35        1.815850e+00
   36       -1.260855e+00
   37        2.178077e+00
   38        5.806080e-01
   39       -1.044652e-01
   40       -3.187378e+00
   41       -1.629339e+00
   42       -3.427981e-01
   43        5.165343e-01
   44       -1.620547e+00
   45        2.192782e-02
   46       -2.352594e-01
   47       -2.163429e-01
   48       -6.493727e-01
   49       -4.405054e+00
   50        8.939591e-03
   51        7.204471e-01
   52       -4.304439e-01
   53        2.800048e-01
   54       -9.233629e-01
   55        3.953685e-01
   56        2.320790e+00
   57        9.289737e-01
   58       -7.249608e+00
   59        5.513626e-02
   60        3.939753e-01
   61       -4.224745e+00
   62        1.126979e+00
   63       -1.184720e+00
   64       -3.279995e-01
   65       -4.554068e-01
   66        2.229708e+00
   67        1.432038e-01
   68       -2.866212e+00
   69       -7.587462e-01
   70       -8.153530e-01
   71        3.189024e-01
   72        1.917005e+00
   73        6.563310e-02
   74       -1.150716e+00
   75       -1.363548e-01
   76        2.145995e+00
   77        2.507864e-01
   78       -8.359207e-02
   79        5.421793e-01
   80       -2.445380e+00
   81       -7.905223e-01
   82        1.657829e+00
   83       -3.076945e-01
   84        2.052621e+00
   85       -4.236006e-01
   86       -2.364373e-02
   87       -4.106731e-01
   88       -5.057826e-01
   89        3.022715e-01
   90       -1.477091e+00
   91       -1.910655e+00
   92       -2.997707e+00
   93       -3.810686e+00
   94        7.464020e-01
   95        1.707960e-01
   96        1.911628e+00
   97        1.948645e-01
   98        8.614140e-01
   99       -5.713015e-01
  100        2.148770e+00
;
param outliervec_original :=
    1    1
    2    1
    3    1
    4    1
    5    1
    6    1
    7    1
    8    1
    9    1
   10    1
   11    1
   12    1
   13    1
   14    0
   15    1
   16    1
   17    1
   18    1
   19    1
   20    1
   21    1
   22    1
   23    1
   24    1
   25    0
   26    1
   27    1
   28    0
   29    1
   30    1
   31    0
   32    1
   33    1
   34    0
   35    0
   36    1
   37    0
   38    1
   39    1
   40    0
   41    1
   42    0
   43    0
   44    0
   45    1
   46    1
   47    0
   48    0
   49    0
   50    1
   51    1
   52    1
   53    1
   54    1
   55    0
   56    0
   57    1
   58    0
   59    1
   60    1
   61    0
   62    1
   63    1
   64    1
   65    1
   66    1
   67    1
   68    1
   69    1
   70    1
   71    1
   72    1
   73    1
   74    1
   75    1
   76    1
   77    1
   78    1
   79    0
   80    1
   81    1
   82    1
   83    1
   84    0
   85    1
   86    1
   87    1
   88    1
   89    1
   90    1
   91    0
   92    0
   93    0
   94    1
   95    1
   96    0
   97    1
   98    1
   99    0
  100    0
;
param d:= 63;
param r:=5;
param p:=0.740000;
param M:=1000;
param U:=
         1         1        1.300853e+00
         2         1       -1.122745e+00
         3         1       -3.131075e-01
         4         1       -2.933720e-01
         5         1       -2.706887e-01
         6         1       -5.896866e-01
         7         1        9.024452e-01
         8         1        4.115515e-01
         9         1       -2.656072e-01
        10         1        1.929171e-01
        11         1       -3.765988e-01
        12         1       -7.281996e-01
        13         1       -7.957204e-01
        14         1        7.394669e-01
        15         1       -3.320179e-01
        16         1       -5.849387e-01
        17         1        1.896825e+00
        18         1        2.524241e-01
        19         1        2.463542e-02
        20         1       -2.356446e-01
        21         1       -1.410784e+00
        22         1        4.841382e-01
        23         1       -4.516489e-01
        24         1       -1.290837e-01
        25         1       -1.055502e+00
        26         1       -2.600851e-01
        27         1       -4.088612e-01
        28         1        1.266056e+00
        29         1       -4.918283e-01
        30         1       -1.566191e+00
        31         1       -1.128186e+00
        32         1        2.041180e+00
        33         1        3.065013e+00
        34         1        2.528176e+00
        35         1        5.766662e-01
        36         1        1.410630e+00
        37         1       -1.183444e-01
        38         1        1.392341e-01
        39         1       -1.513864e+00
        40         1        6.399472e-01
        41         1        1.006572e+00
        42         1        4.105313e-01
        43         1        2.180050e-01
        44         1        3.055211e-02
        45         1        1.220315e+00
        46         1        8.276133e-01
        47         1        4.443491e-02
        48         1       -6.397615e-01
        49         1       -2.297353e+00
        50         1        8.004639e-01
        51         1        8.332261e-01
        52         1       -4.470352e-01
        53         1       -3.600094e-02
        54         1        9.127962e-01
        55         1        8.076334e-01
        56         1       -7.897171e-01
        57         1        3.221723e-01
        58         1        1.756153e-02
        59         1       -8.395125e-01
        60         1       -8.937397e-01
        61         1       -7.938445e-01
        62         1       -7.516124e-01
        63         1        1.684376e-01
         1         2        5.521837e-01
         2         2        8.141673e-01
         3         2       -1.018199e+00
         4         2        5.812733e-01
         5         2       -1.692760e+00
         6         2        7.097027e-01
         7         2       -7.025244e-01
         8         2        2.141510e-01
         9         2       -4.002192e-01
        10         2        3.004981e+00
        11         2       -1.387484e+00
        12         2        4.034605e-01
        13         2        1.958949e+00
        14         2        7.096890e-01
        15         2       -3.682019e-01
        16         2       -5.340880e-03
        17         2        2.133674e+00
        18         2        8.238615e-02
        19         2       -1.471063e+00
        20         2       -8.278006e-01
        21         2        1.243148e-01
        22         2       -5.324191e-01
        23         2       -6.677548e-01
        24         2       -2.155574e-01
        25         2       -8.464587e-02
        26         2       -3.522072e-01
        27         2        2.588762e-01
        28         2        2.857212e-01
        29         2        1.605602e+00
        30         2       -1.507034e-01
        31         2        2.849689e-01
        32         2       -1.064196e+00
        33         2        1.929883e+00
        34         2       -2.911725e-01
        35         2       -1.735451e+00
        36         2       -8.365704e-01
        37         2        5.589653e-01
        38         2       -5.947226e-02
        39         2       -1.692858e+00
        40         2       -1.002497e+00
        41         2       -1.532655e+00
        42         2       -7.502726e-01
        43         2       -8.591254e-02
        44         2       -1.027107e+00
        45         2        1.855020e+00
        46         2        2.539887e+00
        47         2        1.501265e-01
        48         2        1.705600e+00
        49         2       -1.197359e-01
        50         2        1.414172e+00
        51         2       -4.965376e-01
        52         2        1.294083e-01
        53         2        3.390078e-01
        54         2       -6.000376e-01
        55         2       -1.643525e+00
        56         2        2.623502e-01
        57         2        6.057408e-01
        58         2       -3.955876e-01
        59         2       -4.080048e-01
        60         2       -5.306849e-01
        61         2       -1.516926e-02
        62         2       -4.426669e-01
        63         2       -3.951805e-01
         1         3        9.051923e-01
         2         3       -1.405273e-01
         3         3       -2.950403e-01
         4         3       -1.033690e+00
         5         3        9.870927e-01
         6         3       -4.304256e-01
         7         3        9.624798e-01
         8         3       -8.525881e-01
         9         3       -5.695380e-01
        10         3        1.301393e+00
        11         3        2.653812e-01
        12         3       -5.074061e-01
        13         3        5.768776e-02
        14         3        1.832292e+00
        15         3        8.844229e-01
        16         3        4.551028e-01
        17         3        3.642176e-01
        18         3        4.006757e-01
        19         3        1.993123e+00
        20         3       -6.573373e-01
        21         3       -1.052973e+00
        22         3        1.048001e+00
        23         3        1.090930e+00
        24         3        1.286055e+00
        25         3       -1.256786e-01
        26         3       -1.167440e+00
        27         3       -2.446395e-02
        28         3        6.900666e-02
        29         3       -9.380623e-03
        30         3       -8.139983e-03
        31         3        8.894432e-01
        32         3       -1.311062e-01
        33         3        7.929223e-02
        34         3        6.446436e-01
        35         3        6.900872e-01
        36         3       -5.839227e-01
        37         3       -1.051890e+00
        38         3       -4.727327e-01
        39         3        3.426576e+00
        40         3       -2.364247e-01
        41         3        1.563487e-01
        42         3       -2.309876e-01
        43         3       -2.124587e-01
        44         3       -1.126679e-01
        45         3        1.208851e+00
        46         3        1.226556e+00
        47         3        2.214038e-01
        48         3       -2.880539e-01
        49         3       -8.320442e-01
        50         3       -3.263620e-01
        51         3        3.411349e-01
        52         3        6.282489e-01
        53         3       -7.199161e-01
        54         3        4.687918e-01
        55         3       -5.417783e-01
        56         3        3.343886e-01
        57         3        1.017957e+00
        58         3        8.697178e-01
        59         3        1.562827e+00
        60         3       -3.422291e-01
        61         3       -3.389240e-01
        62         3        1.218173e+00
        63         3       -1.653551e+00
         1         4       -4.303478e-01
         2         4        1.136185e-01
         3         4       -8.712067e-01
         4         4       -2.511208e-01
         5         4       -6.306844e-02
         6         4        1.004408e+00
         7         4       -2.488584e-01
         8         4       -8.611426e-01
         9         4       -1.338153e+00
        10         4        3.678889e-01
        11         4        8.934523e-01
        12         4        4.402184e-01
        13         4       -1.972233e+00
        14         4        5.161377e-01
        15         4       -4.377394e-01
        16         4       -5.871238e-02
        17         4        1.398703e+00
        18         4       -2.309910e+00
        19         4        2.467347e-01
        20         4       -4.830255e-01
        21         4       -6.760488e-01
        22         4       -1.430446e+00
        23         4        1.769523e+00
        24         4        2.361123e-01
        25         4        8.465233e-01
        26         4        4.168525e-01
        27         4       -1.663594e+00
        28         4       -8.987201e-02
        29         4       -9.810970e-01
        30         4       -2.539163e-01
        31         4        1.306737e+00
        32         4        1.191744e+00
        33         4       -1.499572e+00
        34         4       -1.593102e+00
        35         4       -9.047343e-01
        36         4        6.262264e-01
        37         4        3.238638e-01
        38         4       -2.826754e-01
        39         4        9.445301e-01
        40         4       -4.244435e-01
        41         4        1.164742e+00
        42         4        4.600581e-01
        43         4       -1.144566e+00
        44         4       -7.623068e-01
        45         4       -3.495352e-01
        46         4        8.047414e-01
        47         4       -1.200619e-01
        48         4       -1.242764e-01
        49         4       -3.343527e-01
        50         4       -1.294624e-01
        51         4        1.089313e+00
        52         4        4.619372e-01
        53         4       -9.355087e-01
        54         4        2.081783e+00
        55         4        2.905352e-02
        56         4       -6.503519e-01
        57         4        3.454462e-01
        58         4        2.510912e-05
        59         4        5.271413e-03
        60         4        1.871561e-01
        61         4        8.136969e-01
        62         4        3.568498e-01
        63         4        8.068782e-01
         1         5        1.100293e+00
         2         5        1.451070e+00
         3         5       -5.177678e-01
         4         5        5.717201e-01
         5         5        5.165799e-01
         6         5        1.097662e+00
         7         5        7.090837e-02
         8         5        7.692872e-01
         9         5       -1.232316e+00
        10         5       -3.794243e-01
        11         5       -1.066858e+00
        12         5       -1.794288e+00
        13         5        2.916191e-01
        14         5        2.066133e-01
        15         5       -3.402689e-01
        16         5        3.809334e-01
        17         5       -1.443679e+00
        18         5       -2.232485e+00
        19         5        1.687603e-02
        20         5        1.029492e-01
        21         5       -8.133404e-01
        22         5        7.830576e-01
        23         5        1.236116e+00
        24         5       -7.503021e-01
        25         5        5.129371e-01
        26         5       -5.719163e-01
        27         5        2.642593e-01
        28         5        6.023654e-01
        29         5       -1.971524e+00
        30         5       -1.227156e+00
        31         5       -1.069034e+00
        32         5        1.314986e+00
        33         5       -1.207389e-01
        34         5       -6.896327e-01
        35         5        7.563956e-01
        36         5        8.535519e-01
        37         5        8.964234e-01
        38         5        1.130168e+00
        39         5       -2.610901e-01
        40         5       -6.684430e-01
        41         5        3.783442e-01
        42         5       -1.187019e-02
        43         5        2.194736e+00
        44         5       -1.521710e+00
        45         5        1.725980e+00
        46         5        9.199821e-01
        47         5        1.150640e+00
        48         5       -5.998636e-01
        49         5       -3.374958e-01
        50         5       -2.546299e-01
        51         5       -3.926274e-01
        52         5        5.296961e-02
        53         5       -5.848889e-01
        54         5        3.985077e-01
        55         5       -8.714904e-01
        56         5       -1.128248e+00
        57         5        1.804269e-01
        58         5       -1.338846e+00
        59         5       -1.254239e+00
        60         5        1.728085e-01
        61         5        2.181458e+00
        62         5        1.616037e+00
        63         5        8.227065e-01
;

param theta:=
    1       -2.339098e-01
    2        2.096919e-01
    3       -1.586580e+00
    4       -1.602528e+00
    5        1.144028e+00
;
param X_true:=
    1        3.241777e-01
    2        2.134257e+00
    3        1.132618e+00
    4        2.885765e+00
    5       -1.167051e+00
    6        6.153360e-01
    7       -1.404895e+00
    8        3.561995e+00
    9        1.616168e+00
   10       -2.502371e+00
   11       -3.275895e+00
   12       -1.698199e+00
   13        4.000457e+00
   14       -3.521947e+00
   15       -1.090264e+00
   16       -5.663780e-02
   17       -4.467895e+00
   18        4.695962e-01
   19       -3.854168e+00
   20        1.815850e+00
   21        2.178077e+00
   22        1.300200e+00
   23       -3.187378e+00
   24       -3.291459e+00
   25       -3.427981e-01
   26        5.165343e-01
   27        3.157892e+00
   28        4.870817e-01
   29       -2.163429e-01
   30       -6.493727e-01
   31       -4.405054e+00
   32       -8.981046e-01
   33        1.826426e+00
   34        8.854843e-02
   35        7.194767e-01
   36        3.953685e-01
   37        2.320790e+00
   38        2.452277e+00
   39       -7.249608e+00
   40       -6.906161e-02
   41       -2.238160e+00
   42       -6.398942e-01
   43        4.611856e+00
   44       -5.618005e-01
   45        7.195452e-01
   46       -1.843793e+00
   47        1.178438e+00
   48        4.762569e-01
   49        1.981269e+00
   50        5.421793e-01
   51       -3.035413e+00
   52       -1.545360e+00
   53        2.052621e+00
   54       -3.961837e+00
   55       -7.174072e-01
   56       -5.394627e-01
   57       -1.910655e+00
   58       -2.997707e+00
   59       -3.810686e+00
   60        5.380471e-01
   61        1.911628e+00
   62       -5.713015e-01
   63        2.148770e+00
;
param X:=
    1        4.661802e-01
    2        1.308553e+00
    3       -6.181870e-01
    4        1.250974e+00
    5       -1.599056e+00
    6        1.279863e+00
    7       -3.900980e-01
    8        3.561995e+00
    9       -6.404160e-01
   10       -1.207762e+00
   11       -9.196418e-01
   12       -5.868611e-02
   13        8.869604e-01
   14       -3.521947e+00
   15       -1.127575e+00
   16       -5.663780e-02
   17       -8.963378e-01
   18       -4.134682e-01
   19       -3.854168e+00
   20        1.815850e+00
   21        2.178077e+00
   22       -1.044652e-01
   23       -3.187378e+00
   24       -1.629339e+00
   25       -3.427981e-01
   26        5.165343e-01
   27        2.192782e-02
   28       -2.352594e-01
   29       -2.163429e-01
   30       -6.493727e-01
   31       -4.405054e+00
   32        8.939591e-03
   33        7.204471e-01
   34        2.800048e-01
   35       -9.233629e-01
   36        3.953685e-01
   37        2.320790e+00
   38        9.289737e-01
   39       -7.249608e+00
   40        5.513626e-02
   41       -3.279995e-01
   42       -4.554068e-01
   43        2.229708e+00
   44       -7.587462e-01
   45       -8.153530e-01
   46        3.189024e-01
   47        6.563310e-02
   48       -1.363548e-01
   49       -8.359207e-02
   50        5.421793e-01
   51       -7.905223e-01
   52       -3.076945e-01
   53        2.052621e+00
   54       -4.236006e-01
   55       -2.364373e-02
   56       -4.106731e-01
   57       -1.910655e+00
   58       -2.997707e+00
   59       -3.810686e+00
   60        1.707960e-01
   61        1.911628e+00
   62       -5.713015e-01
   63        2.148770e+00
;
param outliervec:=
    1    1
    2    1
    3    1
    4    1
    5    1
    6    1
    7    1
    8    0
    9    1
   10    1
   11    1
   12    1
   13    1
   14    0
   15    1
   16    0
   17    1
   18    1
   19    0
   20    0
   21    0
   22    1
   23    0
   24    1
   25    0
   26    0
   27    1
   28    1
   29    0
   30    0
   31    0
   32    1
   33    1
   34    1
   35    1
   36    0
   37    0
   38    1
   39    0
   40    1
   41    1
   42    1
   43    1
   44    1
   45    1
   46    1
   47    1
   48    1
   49    1
   50    0
   51    1
   52    1
   53    0
   54    1
   55    1
   56    1
   57    0
   58    0
   59    0
   60    1
   61    0
   62    0
   63    0
; 
param greedy_time :=         1.956395e-01
;