data;


param FN:= 0;
param D:= 100;
param U_Original:=
         1         1       -3.006054e-01
         2         1        1.404758e-01
         3         1       -4.456940e-01
         4         1        1.016770e-02
         5         1        4.586148e-02
         6         1        1.162396e+00
         7         1        2.822837e-01
         8         1       -3.582031e+00
         9         1        4.935094e-01
        10         1       -2.971781e-01
        11         1        7.669433e-01
        12         1        6.270721e-01
        13         1        6.025588e-03
        14         1        2.522560e-02
        15         1       -1.853055e+00
        16         1        5.480365e-01
        17         1        4.792225e-01
        18         1        9.281171e-01
        19         1       -9.586625e-01
        20         1        6.074839e-02
        21         1        1.183632e+00
        22         1       -6.493800e-01
        23         1        4.987582e-01
        24         1        1.690537e+00
        25         1        1.039197e+00
        26         1       -9.692414e-01
        27         1       -6.668235e-02
        28         1        9.129933e-01
        29         1       -5.433180e-01
        30         1       -1.146180e+00
        31         1        7.847412e-01
        32         1        1.378885e+00
        33         1        2.488529e+00
        34         1        8.310269e-01
        35         1       -1.043106e+00
        36         1        1.442196e+00
        37         1        1.555845e+00
        38         1        1.299469e-01
        39         1       -6.692631e-01
        40         1        1.448066e+00
        41         1        5.762597e-01
        42         1        1.139433e-01
        43         1        3.847907e-01
        44         1        8.857583e-01
        45         1       -8.155665e-01
        46         1        1.569410e+00
        47         1        1.942151e-01
        48         1       -3.290940e-01
        49         1        1.792198e+00
        50         1       -1.492748e+00
        51         1       -1.877312e-01
        52         1        7.171715e-01
        53         1        4.260972e-01
        54         1       -1.261717e+00
        55         1        1.051470e+00
        56         1        1.796352e-01
        57         1        1.898945e-01
        58         1       -1.438153e+00
        59         1       -5.760503e-01
        60         1       -2.819765e-01
        61         1       -7.660329e-01
        62         1       -3.247019e-01
        63         1       -1.506120e+00
        64         1       -2.836995e+00
        65         1       -1.056174e+00
        66         1       -4.721800e-01
        67         1       -1.121118e+00
        68         1       -1.389607e+00
        69         1       -4.471526e-01
        70         1        9.543881e-01
        71         1        1.393451e+00
        72         1        6.806619e-02
        73         1        1.407950e+00
        74         1       -7.413557e-02
        75         1        1.078477e+00
        76         1        3.736299e-01
        77         1        1.108204e+00
        78         1        2.684408e-01
        79         1       -1.181385e+00
        80         1        9.593114e-01
        81         1        1.223376e+00
        82         1        1.815677e-01
        83         1        7.542257e-01
        84         1       -1.377335e+00
        85         1       -1.161561e+00
        86         1        1.645025e+00
        87         1        4.406716e-01
        88         1       -9.174357e-02
        89         1       -1.450381e+00
        90         1       -5.955825e-01
        91         1       -1.325279e+00
        92         1       -7.634827e-01
        93         1       -2.452169e+00
        94         1        1.002530e+00
        95         1       -5.974239e-02
        96         1        4.611450e-01
        97         1       -3.829244e-01
        98         1        9.099426e-02
        99         1        8.746252e-01
       100         1        6.280676e-01
         1         2        1.438143e-01
         2         2        4.243665e-01
         3         2        8.882256e-01
         4         2       -4.138864e-01
         5         2       -1.537204e-01
         6         2       -4.088697e-01
         7         2        1.271092e-01
         8         2       -1.294979e-01
         9         2        6.669597e-01
        10         2        1.836169e-01
        11         2        4.824606e-01
        12         2       -1.217116e+00
        13         2       -2.707035e-01
        14         2       -8.848100e-01
        15         2       -1.773639e-01
        16         2       -3.783292e-01
        17         2        3.509466e-01
        18         2        1.648983e+00
        19         2       -7.269252e-01
        20         2        1.236131e-01
        21         2       -1.410660e+00
        22         2       -8.472472e-01
        23         2        9.356282e-01
        24         2        2.741462e-01
        25         2       -9.581488e-01
        26         2       -1.440088e+00
        27         2        1.696128e+00
        28         2       -1.448897e+00
        29         2        5.693105e-02
        30         2       -6.240043e-01
        31         2        6.175954e-01
        32         2        1.692925e+00
        33         2        6.837436e-01
        34         2        4.740372e-01
        35         2        5.600246e-01
        36         2        1.807515e+00
        37         2        1.357997e+00
        38         2        1.642341e+00
        39         2       -1.456572e-01
        40         2       -6.983035e-01
        41         2       -6.542058e-01
        42         2        7.141208e-01
        43         2        6.968343e-01
        44         2       -4.835369e-01
        45         2        3.010778e-01
        46         2        1.316321e-01
        47         2       -4.222349e-01
        48         2       -1.970254e+00
        49         2       -9.621070e-01
        50         2        1.086705e+00
        51         2       -1.010903e+00
        52         2       -7.383616e-01
        53         2       -1.034240e+00
        54         2       -8.504155e-01
        55         2        9.025881e-01
        56         2        4.399380e-01
        57         2       -1.738159e-01
        58         2        3.278975e-01
        59         2       -6.195726e-02
        60         2        1.089836e+00
        61         2       -9.902890e-01
        62         2        7.754039e-02
        63         2       -6.171281e-02
        64         2       -2.584555e-01
        65         2       -5.685830e-01
        66         2       -8.447578e-01
        67         2        1.432155e+00
        68         2        1.539874e+00
        69         2       -1.016749e-01
        70         2        2.815986e-01
        71         2        7.886583e-02
        72         2       -8.956240e-01
        73         2        7.079803e-01
        74         2        6.124338e-01
        75         2       -3.646811e-01
        76         2        7.284784e-01
        77         2       -1.141686e+00
        78         2       -1.038563e+00
        79         2       -3.589623e-01
        80         2        1.280376e+00
        81         2       -2.292229e-03
        82         2        2.927160e-02
        83         2       -1.107999e+00
        84         2        2.454315e-02
        85         2       -1.507498e+00
        86         2       -1.065586e+00
        87         2        6.463072e-02
        88         2       -2.163007e-02
        89         2        2.504087e-01
        90         2        1.862876e+00
        91         2        1.044055e+00
        92         2       -4.872271e-01
        93         2       -1.288457e+00
        94         2        2.462751e+00
        95         2       -2.451336e-01
        96         2       -6.083161e-01
        97         2       -9.588765e-02
        98         2        5.985180e-01
        99         2        6.586025e-01
       100         2        2.954304e+00
         1         3        1.119636e+00
         2         3        6.338145e-01
         3         3       -1.113250e+00
         4         3       -1.351289e+00
         5         3        7.211896e-02
         6         3       -1.476769e+00
         7         3       -3.733120e-01
         8         3        1.460129e+00
         9         3        3.727488e-01
        10         3       -1.241518e-01
        11         3       -8.718066e-01
        12         3       -1.002194e+00
        13         3       -3.853307e-01
        14         3       -6.961599e-02
        15         3        1.099114e+00
        16         3        2.007260e+00
        17         3        1.440168e+00
        18         3       -1.227751e+00
        19         3        2.605080e-01
        20         3       -1.053873e+00
        21         3       -4.024904e-02
        22         3       -7.583982e-01
        23         3       -7.835682e-01
        24         3       -6.142849e-01
        25         3       -1.732271e-01
        26         3       -5.503007e-01
        27         3       -1.637529e+00
        28         3        1.023973e+00
        29         3        1.886263e-01
        30         3        1.555827e-01
        31         3       -1.253005e+00
        32         3        4.141573e-01
        33         3       -1.145387e+00
        34         3        4.003347e-01
        35         3       -5.329551e-01
        36         3       -5.273028e-01
        37         3       -9.814358e-02
        38         3       -5.221096e-01
        39         3       -1.080095e+00
        40         3        1.080178e+00
        41         3       -5.524239e-01
        42         3       -1.155310e+00
        43         3       -7.216913e-01
        44         3        4.476673e-02
        45         3        1.318447e+00
        46         3        1.497198e+00
        47         3       -7.163899e-01
        48         3        8.220737e-01
        49         3       -6.256983e-01
        50         3        1.139056e+00
        51         3        1.450918e-01
        52         3       -7.580278e-01
        53         3       -8.965146e-01
        54         3        8.787169e-01
        55         3       -1.094158e+00
        56         3       -1.123480e+00
        57         3       -9.737109e-01
        58         3        2.990156e-01
        59         3        9.326145e-01
        60         3       -1.351267e+00
        61         3       -6.012106e-01
        62         3       -7.329406e-01
        63         3       -1.760991e-02
        64         3       -8.216720e-01
        65         3        3.816415e-01
        66         3        1.133988e+00
        67         3        8.557744e-01
        68         3       -3.337780e-01
        69         3       -5.495317e-01
        70         3        1.933189e-01
        71         3       -3.356821e-01
        72         3        4.519740e-01
        73         3        3.660027e-01
        74         3       -3.248069e-01
        75         3        4.131594e-01
        76         3        8.664483e-01
        77         3        5.766240e-01
        78         3       -1.428729e+00
        79         3       -7.834028e-01
        80         3        6.419327e-02
        81         3       -6.852435e-01
        82         3        1.652686e+00
        83         3       -5.291633e-01
        84         3       -6.401393e-01
        85         3       -7.945924e-01
        86         3        1.008447e+00
        87         3       -8.683296e-01
        88         3        5.118686e-01
        89         3        1.354875e+00
        90         3       -5.889142e-01
        91         3       -6.913499e-02
        92         3       -1.965050e+00
        93         3       -5.802180e-01
        94         3        1.461417e-01
        95         3        2.171731e+00
        96         3       -1.147709e-01
        97         3       -1.695520e+00
        98         3        1.084591e+00
        99         3        3.260902e-01
       100         3        1.505240e+00
         1         4       -1.350558e+00
         2         4       -6.233780e-01
         3         4        3.466061e-01
         4         4        1.396217e+00
         5         4        8.077754e-01
         6         4        1.573855e+00
         7         4        3.053857e-01
         8         4       -1.891743e-01
         9         4        1.494379e+00
        10         4        9.344271e-01
        11         4        2.319740e+00
        12         4        1.921501e-01
        13         4        1.502860e+00
        14         4       -8.331422e-02
        15         4        4.276819e-01
        16         4        1.266411e+00
        17         4       -9.388986e-01
        18         4        3.791381e-01
        19         4        6.532284e-01
        20         4       -3.925627e-01
        21         4        1.046845e+00
        22         4        3.060473e-01
        23         4        1.645748e+00
        24         4       -1.500458e-02
        25         4        5.227859e-02
        26         4       -1.181937e+00
        27         4       -3.077214e-01
        28         4       -4.257034e-01
        29         4        6.862121e-01
        30         4        1.688877e-01
        31         4       -8.215972e-01
        32         4        1.591201e+00
        33         4        1.361206e-01
        34         4       -5.388176e-01
        35         4        9.206470e-01
        36         4       -5.246503e-01
        37         4       -1.103853e+00
        38         4       -4.881614e-01
        39         4        2.749924e-02
        40         4       -2.349834e+00
        41         4       -5.192780e-01
        42         4       -2.731880e-01
        43         4        9.400655e-02
        44         4       -4.194067e-01
        45         4        2.587080e-01
        46         4       -1.313285e-01
        47         4        9.839484e-01
        48         4        3.541980e-01
        49         4       -9.160419e-01
        50         4       -1.343440e+00
        51         4       -1.878886e+00
        52         4        1.305683e-01
        53         4        9.598123e-01
        54         4       -4.056251e-01
        55         4       -1.450500e+00
        56         4        4.269977e-01
        57         4        1.030012e+00
        58         4        9.637956e-01
        59         4       -4.947808e-02
        60         4       -1.052501e+00
        61         4        1.612110e+00
        62         4        4.323401e-01
        63         4        2.106516e+00
        64         4        3.778047e-01
        65         4       -5.407612e-01
        66         4        1.193851e+00
        67         4        1.490674e-01
        68         4       -1.007047e-01
        69         4       -6.871050e-01
        70         4        2.312201e+00
        71         4        8.691787e-01
        72         4       -1.194033e+00
        73         4        6.388457e-01
        74         4       -4.922246e-01
        75         4       -2.059893e+00
        76         4        6.689710e-01
        77         4       -9.805328e-01
        78         4       -1.563160e+00
        79         4       -5.362070e-01
        80         4        4.832429e-01
        81         4       -3.559281e-01
        82         4       -3.109422e-01
        83         4       -1.470777e-01
        84         4        4.207987e-01
        85         4        1.815754e+00
        86         4       -5.053665e-01
        87         4       -5.530214e-01
        88         4        4.794711e-01
        89         4       -5.625950e-02
        90         4        5.930279e-01
        91         4        1.078874e+00
        92         4        1.186209e+00
        93         4       -9.329966e-01
        94         4       -4.587364e-01
        95         4       -1.801536e+00
        96         4        1.030002e+00
        97         4        4.681869e-01
        98         4       -8.356639e-01
        99         4       -7.593366e-01
       100         4        9.450906e-02
         1         5       -2.787121e-01
         2         5        4.367226e-02
         3         5       -1.913509e-01
         4         5       -1.067180e-01
         5         5       -1.872642e-01
         6         5        5.363860e-01
         7         5       -5.732944e-01
         8         5       -1.636496e+00
         9         5       -7.879349e-01
        10         5       -7.401642e-01
        11         5        5.771576e-01
        12         5       -2.015037e+00
        13         5       -9.713481e-01
        14         5        1.688995e+00
        15         5       -1.317825e+00
        16         5       -1.144830e+00
        17         5       -1.823483e+00
        18         5       -4.515321e-02
        19         5       -7.882449e-02
        20         5        1.108568e-01
        21         5       -1.470200e+00
        22         5        7.974468e-01
        23         5        2.647103e+00
        24         5        5.266379e-01
        25         5        1.362242e-01
        26         5        4.259537e-01
        27         5       -1.358905e-01
        28         5        7.893036e-01
        29         5       -2.807595e-01
        30         5       -2.002637e-01
        31         5       -2.001460e+00
        32         5        2.521068e-01
        33         5       -1.405533e+00
        34         5        4.811421e-01
        35         5        3.572246e-01
        36         5       -8.562784e-02
        37         5        1.661070e+00
        38         5        1.496737e+00
        39         5       -1.693182e+00
        40         5       -1.219274e+00
        41         5       -5.620536e-01
        42         5       -1.447524e+00
        43         5        4.864769e-02
        44         5        1.471747e+00
        45         5       -8.989995e-03
        46         5        2.433257e-01
        47         5       -1.383578e+00
        48         5       -2.607838e+00
        49         5        1.613437e-01
        50         5       -1.066895e+00
        51         5        9.060450e-02
        52         5        1.182774e+00
        53         5        1.178809e+00
        54         5       -1.381991e+00
        55         5       -1.612681e+00
        56         5       -6.779944e-01
        57         5       -4.741265e-01
        58         5       -2.261021e+00
        59         5        2.583502e-01
        60         5       -1.148654e-01
        61         5        3.709727e-01
        62         5       -8.797894e-01
        63         5       -2.353601e-02
        64         5        1.169398e-01
        65         5       -6.692153e-01
        66         5        7.606697e-01
        67         5       -6.022274e-01
        68         5        4.644555e-01
        69         5        6.574184e-01
        70         5        2.032061e+00
        71         5        9.869455e-01
        72         5       -4.841581e-01
        73         5       -1.991814e+00
        74         5       -1.289982e-01
        75         5        9.433510e-01
        76         5       -8.787551e-01
        77         5        3.705192e-01
        78         5        1.161106e+00
        79         5       -5.473848e-01
        80         5        1.436397e-02
        81         5        3.761781e-01
        82         5        4.759030e-01
        83         5       -5.041349e-03
        84         5        1.500365e-02
        85         5        1.081406e+00
        86         5        4.637256e-01
        87         5       -1.227657e+00
        88         5        1.019328e+00
        89         5        4.507365e-01
        90         5       -6.183264e-01
        91         5       -1.265493e+00
        92         5        1.454850e+00
        93         5       -3.730445e-01
        94         5        2.382786e-01
        95         5       -1.298067e+00
        96         5        1.378616e-01
        97         5        1.863548e-01
        98         5        6.901729e-01
        99         5        1.098936e+00
       100         5        6.320625e-01
;
param X_Original:=
    1        6.395452e-01
    2        1.215384e-01
    3       -1.131412e+00
    4       -4.167910e-01
    5        2.863879e-02
    6       -4.398206e-01
    7       -2.739396e-01
    8        2.365424e-01
    9       -4.499508e-01
   10       -5.784994e-02
   11       -3.217707e-01
   12        1.892586e+00
   13        1.290501e-01
   14       -4.057385e-01
   15       -8.370844e-01
   16        1.078161e+00
   17        1.647832e+00
   18       -1.334518e+00
   19       -1.002240e-01
   20       -3.175169e-01
   21        1.513655e+00
   22       -2.962783e-01
   23       -2.852881e+00
   24       -1.481848e-01
   25        4.995821e-01
   26        6.909758e-01
   27       -1.304220e+00
   28        1.247507e+00
   29       -1.765896e-01
   30        6.122988e-02
   31        9.446045e-01
   32       -1.294665e+00
   33        7.697136e-01
   34       -2.298035e-02
   35       -1.286545e+00
   36       -6.452416e-01
   37       -9.196806e-01
   38       -1.972518e+00
   39        7.140201e-01
   40        2.605791e+00
   41        8.567837e-01
   42        2.879735e-01
   43       -6.711453e-01
   44        7.487749e-02
   45       -2.888931e-01
   46        6.102884e-01
   47        5.852102e-01
   48       -2.114562e+00
   49        1.245315e+00
   50        1.893915e+00
   51        1.079108e+00
   52       -7.594521e-03
   53       -2.823019e-01
   54        1.338250e+00
   55        8.682608e-01
   56       -1.940411e-01
   57        7.383721e-02
   58        2.207878e-01
   59       -1.202066e-01
   60       -6.662683e-01
   61        8.684399e-01
   62        3.211899e-02
   63       -9.728359e-01
   64       -1.005249e+00
   65        7.726068e-01
   66       -2.095095e-01
   67       -9.871804e-01
   68       -1.952723e+00
   69       -3.767979e-01
   70       -1.764412e+00
   71       -6.180791e-01
   72        1.315275e+00
   73        8.003196e-01
   74       -1.701130e-01
   75        8.237941e-01
   76        1.028758e-01
   77       -5.831169e-01
   78        2.960618e-01
   79        3.038760e-01
   80       -6.004749e-01
   81        1.865819e-01
   82        2.842707e-01
   83        9.191795e-01
   84       -8.469718e-01
   85       -8.952113e-01
   86        1.403778e+00
   87        8.988226e-01
   88       -4.892868e-01
   89        3.272963e-01
   90       -1.519282e+00
   91       -7.505018e-01
   92       -1.634972e+00
   93        4.283253e-01
   94       -1.151345e+00
   95        2.057965e+00
   96        7.227532e-02
   97       -4.850996e-01
   98       -2.094782e-01
   99       -5.159363e-01
  100       -1.897169e+00
;
param outliervec_original :=
    1    0
    2    0
    3    0
    4    0
    5    0
    6    0
    7    1
    8    0
    9    0
   10    0
   11    1
   12    0
   13    0
   14    0
   15    1
   16    0
   17    0
   18    0
   19    0
   20    0
   21    0
   22    0
   23    0
   24    0
   25    1
   26    0
   27    0
   28    0
   29    0
   30    0
   31    0
   32    0
   33    0
   34    0
   35    0
   36    0
   37    0
   38    0
   39    0
   40    0
   41    0
   42    0
   43    0
   44    0
   45    0
   46    0
   47    0
   48    1
   49    0
   50    1
   51    0
   52    0
   53    0
   54    0
   55    0
   56    0
   57    0
   58    0
   59    0
   60    0
   61    1
   62    0
   63    0
   64    0
   65    0
   66    0
   67    0
   68    0
   69    0
   70    0
   71    0
   72    0
   73    0
   74    0
   75    0
   76    0
   77    1
   78    0
   79    1
   80    0
   81    0
   82    0
   83    0
   84    0
   85    0
   86    0
   87    0
   88    0
   89    1
   90    0
   91    0
   92    0
   93    0
   94    0
   95    0
   96    0
   97    0
   98    0
   99    0
  100    0
;
param d:= 95;
param r:=5;
param p:=0.100000;
param M:=1000;
param U:=
         1         1       -3.006054e-01
         2         1        1.404758e-01
         3         1       -4.456940e-01
         4         1        1.016770e-02
         5         1        4.586148e-02
         6         1        1.162396e+00
         7         1        2.822837e-01
         8         1       -3.582031e+00
         9         1        4.935094e-01
        10         1       -2.971781e-01
        11         1        7.669433e-01
        12         1        6.270721e-01
        13         1        6.025588e-03
        14         1        2.522560e-02
        15         1        5.480365e-01
        16         1        4.792225e-01
        17         1        9.281171e-01
        18         1       -9.586625e-01
        19         1        6.074839e-02
        20         1        1.183632e+00
        21         1       -6.493800e-01
        22         1        4.987582e-01
        23         1        1.690537e+00
        24         1        1.039197e+00
        25         1       -9.692414e-01
        26         1       -6.668235e-02
        27         1        9.129933e-01
        28         1       -5.433180e-01
        29         1       -1.146180e+00
        30         1        7.847412e-01
        31         1        1.378885e+00
        32         1        2.488529e+00
        33         1        8.310269e-01
        34         1       -1.043106e+00
        35         1        1.442196e+00
        36         1        1.555845e+00
        37         1        1.299469e-01
        38         1       -6.692631e-01
        39         1        1.448066e+00
        40         1        5.762597e-01
        41         1        1.139433e-01
        42         1        3.847907e-01
        43         1        8.857583e-01
        44         1       -8.155665e-01
        45         1        1.569410e+00
        46         1        1.942151e-01
        47         1        1.792198e+00
        48         1       -1.877312e-01
        49         1        7.171715e-01
        50         1        4.260972e-01
        51         1       -1.261717e+00
        52         1        1.051470e+00
        53         1        1.796352e-01
        54         1        1.898945e-01
        55         1       -1.438153e+00
        56         1       -5.760503e-01
        57         1       -2.819765e-01
        58         1       -3.247019e-01
        59         1       -1.506120e+00
        60         1       -2.836995e+00
        61         1       -1.056174e+00
        62         1       -4.721800e-01
        63         1       -1.121118e+00
        64         1       -1.389607e+00
        65         1       -4.471526e-01
        66         1        9.543881e-01
        67         1        1.393451e+00
        68         1        6.806619e-02
        69         1        1.407950e+00
        70         1       -7.413557e-02
        71         1        1.078477e+00
        72         1        3.736299e-01
        73         1        2.684408e-01
        74         1       -1.181385e+00
        75         1        9.593114e-01
        76         1        1.223376e+00
        77         1        1.815677e-01
        78         1        7.542257e-01
        79         1       -1.377335e+00
        80         1       -1.161561e+00
        81         1        1.645025e+00
        82         1        4.406716e-01
        83         1       -9.174357e-02
        84         1       -1.450381e+00
        85         1       -5.955825e-01
        86         1       -1.325279e+00
        87         1       -7.634827e-01
        88         1       -2.452169e+00
        89         1        1.002530e+00
        90         1       -5.974239e-02
        91         1        4.611450e-01
        92         1       -3.829244e-01
        93         1        9.099426e-02
        94         1        8.746252e-01
        95         1        6.280676e-01
         1         2        1.438143e-01
         2         2        4.243665e-01
         3         2        8.882256e-01
         4         2       -4.138864e-01
         5         2       -1.537204e-01
         6         2       -4.088697e-01
         7         2        1.271092e-01
         8         2       -1.294979e-01
         9         2        6.669597e-01
        10         2        1.836169e-01
        11         2        4.824606e-01
        12         2       -1.217116e+00
        13         2       -2.707035e-01
        14         2       -8.848100e-01
        15         2       -3.783292e-01
        16         2        3.509466e-01
        17         2        1.648983e+00
        18         2       -7.269252e-01
        19         2        1.236131e-01
        20         2       -1.410660e+00
        21         2       -8.472472e-01
        22         2        9.356282e-01
        23         2        2.741462e-01
        24         2       -9.581488e-01
        25         2       -1.440088e+00
        26         2        1.696128e+00
        27         2       -1.448897e+00
        28         2        5.693105e-02
        29         2       -6.240043e-01
        30         2        6.175954e-01
        31         2        1.692925e+00
        32         2        6.837436e-01
        33         2        4.740372e-01
        34         2        5.600246e-01
        35         2        1.807515e+00
        36         2        1.357997e+00
        37         2        1.642341e+00
        38         2       -1.456572e-01
        39         2       -6.983035e-01
        40         2       -6.542058e-01
        41         2        7.141208e-01
        42         2        6.968343e-01
        43         2       -4.835369e-01
        44         2        3.010778e-01
        45         2        1.316321e-01
        46         2       -4.222349e-01
        47         2       -9.621070e-01
        48         2       -1.010903e+00
        49         2       -7.383616e-01
        50         2       -1.034240e+00
        51         2       -8.504155e-01
        52         2        9.025881e-01
        53         2        4.399380e-01
        54         2       -1.738159e-01
        55         2        3.278975e-01
        56         2       -6.195726e-02
        57         2        1.089836e+00
        58         2        7.754039e-02
        59         2       -6.171281e-02
        60         2       -2.584555e-01
        61         2       -5.685830e-01
        62         2       -8.447578e-01
        63         2        1.432155e+00
        64         2        1.539874e+00
        65         2       -1.016749e-01
        66         2        2.815986e-01
        67         2        7.886583e-02
        68         2       -8.956240e-01
        69         2        7.079803e-01
        70         2        6.124338e-01
        71         2       -3.646811e-01
        72         2        7.284784e-01
        73         2       -1.038563e+00
        74         2       -3.589623e-01
        75         2        1.280376e+00
        76         2       -2.292229e-03
        77         2        2.927160e-02
        78         2       -1.107999e+00
        79         2        2.454315e-02
        80         2       -1.507498e+00
        81         2       -1.065586e+00
        82         2        6.463072e-02
        83         2       -2.163007e-02
        84         2        2.504087e-01
        85         2        1.862876e+00
        86         2        1.044055e+00
        87         2       -4.872271e-01
        88         2       -1.288457e+00
        89         2        2.462751e+00
        90         2       -2.451336e-01
        91         2       -6.083161e-01
        92         2       -9.588765e-02
        93         2        5.985180e-01
        94         2        6.586025e-01
        95         2        2.954304e+00
         1         3        1.119636e+00
         2         3        6.338145e-01
         3         3       -1.113250e+00
         4         3       -1.351289e+00
         5         3        7.211896e-02
         6         3       -1.476769e+00
         7         3       -3.733120e-01
         8         3        1.460129e+00
         9         3        3.727488e-01
        10         3       -1.241518e-01
        11         3       -8.718066e-01
        12         3       -1.002194e+00
        13         3       -3.853307e-01
        14         3       -6.961599e-02
        15         3        2.007260e+00
        16         3        1.440168e+00
        17         3       -1.227751e+00
        18         3        2.605080e-01
        19         3       -1.053873e+00
        20         3       -4.024904e-02
        21         3       -7.583982e-01
        22         3       -7.835682e-01
        23         3       -6.142849e-01
        24         3       -1.732271e-01
        25         3       -5.503007e-01
        26         3       -1.637529e+00
        27         3        1.023973e+00
        28         3        1.886263e-01
        29         3        1.555827e-01
        30         3       -1.253005e+00
        31         3        4.141573e-01
        32         3       -1.145387e+00
        33         3        4.003347e-01
        34         3       -5.329551e-01
        35         3       -5.273028e-01
        36         3       -9.814358e-02
        37         3       -5.221096e-01
        38         3       -1.080095e+00
        39         3        1.080178e+00
        40         3       -5.524239e-01
        41         3       -1.155310e+00
        42         3       -7.216913e-01
        43         3        4.476673e-02
        44         3        1.318447e+00
        45         3        1.497198e+00
        46         3       -7.163899e-01
        47         3       -6.256983e-01
        48         3        1.450918e-01
        49         3       -7.580278e-01
        50         3       -8.965146e-01
        51         3        8.787169e-01
        52         3       -1.094158e+00
        53         3       -1.123480e+00
        54         3       -9.737109e-01
        55         3        2.990156e-01
        56         3        9.326145e-01
        57         3       -1.351267e+00
        58         3       -7.329406e-01
        59         3       -1.760991e-02
        60         3       -8.216720e-01
        61         3        3.816415e-01
        62         3        1.133988e+00
        63         3        8.557744e-01
        64         3       -3.337780e-01
        65         3       -5.495317e-01
        66         3        1.933189e-01
        67         3       -3.356821e-01
        68         3        4.519740e-01
        69         3        3.660027e-01
        70         3       -3.248069e-01
        71         3        4.131594e-01
        72         3        8.664483e-01
        73         3       -1.428729e+00
        74         3       -7.834028e-01
        75         3        6.419327e-02
        76         3       -6.852435e-01
        77         3        1.652686e+00
        78         3       -5.291633e-01
        79         3       -6.401393e-01
        80         3       -7.945924e-01
        81         3        1.008447e+00
        82         3       -8.683296e-01
        83         3        5.118686e-01
        84         3        1.354875e+00
        85         3       -5.889142e-01
        86         3       -6.913499e-02
        87         3       -1.965050e+00
        88         3       -5.802180e-01
        89         3        1.461417e-01
        90         3        2.171731e+00
        91         3       -1.147709e-01
        92         3       -1.695520e+00
        93         3        1.084591e+00
        94         3        3.260902e-01
        95         3        1.505240e+00
         1         4       -1.350558e+00
         2         4       -6.233780e-01
         3         4        3.466061e-01
         4         4        1.396217e+00
         5         4        8.077754e-01
         6         4        1.573855e+00
         7         4        3.053857e-01
         8         4       -1.891743e-01
         9         4        1.494379e+00
        10         4        9.344271e-01
        11         4        2.319740e+00
        12         4        1.921501e-01
        13         4        1.502860e+00
        14         4       -8.331422e-02
        15         4        1.266411e+00
        16         4       -9.388986e-01
        17         4        3.791381e-01
        18         4        6.532284e-01
        19         4       -3.925627e-01
        20         4        1.046845e+00
        21         4        3.060473e-01
        22         4        1.645748e+00
        23         4       -1.500458e-02
        24         4        5.227859e-02
        25         4       -1.181937e+00
        26         4       -3.077214e-01
        27         4       -4.257034e-01
        28         4        6.862121e-01
        29         4        1.688877e-01
        30         4       -8.215972e-01
        31         4        1.591201e+00
        32         4        1.361206e-01
        33         4       -5.388176e-01
        34         4        9.206470e-01
        35         4       -5.246503e-01
        36         4       -1.103853e+00
        37         4       -4.881614e-01
        38         4        2.749924e-02
        39         4       -2.349834e+00
        40         4       -5.192780e-01
        41         4       -2.731880e-01
        42         4        9.400655e-02
        43         4       -4.194067e-01
        44         4        2.587080e-01
        45         4       -1.313285e-01
        46         4        9.839484e-01
        47         4       -9.160419e-01
        48         4       -1.878886e+00
        49         4        1.305683e-01
        50         4        9.598123e-01
        51         4       -4.056251e-01
        52         4       -1.450500e+00
        53         4        4.269977e-01
        54         4        1.030012e+00
        55         4        9.637956e-01
        56         4       -4.947808e-02
        57         4       -1.052501e+00
        58         4        4.323401e-01
        59         4        2.106516e+00
        60         4        3.778047e-01
        61         4       -5.407612e-01
        62         4        1.193851e+00
        63         4        1.490674e-01
        64         4       -1.007047e-01
        65         4       -6.871050e-01
        66         4        2.312201e+00
        67         4        8.691787e-01
        68         4       -1.194033e+00
        69         4        6.388457e-01
        70         4       -4.922246e-01
        71         4       -2.059893e+00
        72         4        6.689710e-01
        73         4       -1.563160e+00
        74         4       -5.362070e-01
        75         4        4.832429e-01
        76         4       -3.559281e-01
        77         4       -3.109422e-01
        78         4       -1.470777e-01
        79         4        4.207987e-01
        80         4        1.815754e+00
        81         4       -5.053665e-01
        82         4       -5.530214e-01
        83         4        4.794711e-01
        84         4       -5.625950e-02
        85         4        5.930279e-01
        86         4        1.078874e+00
        87         4        1.186209e+00
        88         4       -9.329966e-01
        89         4       -4.587364e-01
        90         4       -1.801536e+00
        91         4        1.030002e+00
        92         4        4.681869e-01
        93         4       -8.356639e-01
        94         4       -7.593366e-01
        95         4        9.450906e-02
         1         5       -2.787121e-01
         2         5        4.367226e-02
         3         5       -1.913509e-01
         4         5       -1.067180e-01
         5         5       -1.872642e-01
         6         5        5.363860e-01
         7         5       -5.732944e-01
         8         5       -1.636496e+00
         9         5       -7.879349e-01
        10         5       -7.401642e-01
        11         5        5.771576e-01
        12         5       -2.015037e+00
        13         5       -9.713481e-01
        14         5        1.688995e+00
        15         5       -1.144830e+00
        16         5       -1.823483e+00
        17         5       -4.515321e-02
        18         5       -7.882449e-02
        19         5        1.108568e-01
        20         5       -1.470200e+00
        21         5        7.974468e-01
        22         5        2.647103e+00
        23         5        5.266379e-01
        24         5        1.362242e-01
        25         5        4.259537e-01
        26         5       -1.358905e-01
        27         5        7.893036e-01
        28         5       -2.807595e-01
        29         5       -2.002637e-01
        30         5       -2.001460e+00
        31         5        2.521068e-01
        32         5       -1.405533e+00
        33         5        4.811421e-01
        34         5        3.572246e-01
        35         5       -8.562784e-02
        36         5        1.661070e+00
        37         5        1.496737e+00
        38         5       -1.693182e+00
        39         5       -1.219274e+00
        40         5       -5.620536e-01
        41         5       -1.447524e+00
        42         5        4.864769e-02
        43         5        1.471747e+00
        44         5       -8.989995e-03
        45         5        2.433257e-01
        46         5       -1.383578e+00
        47         5        1.613437e-01
        48         5        9.060450e-02
        49         5        1.182774e+00
        50         5        1.178809e+00
        51         5       -1.381991e+00
        52         5       -1.612681e+00
        53         5       -6.779944e-01
        54         5       -4.741265e-01
        55         5       -2.261021e+00
        56         5        2.583502e-01
        57         5       -1.148654e-01
        58         5       -8.797894e-01
        59         5       -2.353601e-02
        60         5        1.169398e-01
        61         5       -6.692153e-01
        62         5        7.606697e-01
        63         5       -6.022274e-01
        64         5        4.644555e-01
        65         5        6.574184e-01
        66         5        2.032061e+00
        67         5        9.869455e-01
        68         5       -4.841581e-01
        69         5       -1.991814e+00
        70         5       -1.289982e-01
        71         5        9.433510e-01
        72         5       -8.787551e-01
        73         5        1.161106e+00
        74         5       -5.473848e-01
        75         5        1.436397e-02
        76         5        3.761781e-01
        77         5        4.759030e-01
        78         5       -5.041349e-03
        79         5        1.500365e-02
        80         5        1.081406e+00
        81         5        4.637256e-01
        82         5       -1.227657e+00
        83         5        1.019328e+00
        84         5        4.507365e-01
        85         5       -6.183264e-01
        86         5       -1.265493e+00
        87         5        1.454850e+00
        88         5       -3.730445e-01
        89         5        2.382786e-01
        90         5       -1.298067e+00
        91         5        1.378616e-01
        92         5        1.863548e-01
        93         5        6.901729e-01
        94         5        1.098936e+00
        95         5        6.320625e-01
;

param theta:=
    1        3.277214e-01
    2       -6.580987e-01
    3        2.179276e-01
    4       -3.514926e-01
    5       -5.432723e-01
;
param X_true:=
    1        6.395452e-01
    2        1.215384e-01
    3       -1.131412e+00
    4       -4.167910e-01
    5        2.863879e-02
    6       -4.398206e-01
    7        1.697040e-01
    8        2.365424e-01
    9       -4.499508e-01
   10       -5.784994e-02
   11       -1.521171e+00
   12        1.892586e+00
   13        1.290501e-01
   14       -4.057385e-01
   15        1.078161e+00
   16        1.647832e+00
   17       -1.334518e+00
   18       -1.002240e-01
   19       -3.175169e-01
   20        1.513655e+00
   21       -2.962783e-01
   22       -2.852881e+00
   23       -1.481848e-01
   24        8.939944e-01
   25        6.909758e-01
   26       -1.304220e+00
   27        1.247507e+00
   28       -1.765896e-01
   29        6.122988e-02
   30        9.446045e-01
   31       -1.294665e+00
   32        7.697136e-01
   33       -2.298035e-02
   34       -1.286545e+00
   35       -6.452416e-01
   36       -9.196806e-01
   37       -1.972518e+00
   38        7.140201e-01
   39        2.605791e+00
   40        8.567837e-01
   41        2.879735e-01
   42       -6.711453e-01
   43        7.487749e-02
   44       -2.888931e-01
   45        6.102884e-01
   46        5.852102e-01
   47        1.245315e+00
   48        1.079108e+00
   49       -7.594521e-03
   50       -2.823019e-01
   51        1.338250e+00
   52        8.682608e-01
   53       -1.940411e-01
   54        7.383721e-02
   55        2.207878e-01
   56       -1.202066e-01
   57       -6.662683e-01
   58        3.211899e-02
   59       -9.728359e-01
   60       -1.005249e+00
   61        7.726068e-01
   62       -2.095095e-01
   63       -9.871804e-01
   64       -1.952723e+00
   65       -3.767979e-01
   66       -1.764412e+00
   67       -6.180791e-01
   68        1.315275e+00
   69        8.003196e-01
   70       -1.701130e-01
   71        8.237941e-01
   72        1.028758e-01
   73        2.960618e-01
   74        2.853826e-01
   75       -6.004749e-01
   76        1.865819e-01
   77        2.842707e-01
   78        9.191795e-01
   79       -8.469718e-01
   80       -8.952113e-01
   81        1.403778e+00
   82        8.988226e-01
   83       -4.892868e-01
   84       -5.195880e-01
   85       -1.519282e+00
   86       -7.505018e-01
   87       -1.634972e+00
   88        4.283253e-01
   89       -1.151345e+00
   90        2.057965e+00
   91        7.227532e-02
   92       -4.850996e-01
   93       -2.094782e-01
   94       -5.159363e-01
   95       -1.897169e+00
;
param X:=
    1        6.395452e-01
    2        1.215384e-01
    3       -1.131412e+00
    4       -4.167910e-01
    5        2.863879e-02
    6       -4.398206e-01
    7       -2.739396e-01
    8        2.365424e-01
    9       -4.499508e-01
   10       -5.784994e-02
   11       -3.217707e-01
   12        1.892586e+00
   13        1.290501e-01
   14       -4.057385e-01
   15        1.078161e+00
   16        1.647832e+00
   17       -1.334518e+00
   18       -1.002240e-01
   19       -3.175169e-01
   20        1.513655e+00
   21       -2.962783e-01
   22       -2.852881e+00
   23       -1.481848e-01
   24        4.995821e-01
   25        6.909758e-01
   26       -1.304220e+00
   27        1.247507e+00
   28       -1.765896e-01
   29        6.122988e-02
   30        9.446045e-01
   31       -1.294665e+00
   32        7.697136e-01
   33       -2.298035e-02
   34       -1.286545e+00
   35       -6.452416e-01
   36       -9.196806e-01
   37       -1.972518e+00
   38        7.140201e-01
   39        2.605791e+00
   40        8.567837e-01
   41        2.879735e-01
   42       -6.711453e-01
   43        7.487749e-02
   44       -2.888931e-01
   45        6.102884e-01
   46        5.852102e-01
   47        1.245315e+00
   48        1.079108e+00
   49       -7.594521e-03
   50       -2.823019e-01
   51        1.338250e+00
   52        8.682608e-01
   53       -1.940411e-01
   54        7.383721e-02
   55        2.207878e-01
   56       -1.202066e-01
   57       -6.662683e-01
   58        3.211899e-02
   59       -9.728359e-01
   60       -1.005249e+00
   61        7.726068e-01
   62       -2.095095e-01
   63       -9.871804e-01
   64       -1.952723e+00
   65       -3.767979e-01
   66       -1.764412e+00
   67       -6.180791e-01
   68        1.315275e+00
   69        8.003196e-01
   70       -1.701130e-01
   71        8.237941e-01
   72        1.028758e-01
   73        2.960618e-01
   74        3.038760e-01
   75       -6.004749e-01
   76        1.865819e-01
   77        2.842707e-01
   78        9.191795e-01
   79       -8.469718e-01
   80       -8.952113e-01
   81        1.403778e+00
   82        8.988226e-01
   83       -4.892868e-01
   84        3.272963e-01
   85       -1.519282e+00
   86       -7.505018e-01
   87       -1.634972e+00
   88        4.283253e-01
   89       -1.151345e+00
   90        2.057965e+00
   91        7.227532e-02
   92       -4.850996e-01
   93       -2.094782e-01
   94       -5.159363e-01
   95       -1.897169e+00
;
param outliervec:=
    1    0
    2    0
    3    0
    4    0
    5    0
    6    0
    7    1
    8    0
    9    0
   10    0
   11    1
   12    0
   13    0
   14    0
   15    0
   16    0
   17    0
   18    0
   19    0
   20    0
   21    0
   22    0
   23    0
   24    1
   25    0
   26    0
   27    0
   28    0
   29    0
   30    0
   31    0
   32    0
   33    0
   34    0
   35    0
   36    0
   37    0
   38    0
   39    0
   40    0
   41    0
   42    0
   43    0
   44    0
   45    0
   46    0
   47    0
   48    0
   49    0
   50    0
   51    0
   52    0
   53    0
   54    0
   55    0
   56    0
   57    0
   58    0
   59    0
   60    0
   61    0
   62    0
   63    0
   64    0
   65    0
   66    0
   67    0
   68    0
   69    0
   70    0
   71    0
   72    0
   73    0
   74    1
   75    0
   76    0
   77    0
   78    0
   79    0
   80    0
   81    0
   82    0
   83    0
   84    1
   85    0
   86    0
   87    0
   88    0
   89    0
   90    0
   91    0
   92    0
   93    0
   94    0
   95    0
; 
param greedy_time :=         5.215159e-02
;