data;


param FN:= 0;
param D:= 100;
param U_Original:=
         1         1       -1.037917e+00
         2         1        8.718719e-01
         3         1       -9.182352e-01
         4         1        7.548806e-01
         5         1       -4.314325e-01
         6         1        2.029350e+00
         7         1       -5.781954e-01
         8         1        3.679829e-01
         9         1       -1.029163e+00
        10         1        6.801327e-01
        11         1       -6.592186e-02
        12         1        1.096679e+00
        13         1        8.516318e-01
        14         1       -1.490798e+00
        15         1       -1.117484e+00
        16         1       -6.862549e-01
        17         1       -7.631931e-01
        18         1        9.240651e-01
        19         1       -8.556116e-01
        20         1        1.116819e-01
        21         1       -7.178984e-01
        22         1        4.498118e-01
        23         1        4.851177e-01
        24         1        1.763700e+00
        25         1       -1.302015e+00
        26         1       -1.312208e+00
        27         1       -1.322972e-01
        28         1       -5.978003e-02
        29         1       -7.132567e-01
        30         1        1.613633e+00
        31         1        1.704842e+00
        32         1        3.608650e-01
        33         1       -9.733711e-01
        34         1        2.097244e+00
        35         1        7.920207e-01
        36         1        6.193638e-01
        37         1        1.806868e+00
        38         1       -2.437715e-01
        39         1        4.148598e-02
        40         1        1.167019e+00
        41         1       -7.194585e-01
        42         1       -1.875193e-01
        43         1       -1.220405e+00
        44         1        1.408321e+00
        45         1        2.525225e-01
        46         1       -1.239029e+00
        47         1       -4.609281e-01
        48         1        3.411012e-01
        49         1        7.127743e-01
        50         1        4.869166e-01
        51         1       -8.279212e-01
        52         1       -2.375281e-01
        53         1       -1.626823e+00
        54         1        7.252629e-01
        55         1       -9.719773e-01
        56         1       -1.127388e+00
        57         1        3.028087e-01
        58         1       -1.350799e-01
        59         1       -1.726453e+00
        60         1        5.326432e-01
        61         1        1.195423e+00
        62         1        2.168460e-01
        63         1        7.170041e-01
        64         1        7.105472e-01
        65         1        4.065710e-01
        66         1       -6.511341e-01
        67         1       -7.292590e-01
        68         1       -3.555889e-01
        69         1        3.624642e-01
        70         1       -5.315596e-01
        71         1        9.686983e-01
        72         1        6.448807e-01
        73         1       -5.740137e-02
        74         1        1.059442e-01
        75         1       -9.491201e-01
        76         1       -1.613096e+00
        77         1        6.116681e-01
        78         1       -1.425561e-01
        79         1        2.920402e-01
        80         1        6.081641e-01
        81         1       -1.199825e+00
        82         1       -3.260602e-02
        83         1       -1.452463e+00
        84         1       -1.260940e+00
        85         1        2.623930e-02
        86         1       -3.425642e-01
        87         1       -8.433748e-01
        88         1        1.284174e+00
        89         1       -1.247408e-01
        90         1       -1.482219e+00
        91         1       -2.504324e+00
        92         1       -2.266689e+00
        93         1       -7.386530e-01
        94         1        1.127374e-01
        95         1        5.665097e-01
        96         1       -1.899718e+00
        97         1       -4.048229e-01
        98         1        1.544292e+00
        99         1       -1.905935e-01
       100         1       -8.817778e-01
         1         2       -4.743381e-01
         2         2       -2.899803e-01
         3         2       -7.259844e-01
         4         2        2.226971e-01
         5         2        1.897633e+00
         6         2        1.217495e+00
         7         2       -7.445181e-01
         8         2       -5.503655e-01
         9         2        4.473398e-01
        10         2        2.589903e-02
        11         2       -5.817227e-03
        12         2       -6.743229e-01
        13         2        5.943437e-02
        14         2       -2.389275e-01
        15         2        4.587109e-01
        16         2       -1.362715e+00
        17         2       -6.933438e-01
        18         2        6.843555e-01
        19         2       -1.428315e+00
        20         2        3.254792e-01
        21         2       -1.325034e+00
        22         2       -1.205553e+00
        23         2       -9.879146e-02
        24         2       -2.111241e+00
        25         2       -2.610769e-01
        26         2       -7.919195e-01
        27         2        2.203644e+00
        28         2       -1.640135e+00
        29         2       -1.521320e+00
        30         2        2.789737e+00
        31         2       -1.489723e+00
        32         2        1.175144e-01
        33         2       -4.454082e-01
        34         2        1.656432e+00
        35         2       -3.360509e-01
        36         2       -6.255140e-01
        37         2        6.999649e-01
        38         2       -5.308101e-01
        39         2        1.227613e+00
        40         2       -7.263383e-01
        41         2        2.972359e-01
        42         2       -3.459448e-02
        43         2        6.190037e-02
        44         2       -8.541108e-01
        45         2        1.278691e-02
        46         2        9.437291e-01
        47         2       -5.337609e-01
        48         2       -1.219250e-01
        49         2       -2.304252e+00
        50         2       -3.741354e-01
        51         2        5.969912e-01
        52         2       -4.295149e-02
        53         2       -1.115202e+00
        54         2       -3.864920e-02
        55         2       -4.427446e-01
        56         2       -3.022649e-01
        57         2        5.467394e-03
        58         2       -5.280212e-01
        59         2        2.751492e-01
        60         2       -5.735935e-01
        61         2       -4.825181e-01
        62         2       -2.535838e+00
        63         2       -8.076722e-01
        64         2        4.730807e-01
        65         2        2.778061e+00
        66         2        1.448450e+00
        67         2       -4.628994e-01
        68         2        2.505422e+00
        69         2       -1.266731e+00
        70         2       -2.285533e-01
        71         2       -8.828050e-01
        72         2       -9.253679e-01
        73         2        9.048065e-02
        74         2       -1.862397e+00
        75         2       -1.653467e+00
        76         2       -8.185669e-01
        77         2       -1.972645e-01
        78         2       -1.088893e-01
        79         2        1.506198e+00
        80         2       -5.576418e-01
        81         2       -8.265526e-01
        82         2        2.271717e-01
        83         2        1.883921e+00
        84         2        1.651359e+00
        85         2        1.141865e+00
        86         2       -1.126820e+00
        87         2        7.354285e-01
        88         2        1.451493e+00
        89         2       -7.830195e-02
        90         2        5.588335e-01
        91         2       -8.879047e-01
        92         2        9.759096e-01
        93         2       -6.002906e-01
        94         2       -3.604581e-01
        95         2       -5.142704e-01
        96         2       -1.322152e+00
        97         2        7.981237e-01
        98         2        1.062946e+00
        99         2       -5.407232e-02
       100         2       -4.856645e-01
         1         3        1.142899e+00
         2         3       -4.560454e-02
         3         3        1.201988e+00
         4         3        1.314113e-02
         5         3       -5.369228e-01
         6         3       -5.347288e-01
         7         3        5.482894e-01
         8         3       -5.638939e-01
         9         3       -6.508987e-01
        10         3       -1.086171e-02
        11         3        5.135847e-01
        12         3        6.823904e-01
        13         3        4.353325e-01
        14         3        2.526495e+00
        15         3        1.351393e+00
        16         3       -2.419626e-01
        17         3        3.665226e-01
        18         3        1.011091e-01
        19         3       -1.985028e+00
        20         3       -7.093913e-01
        21         3        3.408913e-03
        22         3       -1.384164e+00
        23         3       -3.768775e-01
        24         3       -5.880116e-02
        25         3       -9.108197e-01
        26         3       -7.479610e-01
        27         3        1.483108e-02
        28         3        1.570386e+00
        29         3        3.117991e-01
        30         3        1.238780e+00
        31         3       -9.184771e-01
        32         3       -1.522296e+00
        33         3       -1.120700e+00
        34         3        1.795767e-01
        35         3        2.791898e-01
        36         3        1.791792e-01
        37         3        2.160916e-01
        38         3       -1.407902e-01
        39         3        5.608146e-01
        40         3        1.665464e-01
        41         3        1.486765e+00
        42         3       -1.190353e+00
        43         3        2.667709e-01
        44         3        2.414170e-01
        45         3        2.513349e-01
        46         3        9.406713e-01
        47         3       -1.321520e-01
        48         3       -3.171177e-01
        49         3        1.408029e+00
        50         3        6.146690e-01
        51         3        1.419710e+00
        52         3       -1.013676e+00
        53         3        1.373469e+00
        54         3       -8.319408e-01
        55         3       -4.858789e-01
        56         3        2.597381e+00
        57         3       -1.076747e+00
        58         3       -1.770291e-01
        59         3       -1.600618e-02
        60         3       -4.311815e-01
        61         3        1.378040e+00
        62         3       -4.988234e-01
        63         3        8.321002e-01
        64         3       -3.618776e-01
        65         3       -1.343790e-01
        66         3       -3.791121e-01
        67         3        7.612703e-01
        68         3       -8.422275e-01
        69         3        6.543031e-01
        70         3       -1.230756e+00
        71         3       -1.745528e-01
        72         3       -3.459548e-03
        73         3        3.012379e-01
        74         3       -2.811063e+00
        75         3        2.833081e-01
        76         3       -2.243504e+00
        77         3        3.978239e-01
        78         3        1.204144e+00
        79         3        5.088942e-01
        80         3       -2.015521e+00
        81         3        1.736929e+00
        82         3        2.112448e-01
        83         3        2.199588e+00
        84         3       -4.392643e-01
        85         3        2.069657e-01
        86         3        1.020099e+00
        87         3        1.473864e+00
        88         3       -7.623552e-01
        89         3        1.353309e-01
        90         3        5.404461e-02
        91         3       -1.051892e+00
        92         3       -6.174377e-01
        93         3       -1.238139e+00
        94         3       -1.042446e+00
        95         3        7.440105e-01
        96         3       -1.040575e-01
        97         3       -1.534239e+00
        98         3        4.556139e-01
        99         3        4.149335e-01
       100         3        6.119015e-01
         1         4       -8.302794e-01
         2         4       -8.394175e-01
         3         4        1.043775e+00
         4         4       -1.037430e+00
         5         4        1.358466e-02
         6         4        2.711736e+00
         7         4       -1.238156e+00
         8         4       -4.748598e-01
         9         4       -1.553205e+00
        10         4       -1.198425e+00
        11         4        4.272478e-01
        12         4        6.745193e-01
        13         4        5.561642e-01
        14         4        1.959247e-01
        15         4       -1.046025e+00
        16         4       -1.544774e+00
        17         4        2.126065e-01
        18         4        1.487249e+00
        19         4       -1.063716e+00
        20         4        2.872819e-01
        21         4        1.140045e+00
        22         4       -9.471830e-01
        23         4        1.367652e-01
        24         4        9.992833e-01
        25         4       -7.618698e-01
        26         4        2.810665e-01
        27         4        2.823239e-01
        28         4       -1.308017e+00
        29         4       -1.845498e-01
        30         4        1.925350e-01
        31         4       -9.512421e-01
        32         4        7.691399e-01
        33         4        3.473949e-01
        34         4        1.788872e-02
        35         4        4.283728e-01
        36         4        4.045757e-01
        37         4        7.651950e-02
        38         4        7.871647e-01
        39         4        1.002337e+00
        40         4        1.825299e+00
        41         4       -1.189332e-01
        42         4        1.250470e-01
        43         4        2.505663e-01
        44         4        4.755184e-01
        45         4       -9.029088e-01
        46         4       -1.159258e+00
        47         4        1.262715e+00
        48         4       -1.401391e-01
        49         4        4.066881e-01
        50         4        3.383418e-01
        51         4       -1.932289e+00
        52         4       -4.787350e-01
        53         4       -1.130287e-01
        54         4       -2.039808e+00
        55         4        1.241000e+00
        56         4       -8.988706e-02
        57         4       -8.227936e-01
        58         4        9.934996e-01
        59         4       -9.596104e-01
        60         4        1.352852e-01
        61         4       -8.388992e-01
        62         4       -5.685004e-01
        63         4       -3.836838e-01
        64         4        8.345398e-01
        65         4       -6.757306e-01
        66         4        2.451881e-01
        67         4        1.292592e+00
        68         4        3.571377e-01
        69         4        1.258057e-01
        70         4       -5.488970e-02
        71         4        2.429937e-01
        72         4        2.453338e-02
        73         4        5.548350e-01
        74         4        1.661288e+00
        75         4        2.367655e-01
        76         4        1.728425e+00
        77         4       -9.409826e-03
        78         4        4.832982e-01
        79         4        2.275508e-03
        80         4       -7.830029e-01
        81         4       -8.088592e-01
        82         4       -8.390389e-01
        83         4        5.323179e-01
        84         4        1.028656e-01
        85         4       -6.881490e-01
        86         4       -7.445760e-01
        87         4        1.329004e-01
        88         4        3.021574e-03
        89         4        4.335046e-01
        90         4       -7.625468e-01
        91         4       -3.038516e-02
        92         4       -4.472553e-01
        93         4       -2.394956e-01
        94         4       -9.937776e-01
        95         4        2.222469e-01
        96         4        3.906983e-01
        97         4       -6.503050e-01
        98         4       -1.126730e+00
        99         4        5.376784e-01
       100         4        8.041515e-01
         1         5       -2.890811e-01
         2         5        6.054115e-01
         3         5        1.238612e-01
         4         5       -1.891105e+00
         5         5        5.656271e-02
         6         5        8.414492e-02
         7         5       -5.174934e-01
         8         5        7.189497e-01
         9         5        3.674975e-01
        10         5        1.087894e-01
        11         5        1.456502e-01
        12         5        1.147959e+00
        13         5        1.078526e+00
        14         5       -1.769334e+00
        15         5       -2.186408e+00
        16         5       -9.805894e-01
        17         5        1.744498e+00
        18         5        5.799881e-01
        19         5        9.278572e-01
        20         5       -4.212277e-01
        21         5       -3.084778e-01
        22         5       -2.009124e+00
        23         5       -7.087249e-01
        24         5        3.028042e+00
        25         5        1.000827e+00
        26         5        7.295302e-01
        27         5        2.230246e+00
        28         5        3.403097e-02
        29         5        6.227102e-01
        30         5       -4.786645e-01
        31         5       -8.424898e-01
        32         5        4.538128e-01
        33         5       -7.031798e-01
        34         5       -3.715684e-01
        35         5        9.484466e-01
        36         5        2.349695e-01
        37         5       -1.166732e+00
        38         5        1.887646e+00
        39         5        5.370417e-01
        40         5       -7.662921e-01
        41         5       -1.644699e+00
        42         5       -4.833228e-02
        43         5       -1.024525e+00
        44         5        3.198235e-01
        45         5       -8.555600e-01
        46         5       -1.262790e+00
        47         5        4.756176e-01
        48         5        9.523655e-01
        49         5        2.792580e-01
        50         5        5.754040e-01
        51         5        7.890375e-01
        52         5        1.947114e+00
        53         5        5.309859e-01
        54         5        8.217007e-01
        55         5        4.288698e-01
        56         5        4.674633e-01
        57         5        9.857517e-01
        58         5       -1.243882e+00
        59         5        4.788850e-01
        60         5       -4.027714e-01
        61         5       -1.732717e+00
        62         5       -7.085539e-01
        63         5       -3.387676e-01
        64         5        2.002282e+00
        65         5        9.052644e-01
        66         5       -1.059396e+00
        67         5       -1.255210e+00
        68         5        6.994040e-02
        69         5        1.895387e+00
        70         5        1.931668e+00
        71         5        3.646164e-01
        72         5        1.412776e+00
        73         5        5.088351e-01
        74         5        1.236365e+00
        75         5        7.485127e-01
        76         5        2.299719e-01
        77         5        2.767847e+00
        78         5        2.412306e-01
        79         5        5.057708e-01
        80         5        4.090966e-01
        81         5       -8.314323e-01
        82         5       -2.062271e+00
        83         5        1.039302e+00
        84         5        8.003539e-01
        85         5        3.465697e-01
        86         5       -3.260280e-01
        87         5       -3.066766e-01
        88         5       -2.529871e-01
        89         5       -1.198712e+00
        90         5        6.631620e-02
        91         5        4.990681e-01
        92         5       -6.635109e-01
        93         5       -3.801251e-01
        94         5        2.023998e+00
        95         5        6.141770e-01
        96         5       -1.648822e+00
        97         5        9.732372e-01
        98         5        4.473371e-01
        99         5       -3.649439e-01
       100         5        1.120495e+00
;
param X_Original:=
    1        3.219311e+00
    2        1.644770e+00
    3       -1.810662e+00
    4       -1.352812e+00
    5       -1.989409e-01
    6       -9.045179e+00
    7        3.963752e+00
    8        1.032277e+00
    9        4.708942e+00
   10        2.686975e+00
   11       -1.032477e+00
   12       -2.401666e+00
   13       -2.090665e+00
   14        9.660061e-01
   15        3.720656e+00
   16        4.909707e+00
   17       -5.447639e-01
   18       -4.790562e+00
   19        3.509643e+00
   20       -8.425508e-01
   21       -2.217173e+00
   22       -7.321193e-01
   23       -7.255761e-01
   24       -1.017876e+00
   25        2.905640e+00
   26        1.543239e+00
   27       -1.187162e+00
   28        4.075639e+00
   29        1.367511e+00
   30       -2.137083e+00
   31        1.523126e+00
   32       -2.534579e+00
   33       -2.355063e-01
   34       -1.909834e+00
   35       -1.636810e+00
   36       -1.381571e+00
   37       -1.622110e+00
   38       -1.869623e+00
   39        1.298980e+00
   40       -5.523452e+00
   41        9.986932e-01
   42       -3.311312e-01
   43        2.653237e-01
   44       -2.089051e+00
   45        2.271227e+00
   46        3.935885e+00
   47       -2.940792e+00
   48        8.856140e-02
   49       -9.412639e-01
   50       -1.115283e+00
   51        5.779455e+00
   52       -1.124414e+00
   53        1.886193e+00
   54        4.797190e+00
   55       -2.569625e+00
   56        1.432276e+00
   57        1.816888e+00
   58       -2.425995e+00
   59        3.747695e+00
   60       -6.674408e-01
   61        1.675694e+00
   62        1.863156e+00
   63        7.823088e-01
   64       -2.935995e+00
   65        8.637458e-01
   66       -5.117622e-01
   67       -2.689398e+00
   68       -1.339364e+00
   69       -2.891363e-01
   70        3.902541e-01
   71       -1.192982e+00
   72       -3.695496e-01
   73       -1.431465e+00
   74       -4.471490e+00
   75        4.387273e-01
   76       -3.529140e+00
   77       -3.971114e-01
   78       -1.888149e-01
   79       -4.968482e-01
   80        1.509048e+00
   81        3.441365e+00
   82        2.287710e+00
   83       -5.255792e-01
   84        2.169547e-01
   85        1.582450e+00
   86        2.611936e+00
   87        2.886996e-01
   88       -5.475785e-01
   89       -1.002307e+00
   90        2.999409e+00
   91        1.964804e+00
   92        2.577844e+00
   93        1.168482e+00
   94        2.471934e+00
   95       -8.177320e-01
   96        6.601396e-01
   97        1.648242e+00
   98        1.685819e+00
   99       -1.220008e+00
  100       -1.347125e+00
;
param outliervec_original :=
    1    0
    2    0
    3    0
    4    1
    5    0
    6    0
    7    0
    8    0
    9    0
   10    0
   11    0
   12    0
   13    0
   14    0
   15    0
   16    0
   17    1
   18    0
   19    0
   20    1
   21    0
   22    1
   23    0
   24    1
   25    0
   26    1
   27    0
   28    0
   29    0
   30    0
   31    0
   32    0
   33    0
   34    0
   35    0
   36    0
   37    0
   38    0
   39    1
   40    0
   41    0
   42    0
   43    0
   44    0
   45    0
   46    0
   47    0
   48    0
   49    0
   50    0
   51    0
   52    1
   53    0
   54    0
   55    0
   56    0
   57    0
   58    0
   59    0
   60    0
   61    0
   62    0
   63    0
   64    0
   65    0
   66    0
   67    0
   68    0
   69    0
   70    0
   71    0
   72    0
   73    0
   74    0
   75    0
   76    0
   77    0
   78    1
   79    0
   80    0
   81    0
   82    0
   83    0
   84    0
   85    0
   86    0
   87    0
   88    1
   89    0
   90    0
   91    0
   92    0
   93    0
   94    0
   95    0
   96    0
   97    0
   98    0
   99    0
  100    0
;
param d:= 95;
param r:=5;
param p:=0.100000;
param M:=1000;
param U:=
         1         1       -1.037917e+00
         2         1        8.718719e-01
         3         1       -9.182352e-01
         4         1       -4.314325e-01
         5         1        2.029350e+00
         6         1       -5.781954e-01
         7         1        3.679829e-01
         8         1       -1.029163e+00
         9         1        6.801327e-01
        10         1       -6.592186e-02
        11         1        1.096679e+00
        12         1        8.516318e-01
        13         1       -1.490798e+00
        14         1       -1.117484e+00
        15         1       -6.862549e-01
        16         1       -7.631931e-01
        17         1        9.240651e-01
        18         1       -8.556116e-01
        19         1        1.116819e-01
        20         1       -7.178984e-01
        21         1        4.851177e-01
        22         1       -1.302015e+00
        23         1       -1.312208e+00
        24         1       -1.322972e-01
        25         1       -5.978003e-02
        26         1       -7.132567e-01
        27         1        1.613633e+00
        28         1        1.704842e+00
        29         1        3.608650e-01
        30         1       -9.733711e-01
        31         1        2.097244e+00
        32         1        7.920207e-01
        33         1        6.193638e-01
        34         1        1.806868e+00
        35         1       -2.437715e-01
        36         1        1.167019e+00
        37         1       -7.194585e-01
        38         1       -1.875193e-01
        39         1       -1.220405e+00
        40         1        1.408321e+00
        41         1        2.525225e-01
        42         1       -1.239029e+00
        43         1       -4.609281e-01
        44         1        3.411012e-01
        45         1        7.127743e-01
        46         1        4.869166e-01
        47         1       -8.279212e-01
        48         1       -1.626823e+00
        49         1        7.252629e-01
        50         1       -9.719773e-01
        51         1       -1.127388e+00
        52         1        3.028087e-01
        53         1       -1.350799e-01
        54         1       -1.726453e+00
        55         1        5.326432e-01
        56         1        1.195423e+00
        57         1        2.168460e-01
        58         1        7.170041e-01
        59         1        7.105472e-01
        60         1        4.065710e-01
        61         1       -6.511341e-01
        62         1       -7.292590e-01
        63         1       -3.555889e-01
        64         1        3.624642e-01
        65         1       -5.315596e-01
        66         1        9.686983e-01
        67         1        6.448807e-01
        68         1       -5.740137e-02
        69         1        1.059442e-01
        70         1       -9.491201e-01
        71         1       -1.613096e+00
        72         1        6.116681e-01
        73         1       -1.425561e-01
        74         1        2.920402e-01
        75         1        6.081641e-01
        76         1       -1.199825e+00
        77         1       -3.260602e-02
        78         1       -1.452463e+00
        79         1       -1.260940e+00
        80         1        2.623930e-02
        81         1       -3.425642e-01
        82         1       -8.433748e-01
        83         1        1.284174e+00
        84         1       -1.247408e-01
        85         1       -1.482219e+00
        86         1       -2.504324e+00
        87         1       -2.266689e+00
        88         1       -7.386530e-01
        89         1        1.127374e-01
        90         1        5.665097e-01
        91         1       -1.899718e+00
        92         1       -4.048229e-01
        93         1        1.544292e+00
        94         1       -1.905935e-01
        95         1       -8.817778e-01
         1         2       -4.743381e-01
         2         2       -2.899803e-01
         3         2       -7.259844e-01
         4         2        1.897633e+00
         5         2        1.217495e+00
         6         2       -7.445181e-01
         7         2       -5.503655e-01
         8         2        4.473398e-01
         9         2        2.589903e-02
        10         2       -5.817227e-03
        11         2       -6.743229e-01
        12         2        5.943437e-02
        13         2       -2.389275e-01
        14         2        4.587109e-01
        15         2       -1.362715e+00
        16         2       -6.933438e-01
        17         2        6.843555e-01
        18         2       -1.428315e+00
        19         2        3.254792e-01
        20         2       -1.325034e+00
        21         2       -9.879146e-02
        22         2       -2.610769e-01
        23         2       -7.919195e-01
        24         2        2.203644e+00
        25         2       -1.640135e+00
        26         2       -1.521320e+00
        27         2        2.789737e+00
        28         2       -1.489723e+00
        29         2        1.175144e-01
        30         2       -4.454082e-01
        31         2        1.656432e+00
        32         2       -3.360509e-01
        33         2       -6.255140e-01
        34         2        6.999649e-01
        35         2       -5.308101e-01
        36         2       -7.263383e-01
        37         2        2.972359e-01
        38         2       -3.459448e-02
        39         2        6.190037e-02
        40         2       -8.541108e-01
        41         2        1.278691e-02
        42         2        9.437291e-01
        43         2       -5.337609e-01
        44         2       -1.219250e-01
        45         2       -2.304252e+00
        46         2       -3.741354e-01
        47         2        5.969912e-01
        48         2       -1.115202e+00
        49         2       -3.864920e-02
        50         2       -4.427446e-01
        51         2       -3.022649e-01
        52         2        5.467394e-03
        53         2       -5.280212e-01
        54         2        2.751492e-01
        55         2       -5.735935e-01
        56         2       -4.825181e-01
        57         2       -2.535838e+00
        58         2       -8.076722e-01
        59         2        4.730807e-01
        60         2        2.778061e+00
        61         2        1.448450e+00
        62         2       -4.628994e-01
        63         2        2.505422e+00
        64         2       -1.266731e+00
        65         2       -2.285533e-01
        66         2       -8.828050e-01
        67         2       -9.253679e-01
        68         2        9.048065e-02
        69         2       -1.862397e+00
        70         2       -1.653467e+00
        71         2       -8.185669e-01
        72         2       -1.972645e-01
        73         2       -1.088893e-01
        74         2        1.506198e+00
        75         2       -5.576418e-01
        76         2       -8.265526e-01
        77         2        2.271717e-01
        78         2        1.883921e+00
        79         2        1.651359e+00
        80         2        1.141865e+00
        81         2       -1.126820e+00
        82         2        7.354285e-01
        83         2        1.451493e+00
        84         2       -7.830195e-02
        85         2        5.588335e-01
        86         2       -8.879047e-01
        87         2        9.759096e-01
        88         2       -6.002906e-01
        89         2       -3.604581e-01
        90         2       -5.142704e-01
        91         2       -1.322152e+00
        92         2        7.981237e-01
        93         2        1.062946e+00
        94         2       -5.407232e-02
        95         2       -4.856645e-01
         1         3        1.142899e+00
         2         3       -4.560454e-02
         3         3        1.201988e+00
         4         3       -5.369228e-01
         5         3       -5.347288e-01
         6         3        5.482894e-01
         7         3       -5.638939e-01
         8         3       -6.508987e-01
         9         3       -1.086171e-02
        10         3        5.135847e-01
        11         3        6.823904e-01
        12         3        4.353325e-01
        13         3        2.526495e+00
        14         3        1.351393e+00
        15         3       -2.419626e-01
        16         3        3.665226e-01
        17         3        1.011091e-01
        18         3       -1.985028e+00
        19         3       -7.093913e-01
        20         3        3.408913e-03
        21         3       -3.768775e-01
        22         3       -9.108197e-01
        23         3       -7.479610e-01
        24         3        1.483108e-02
        25         3        1.570386e+00
        26         3        3.117991e-01
        27         3        1.238780e+00
        28         3       -9.184771e-01
        29         3       -1.522296e+00
        30         3       -1.120700e+00
        31         3        1.795767e-01
        32         3        2.791898e-01
        33         3        1.791792e-01
        34         3        2.160916e-01
        35         3       -1.407902e-01
        36         3        1.665464e-01
        37         3        1.486765e+00
        38         3       -1.190353e+00
        39         3        2.667709e-01
        40         3        2.414170e-01
        41         3        2.513349e-01
        42         3        9.406713e-01
        43         3       -1.321520e-01
        44         3       -3.171177e-01
        45         3        1.408029e+00
        46         3        6.146690e-01
        47         3        1.419710e+00
        48         3        1.373469e+00
        49         3       -8.319408e-01
        50         3       -4.858789e-01
        51         3        2.597381e+00
        52         3       -1.076747e+00
        53         3       -1.770291e-01
        54         3       -1.600618e-02
        55         3       -4.311815e-01
        56         3        1.378040e+00
        57         3       -4.988234e-01
        58         3        8.321002e-01
        59         3       -3.618776e-01
        60         3       -1.343790e-01
        61         3       -3.791121e-01
        62         3        7.612703e-01
        63         3       -8.422275e-01
        64         3        6.543031e-01
        65         3       -1.230756e+00
        66         3       -1.745528e-01
        67         3       -3.459548e-03
        68         3        3.012379e-01
        69         3       -2.811063e+00
        70         3        2.833081e-01
        71         3       -2.243504e+00
        72         3        3.978239e-01
        73         3        1.204144e+00
        74         3        5.088942e-01
        75         3       -2.015521e+00
        76         3        1.736929e+00
        77         3        2.112448e-01
        78         3        2.199588e+00
        79         3       -4.392643e-01
        80         3        2.069657e-01
        81         3        1.020099e+00
        82         3        1.473864e+00
        83         3       -7.623552e-01
        84         3        1.353309e-01
        85         3        5.404461e-02
        86         3       -1.051892e+00
        87         3       -6.174377e-01
        88         3       -1.238139e+00
        89         3       -1.042446e+00
        90         3        7.440105e-01
        91         3       -1.040575e-01
        92         3       -1.534239e+00
        93         3        4.556139e-01
        94         3        4.149335e-01
        95         3        6.119015e-01
         1         4       -8.302794e-01
         2         4       -8.394175e-01
         3         4        1.043775e+00
         4         4        1.358466e-02
         5         4        2.711736e+00
         6         4       -1.238156e+00
         7         4       -4.748598e-01
         8         4       -1.553205e+00
         9         4       -1.198425e+00
        10         4        4.272478e-01
        11         4        6.745193e-01
        12         4        5.561642e-01
        13         4        1.959247e-01
        14         4       -1.046025e+00
        15         4       -1.544774e+00
        16         4        2.126065e-01
        17         4        1.487249e+00
        18         4       -1.063716e+00
        19         4        2.872819e-01
        20         4        1.140045e+00
        21         4        1.367652e-01
        22         4       -7.618698e-01
        23         4        2.810665e-01
        24         4        2.823239e-01
        25         4       -1.308017e+00
        26         4       -1.845498e-01
        27         4        1.925350e-01
        28         4       -9.512421e-01
        29         4        7.691399e-01
        30         4        3.473949e-01
        31         4        1.788872e-02
        32         4        4.283728e-01
        33         4        4.045757e-01
        34         4        7.651950e-02
        35         4        7.871647e-01
        36         4        1.825299e+00
        37         4       -1.189332e-01
        38         4        1.250470e-01
        39         4        2.505663e-01
        40         4        4.755184e-01
        41         4       -9.029088e-01
        42         4       -1.159258e+00
        43         4        1.262715e+00
        44         4       -1.401391e-01
        45         4        4.066881e-01
        46         4        3.383418e-01
        47         4       -1.932289e+00
        48         4       -1.130287e-01
        49         4       -2.039808e+00
        50         4        1.241000e+00
        51         4       -8.988706e-02
        52         4       -8.227936e-01
        53         4        9.934996e-01
        54         4       -9.596104e-01
        55         4        1.352852e-01
        56         4       -8.388992e-01
        57         4       -5.685004e-01
        58         4       -3.836838e-01
        59         4        8.345398e-01
        60         4       -6.757306e-01
        61         4        2.451881e-01
        62         4        1.292592e+00
        63         4        3.571377e-01
        64         4        1.258057e-01
        65         4       -5.488970e-02
        66         4        2.429937e-01
        67         4        2.453338e-02
        68         4        5.548350e-01
        69         4        1.661288e+00
        70         4        2.367655e-01
        71         4        1.728425e+00
        72         4       -9.409826e-03
        73         4        4.832982e-01
        74         4        2.275508e-03
        75         4       -7.830029e-01
        76         4       -8.088592e-01
        77         4       -8.390389e-01
        78         4        5.323179e-01
        79         4        1.028656e-01
        80         4       -6.881490e-01
        81         4       -7.445760e-01
        82         4        1.329004e-01
        83         4        3.021574e-03
        84         4        4.335046e-01
        85         4       -7.625468e-01
        86         4       -3.038516e-02
        87         4       -4.472553e-01
        88         4       -2.394956e-01
        89         4       -9.937776e-01
        90         4        2.222469e-01
        91         4        3.906983e-01
        92         4       -6.503050e-01
        93         4       -1.126730e+00
        94         4        5.376784e-01
        95         4        8.041515e-01
         1         5       -2.890811e-01
         2         5        6.054115e-01
         3         5        1.238612e-01
         4         5        5.656271e-02
         5         5        8.414492e-02
         6         5       -5.174934e-01
         7         5        7.189497e-01
         8         5        3.674975e-01
         9         5        1.087894e-01
        10         5        1.456502e-01
        11         5        1.147959e+00
        12         5        1.078526e+00
        13         5       -1.769334e+00
        14         5       -2.186408e+00
        15         5       -9.805894e-01
        16         5        1.744498e+00
        17         5        5.799881e-01
        18         5        9.278572e-01
        19         5       -4.212277e-01
        20         5       -3.084778e-01
        21         5       -7.087249e-01
        22         5        1.000827e+00
        23         5        7.295302e-01
        24         5        2.230246e+00
        25         5        3.403097e-02
        26         5        6.227102e-01
        27         5       -4.786645e-01
        28         5       -8.424898e-01
        29         5        4.538128e-01
        30         5       -7.031798e-01
        31         5       -3.715684e-01
        32         5        9.484466e-01
        33         5        2.349695e-01
        34         5       -1.166732e+00
        35         5        1.887646e+00
        36         5       -7.662921e-01
        37         5       -1.644699e+00
        38         5       -4.833228e-02
        39         5       -1.024525e+00
        40         5        3.198235e-01
        41         5       -8.555600e-01
        42         5       -1.262790e+00
        43         5        4.756176e-01
        44         5        9.523655e-01
        45         5        2.792580e-01
        46         5        5.754040e-01
        47         5        7.890375e-01
        48         5        5.309859e-01
        49         5        8.217007e-01
        50         5        4.288698e-01
        51         5        4.674633e-01
        52         5        9.857517e-01
        53         5       -1.243882e+00
        54         5        4.788850e-01
        55         5       -4.027714e-01
        56         5       -1.732717e+00
        57         5       -7.085539e-01
        58         5       -3.387676e-01
        59         5        2.002282e+00
        60         5        9.052644e-01
        61         5       -1.059396e+00
        62         5       -1.255210e+00
        63         5        6.994040e-02
        64         5        1.895387e+00
        65         5        1.931668e+00
        66         5        3.646164e-01
        67         5        1.412776e+00
        68         5        5.088351e-01
        69         5        1.236365e+00
        70         5        7.485127e-01
        71         5        2.299719e-01
        72         5        2.767847e+00
        73         5        2.412306e-01
        74         5        5.057708e-01
        75         5        4.090966e-01
        76         5       -8.314323e-01
        77         5       -2.062271e+00
        78         5        1.039302e+00
        79         5        8.003539e-01
        80         5        3.465697e-01
        81         5       -3.260280e-01
        82         5       -3.066766e-01
        83         5       -2.529871e-01
        84         5       -1.198712e+00
        85         5        6.631620e-02
        86         5        4.990681e-01
        87         5       -6.635109e-01
        88         5       -3.801251e-01
        89         5        2.023998e+00
        90         5        6.141770e-01
        91         5       -1.648822e+00
        92         5        9.732372e-01
        93         5        4.473371e-01
        94         5       -3.649439e-01
        95         5        1.120495e+00
;

param theta:=
    1       -7.309104e-01
    2       -2.171479e-01
    3        1.210787e-01
    4       -2.665849e+00
    5       -2.384615e-02
;
param X_true:=
    1        3.219311e+00
    2        1.644770e+00
    3       -1.810662e+00
    4       -1.989409e-01
    5       -9.045179e+00
    6        3.963752e+00
    7        1.032277e+00
    8        4.708942e+00
    9        2.686975e+00
   10       -1.032477e+00
   11       -2.401666e+00
   12       -2.090665e+00
   13        9.660061e-01
   14        3.720656e+00
   15        4.909707e+00
   16        1.436553e-01
   17       -4.790562e+00
   18        3.509643e+00
   19       -9.942762e-01
   20       -2.217173e+00
   21       -7.255761e-01
   22        2.905640e+00
   23        2.737923e-01
   24       -1.187162e+00
   25        4.075639e+00
   26        1.367511e+00
   27       -2.137083e+00
   28        1.523126e+00
   29       -2.534579e+00
   30       -2.355063e-01
   31       -1.909834e+00
   32       -1.636810e+00
   33       -1.381571e+00
   34       -1.622110e+00
   35       -1.869623e+00
   36       -5.523452e+00
   37        9.986932e-01
   38       -3.311312e-01
   39        2.653237e-01
   40       -2.089051e+00
   41        2.271227e+00
   42        3.935885e+00
   43       -2.940792e+00
   44        8.856140e-02
   45       -9.412639e-01
   46       -1.115283e+00
   47        5.779455e+00
   48        1.886193e+00
   49        4.797190e+00
   50       -2.569625e+00
   51        1.432276e+00
   52        1.816888e+00
   53       -2.425995e+00
   54        3.747695e+00
   55       -6.674408e-01
   56        1.675694e+00
   57        1.863156e+00
   58        7.823088e-01
   59       -2.935995e+00
   60        8.637458e-01
   61       -5.117622e-01
   62       -2.689398e+00
   63       -1.339364e+00
   64       -2.891363e-01
   65        3.902541e-01
   66       -1.192982e+00
   67       -3.695496e-01
   68       -1.431465e+00
   69       -4.471490e+00
   70        4.387273e-01
   71       -3.529140e+00
   72       -3.971114e-01
   73       -1.020944e+00
   74       -4.968482e-01
   75        1.509048e+00
   76        3.441365e+00
   77        2.287710e+00
   78       -5.255792e-01
   79        2.169547e-01
   80        1.582450e+00
   81        2.611936e+00
   82        2.886996e-01
   83       -1.348771e+00
   84       -1.002307e+00
   85        2.999409e+00
   86        1.964804e+00
   87        2.577844e+00
   88        1.168482e+00
   89        2.471934e+00
   90       -8.177320e-01
   91        6.601396e-01
   92        1.648242e+00
   93        1.685819e+00
   94       -1.220008e+00
   95       -1.347125e+00
;
param X:=
    1        3.219311e+00
    2        1.644770e+00
    3       -1.810662e+00
    4       -1.989409e-01
    5       -9.045179e+00
    6        3.963752e+00
    7        1.032277e+00
    8        4.708942e+00
    9        2.686975e+00
   10       -1.032477e+00
   11       -2.401666e+00
   12       -2.090665e+00
   13        9.660061e-01
   14        3.720656e+00
   15        4.909707e+00
   16       -5.447639e-01
   17       -4.790562e+00
   18        3.509643e+00
   19       -8.425508e-01
   20       -2.217173e+00
   21       -7.255761e-01
   22        2.905640e+00
   23        1.543239e+00
   24       -1.187162e+00
   25        4.075639e+00
   26        1.367511e+00
   27       -2.137083e+00
   28        1.523126e+00
   29       -2.534579e+00
   30       -2.355063e-01
   31       -1.909834e+00
   32       -1.636810e+00
   33       -1.381571e+00
   34       -1.622110e+00
   35       -1.869623e+00
   36       -5.523452e+00
   37        9.986932e-01
   38       -3.311312e-01
   39        2.653237e-01
   40       -2.089051e+00
   41        2.271227e+00
   42        3.935885e+00
   43       -2.940792e+00
   44        8.856140e-02
   45       -9.412639e-01
   46       -1.115283e+00
   47        5.779455e+00
   48        1.886193e+00
   49        4.797190e+00
   50       -2.569625e+00
   51        1.432276e+00
   52        1.816888e+00
   53       -2.425995e+00
   54        3.747695e+00
   55       -6.674408e-01
   56        1.675694e+00
   57        1.863156e+00
   58        7.823088e-01
   59       -2.935995e+00
   60        8.637458e-01
   61       -5.117622e-01
   62       -2.689398e+00
   63       -1.339364e+00
   64       -2.891363e-01
   65        3.902541e-01
   66       -1.192982e+00
   67       -3.695496e-01
   68       -1.431465e+00
   69       -4.471490e+00
   70        4.387273e-01
   71       -3.529140e+00
   72       -3.971114e-01
   73       -1.888149e-01
   74       -4.968482e-01
   75        1.509048e+00
   76        3.441365e+00
   77        2.287710e+00
   78       -5.255792e-01
   79        2.169547e-01
   80        1.582450e+00
   81        2.611936e+00
   82        2.886996e-01
   83       -5.475785e-01
   84       -1.002307e+00
   85        2.999409e+00
   86        1.964804e+00
   87        2.577844e+00
   88        1.168482e+00
   89        2.471934e+00
   90       -8.177320e-01
   91        6.601396e-01
   92        1.648242e+00
   93        1.685819e+00
   94       -1.220008e+00
   95       -1.347125e+00
;
param outliervec:=
    1    0
    2    0
    3    0
    4    0
    5    0
    6    0
    7    0
    8    0
    9    0
   10    0
   11    0
   12    0
   13    0
   14    0
   15    0
   16    1
   17    0
   18    0
   19    1
   20    0
   21    0
   22    0
   23    1
   24    0
   25    0
   26    0
   27    0
   28    0
   29    0
   30    0
   31    0
   32    0
   33    0
   34    0
   35    0
   36    0
   37    0
   38    0
   39    0
   40    0
   41    0
   42    0
   43    0
   44    0
   45    0
   46    0
   47    0
   48    0
   49    0
   50    0
   51    0
   52    0
   53    0
   54    0
   55    0
   56    0
   57    0
   58    0
   59    0
   60    0
   61    0
   62    0
   63    0
   64    0
   65    0
   66    0
   67    0
   68    0
   69    0
   70    0
   71    0
   72    0
   73    1
   74    0
   75    0
   76    0
   77    0
   78    0
   79    0
   80    0
   81    0
   82    0
   83    1
   84    0
   85    0
   86    0
   87    0
   88    0
   89    0
   90    0
   91    0
   92    0
   93    0
   94    0
   95    0
; 
param greedy_time :=         5.596415e-02
;