data;


param FN:= 0;
param D:= 100;
param U_Original:=
         1         1        8.081776e-01
         2         1       -3.126064e-02
         3         1       -1.373315e+00
         4         1       -5.766207e-01
         5         1        2.080797e-01
         6         1       -1.224211e-01
         7         1       -7.039811e-01
         8         1       -8.475659e-01
         9         1        1.034297e-01
        10         1        1.126563e+00
        11         1        1.842015e-01
        12         1       -2.293057e+00
        13         1       -3.719015e-01
        14         1        4.753695e-01
        15         1       -2.215581e+00
        16         1        1.354956e+00
        17         1       -1.678320e-02
        18         1       -2.728629e+00
        19         1       -1.444258e+00
        20         1        9.502715e-01
        21         1        1.251288e+00
        22         1       -1.882350e-01
        23         1        9.773342e-01
        24         1        7.319031e-01
        25         1       -7.684440e-02
        26         1        8.279359e-01
        27         1        1.884246e+00
        28         1       -1.894881e-01
        29         1        2.262432e-01
        30         1        1.388802e+00
        31         1       -2.731353e-01
        32         1       -5.489302e-01
        33         1       -1.410647e-01
        34         1        1.281744e+00
        35         1       -7.844247e-01
        36         1        1.455545e+00
        37         1       -5.641376e-02
        38         1       -1.657087e+00
        39         1        6.402754e-01
        40         1        5.662924e-02
        41         1        5.796406e-02
        42         1       -8.757631e-02
        43         1        9.580516e-01
        44         1       -1.725298e+00
        45         1       -5.768381e-01
        46         1       -3.055542e-01
        47         1       -3.659626e-01
        48         1        9.139558e-01
        49         1        3.799402e-01
        50         1       -1.411624e-01
        51         1        2.856499e-01
        52         1        1.837185e+00
        53         1        7.683817e-01
        54         1       -9.801662e-01
        55         1       -1.034752e+00
        56         1       -1.950923e-03
        57         1       -4.080949e-01
        58         1        9.513110e-02
        59         1        2.541153e-01
        60         1       -5.251780e-01
        61         1        3.341368e-01
        62         1       -2.266459e+00
        63         1       -2.436704e-02
        64         1        5.442784e-01
        65         1       -1.059378e+00
        66         1       -1.302506e+00
        67         1        4.546436e-01
        68         1       -4.375087e-01
        69         1        3.868250e-01
        70         1        4.060677e-01
        71         1       -1.092741e+00
        72         1       -9.806051e-01
        73         1       -2.854284e+00
        74         1       -9.653901e-01
        75         1       -4.603279e-01
        76         1       -3.862924e-01
        77         1        1.921512e+00
        78         1        1.576493e+00
        79         1        1.244741e+00
        80         1        2.673057e-01
        81         1       -7.249062e-01
        82         1       -3.034263e+00
        83         1        6.543572e-01
        84         1       -1.839127e+00
        85         1        1.629731e+00
        86         1       -1.278775e+00
        87         1       -8.231857e-01
        88         1        1.093285e+00
        89         1       -1.200266e+00
        90         1        7.501570e-01
        91         1       -1.585243e+00
        92         1       -1.125355e+00
        93         1        6.425193e-01
        94         1       -2.756452e-01
        95         1        2.841448e-01
        96         1        6.965795e-01
        97         1       -6.785553e-01
        98         1       -2.903778e-01
        99         1        9.393933e-01
       100         1        1.566612e+00
         1         2       -4.258830e-02
         2         2       -1.088168e-01
         3         2        1.752562e-01
         4         2       -6.120305e-01
         5         2        8.134549e-01
         6         2        3.952576e-01
         7         2       -4.344401e-01
         8         2       -7.484679e-01
         9         2       -2.470517e-01
        10         2        2.488561e+00
        11         2        2.491722e+00
        12         2       -2.329702e-01
        13         2       -1.896392e+00
        14         2        1.258892e+00
        15         2        1.147891e-01
        16         2       -8.760523e-01
        17         2       -7.143995e-01
        18         2        1.202416e+00
        19         2       -5.171113e-01
        20         2        4.375476e-01
        21         2       -1.164792e+00
        22         2        1.464059e+00
        23         2        4.035297e-01
        24         2       -1.768598e+00
        25         2       -2.462573e-01
        26         2        1.429940e+00
        27         2       -1.259969e+00
        28         2        3.257192e-01
        29         2        8.197900e-01
        30         2       -5.896737e-02
        31         2       -1.027219e+00
        32         2        7.351328e-03
        33         2        9.658903e-01
        34         2        2.041302e-01
        35         2        8.169591e-01
        36         2       -1.894572e-01
        37         2        8.444923e-01
        38         2        3.190758e-01
        39         2       -1.477747e-01
        40         2        1.306942e+00
        41         2        5.024669e-01
        42         2       -7.682777e-01
        43         2        6.486833e-01
        44         2       -3.297661e-01
        45         2       -1.099142e-01
        46         2       -8.199201e-01
        47         2        1.161789e+00
        48         2        2.295251e-01
        49         2        1.665886e-01
        50         2        2.616752e-02
        51         2        8.149244e-01
        52         2       -1.247401e+00
        53         2       -9.527596e-01
        54         2        6.633711e-01
        55         2        5.041311e-01
        56         2        2.116453e+00
        57         2       -1.042180e+00
        58         2        8.775988e-01
        59         2       -7.756187e-01
        60         2       -1.748278e+00
        61         2       -4.855152e-01
        62         2       -3.048414e-02
        63         2        9.488718e-01
        64         2       -1.872936e-01
        65         2       -6.407170e-01
        66         2        1.505100e-01
        67         2       -8.771560e-01
        68         2       -1.327682e+00
        69         2       -4.211276e-01
        70         2        3.039491e-01
        71         2        6.709641e-01
        72         2        6.531962e-01
        73         2        3.032088e-01
        74         2       -1.634438e+00
        75         2       -1.378968e+00
        76         2        1.259698e-01
        77         2        1.081670e+00
        78         2        1.791625e+00
        79         2        7.192826e-01
        80         2       -6.540975e-01
        81         2       -3.345638e-01
        82         2        7.673846e-01
        83         2       -1.451332e+00
        84         2        2.737027e+00
        85         2       -1.349859e+00
        86         2        1.257745e+00
        87         2        1.269964e+00
        88         2       -3.160818e-01
        89         2       -3.546696e-01
        90         2        4.037904e-01
        91         2        3.394250e-01
        92         2       -9.074310e-01
        93         2        2.979458e-01
        94         2       -1.284693e+00
        95         2       -8.141420e-01
        96         2       -4.929842e-01
        97         2       -7.302580e-02
        98         2        8.572628e-01
        99         2        4.384308e-01
       100         2       -2.518358e-01
         1         3        3.977950e-01
         2         3       -1.197587e+00
         3         3       -1.603262e+00
         4         3        5.643263e-01
         5         3       -7.786771e-01
         6         3        7.921714e-01
         7         3        1.987374e-01
         8         3        9.315898e-02
         9         3       -1.021265e+00
        10         3        1.187755e+00
        11         3        2.494713e-01
        12         3       -1.092583e+00
        13         3       -6.621253e-01
        14         3       -5.900814e-01
        15         3        5.705135e-01
        16         3        1.315230e+00
        17         3       -9.890734e-01
        18         3        5.070727e-01
        19         3        1.509091e+00
        20         3        8.741398e-01
        21         3        6.752461e-01
        22         3       -4.577170e-02
        23         3        5.536661e-02
        24         3        6.537282e-01
        25         3        2.936237e-01
        26         3        7.206588e-01
        27         3       -7.504037e-01
        28         3        3.902401e-02
        29         3       -4.077606e-01
        30         3        1.773422e+00
        31         3        1.462975e+00
        32         3        2.249780e-01
        33         3       -2.176214e-01
        34         3       -9.936063e-01
        35         3       -8.899373e-01
        36         3        1.158386e+00
        37         3        3.529875e-01
        38         3        5.804258e-01
        39         3        9.076971e-01
        40         3       -3.485259e-01
        41         3        6.215989e-01
        42         3       -5.473392e-02
        43         3        2.449665e+00
        44         3        4.186740e-02
        45         3        7.854960e-01
        46         3       -2.424268e-01
        47         3       -1.570682e+00
        48         3        8.686055e-01
        49         3       -2.886175e-01
        50         3       -2.571533e-02
        51         3       -9.212438e-01
        52         3       -2.607398e-01
        53         3        1.162657e+00
        54         3        1.267666e-01
        55         3       -1.049094e+00
        56         3        1.395402e+00
        57         3       -1.426655e+00
        58         3       -7.511065e-02
        59         3        3.164066e-01
        60         3       -5.146882e-01
        61         3       -2.742814e-01
        62         3        9.296986e-01
        63         3        4.879046e-01
        64         3        1.224773e-01
        65         3       -2.330489e+00
        66         3       -1.512804e-01
        67         3        5.093984e-01
        68         3       -2.047275e+00
        69         3       -1.571892e+00
        70         3        2.412974e+00
        71         3        8.191597e-01
        72         3       -1.561361e-01
        73         3        7.290265e-01
        74         3        4.857814e-01
        75         3       -5.908451e-01
        76         3       -1.442518e+00
        77         3       -4.322066e-01
        78         3       -1.435847e+00
        79         3        2.461121e+00
        80         3        2.968770e-03
        81         3        1.085047e+00
        82         3       -6.980772e-01
        83         3        3.692884e-02
        84         3        1.330903e+00
        85         3       -8.905726e-01
        86         3       -1.574613e+00
        87         3        1.082932e+00
        88         3       -1.970769e+00
        89         3       -1.904936e-01
        90         3        2.679868e-01
        91         3       -9.173201e-01
        92         3        1.666944e+00
        93         3        2.132790e+00
        94         3       -2.835192e-01
        95         3        4.888834e-01
        96         3       -1.807705e+00
        97         3        2.390178e-01
        98         3        7.940875e-01
        99         3       -6.047845e-01
       100         3       -1.194621e+00
         1         4        2.561034e+00
         2         4       -8.387940e-01
         3         4        4.965919e-01
         4         4       -4.580833e-02
         5         4        8.513739e-02
         6         4       -1.038097e+00
         7         4       -3.433689e-01
         8         4        1.326477e+00
         9         4       -1.991490e+00
        10         4        5.479779e-01
        11         4        1.539609e+00
        12         4        3.668700e-01
        13         4        8.462804e-01
        14         4        1.277371e+00
        15         4        1.522442e-01
        16         4        3.377710e-01
        17         4        7.851914e-02
        18         4        5.696676e-01
        19         4        1.703311e+00
        20         4       -7.838462e-01
        21         4       -5.361757e-01
        22         4        7.802090e-01
        23         4       -4.473573e-01
        24         4        3.482804e+00
        25         4        4.703207e-01
        26         4       -4.474336e-01
        27         4       -1.135491e-01
        28         4       -1.178690e+00
        29         4       -9.440067e-01
        30         4       -1.173705e+00
        31         4        1.020807e+00
        32         4        4.534031e-01
        33         4       -3.419714e-01
        34         4       -4.772463e-01
        35         4       -1.415259e+00
        36         4        1.163437e+00
        37         4       -7.169642e-01
        38         4       -4.343816e-01
        39         4       -6.600072e-01
        40         4       -6.380004e-01
        41         4        1.152657e+00
        42         4       -1.390679e+00
        43         4       -1.935329e+00
        44         4       -1.473208e+00
        45         4       -1.962746e-01
        46         4       -2.281988e-01
        47         4       -1.306943e+00
        48         4        3.470479e-02
        49         4       -4.261059e-01
        50         4       -2.488609e-02
        51         4        1.171096e+00
        52         4        1.288663e+00
        53         4        3.794360e-01
        54         4       -2.521458e+00
        55         4       -6.049763e-01
        56         4        5.262834e-01
        57         4        2.789534e-01
        58         4        8.673141e-01
        59         4        1.198553e+00
        60         4        9.608475e-01
        61         4       -3.363881e-01
        62         4       -1.215476e-01
        63         4        3.100329e-02
        64         4       -1.956349e+00
        65         4       -7.082295e-01
        66         4       -1.761068e+00
        67         4       -5.935041e-01
        68         4       -2.151937e+00
        69         4        8.544062e-01
        70         4        1.948630e-01
        71         4       -3.207682e-01
        72         4       -1.042702e+00
        73         4        1.364155e+00
        74         4       -1.155456e+00
        75         4        3.564448e-01
        76         4       -3.671673e-01
        77         4        9.703823e-01
        78         4        1.251341e+00
        79         4       -3.828826e-01
        80         4        7.406340e-01
        81         4       -9.252734e-02
        82         4       -1.837256e+00
        83         4       -1.923704e-01
        84         4        7.711003e-01
        85         4        1.311844e+00
        86         4        6.141392e-01
        87         4       -7.941581e-01
        88         4        3.810800e-01
        89         4        1.043034e+00
        90         4        9.660683e-01
        91         4       -1.218527e+00
        92         4       -7.343370e-01
        93         4       -8.054673e-01
        94         4        4.469006e-01
        95         4       -1.642933e+00
        96         4        2.367715e-01
        97         4        1.407410e+00
        98         4       -2.425161e+00
        99         4        4.489230e-02
       100         4       -9.048977e-01
         1         5        6.258672e-01
         2         5        1.866813e+00
         3         5        5.991089e-02
         4         5       -4.813507e-01
         5         5       -6.368874e-01
         6         5        6.345614e-01
         7         5        3.121539e-01
         8         5        7.630038e-01
         9         5       -1.860348e-02
        10         5        3.168124e-01
        11         5       -9.986974e-01
        12         5       -1.996104e+00
        13         5        1.621272e+00
        14         5        4.089819e-01
        15         5        1.221744e+00
        16         5        9.688089e-01
        17         5       -9.778625e-01
        18         5        1.553687e+00
        19         5       -6.281948e-01
        20         5        1.612056e+00
        21         5       -6.440938e-01
        22         5        1.962501e-01
        23         5        1.291660e+00
        24         5        1.712474e+00
        25         5       -2.091263e-01
        26         5       -6.257880e-01
        27         5       -4.607689e-01
        28         5        1.024985e-01
        29         5       -4.853316e-02
        30         5        4.052049e-01
        31         5        1.928433e-01
        32         5        4.616032e-01
        33         5        9.658042e-01
        34         5       -3.263006e-01
        35         5       -8.975409e-01
        36         5       -9.864008e-01
        37         5       -5.878812e-01
        38         5       -1.158545e+00
        39         5        3.623469e-01
        40         5        5.757129e-01
        41         5       -2.710608e+00
        42         5       -8.699662e-01
        43         5       -8.526794e-03
        44         5        3.775771e-01
        45         5       -1.974627e-01
        46         5        3.644365e-01
        47         5        1.057096e-01
        48         5        2.677034e-01
        49         5        1.071347e+00
        50         5        1.605425e+00
        51         5        1.590962e-01
        52         5        1.429274e+00
        53         5       -1.152206e+00
        54         5       -1.743870e+00
        55         5       -1.069494e+00
        56         5       -1.792372e+00
        57         5       -1.089974e+00
        58         5       -2.528132e-02
        59         5       -1.030028e+00
        60         5        8.914809e-01
        61         5       -5.069636e-01
        62         5       -1.577228e+00
        63         5       -1.169413e+00
        64         5       -2.866134e-01
        65         5       -8.503420e-01
        66         5        1.952243e+00
        67         5        4.437759e-02
        68         5        1.129466e+00
        69         5       -1.149109e-01
        70         5       -1.725698e+00
        71         5        9.379406e-01
        72         5       -1.487989e+00
        73         5        1.104667e+00
        74         5       -1.116773e-01
        75         5        1.093309e+00
        76         5        2.127700e-01
        77         5        7.575033e-01
        78         5        2.043406e+00
        79         5       -9.357249e-01
        80         5       -8.063335e-01
        81         5       -1.231331e+00
        82         5       -4.180197e-01
        83         5       -1.338868e+00
        84         5       -1.349145e+00
        85         5       -1.133428e+00
        86         5       -1.062053e+00
        87         5       -2.837742e-01
        88         5       -4.326682e-01
        89         5        2.126122e+00
        90         5        1.069826e+00
        91         5       -6.089494e-01
        92         5       -1.170327e+00
        93         5       -1.268142e-01
        94         5        5.732067e-01
        95         5       -2.733063e-01
        96         5        2.512563e-01
        97         5        1.349628e+00
        98         5        7.823820e-01
        99         5       -1.858046e+00
       100         5        1.477825e+00
;
param X_Original:=
    1       -7.218131e-01
    2       -3.707931e+00
    3       -3.523421e+00
    4        1.424062e+00
    5       -5.200552e-01
    6       -6.324293e-01
    7       -3.629249e-01
    8       -1.853656e+00
    9        4.138067e-01
   10       -2.682047e-01
   11       -1.379702e+00
   12        3.159592e-02
   13       -1.822670e+00
   14       -2.625466e+00
   15       -1.547061e-01
   16       -1.762945e+00
   17        1.443056e+00
   18       -6.767146e+00
   19        8.229867e-01
   20       -1.151463e+00
   21        4.650675e+00
   22       -2.606461e+00
   23       -1.294209e+00
   24       -5.899841e-01
   25        7.488395e-01
   26        3.720697e-01
   27        3.771254e+00
   28        1.235912e+00
   29       -7.044577e-01
   30        2.975636e+00
   31        1.340624e+00
   32        1.236736e+00
   33       -3.104023e+00
   34        9.380104e-01
   35       -7.547865e-01
   36        4.160330e+00
   37        5.963135e-01
   38        5.979294e-01
   39        1.337053e+00
   40       -2.506709e+00
   41        4.115295e+00
   42        2.663927e+00
   43        3.170190e+00
   44       -1.633493e+00
   45        6.600169e-01
   46       -1.791540e-01
   47        1.484929e+00
   48        8.757420e-01
   49       -1.788987e+00
   50       -2.950222e+00
   51       -2.423179e+00
   52        3.381035e-01
   53        4.844728e+00
   54        2.235887e+00
   55       -6.754024e-01
   56       -4.207204e-01
   57        1.243946e+00
   58       -1.410003e+00
   59        2.850976e+00
   60       -2.879592e+00
   61       -6.371595e-01
   62       -8.493772e-01
   63        1.233649e+00
   64        2.219355e+00
   65       -4.209774e-01
   66        1.436853e+00
   67        6.722380e-01
   68       -1.864844e+00
   69       -5.926098e-01
   70       -2.336376e-02
   71       -2.150274e+00
   72        3.327441e-01
   73       -5.216985e+00
   74        1.965509e+00
   75       -1.131569e+00
   76       -2.080865e+00
   77       -1.295102e+00
   78        2.142456e-01
   79        4.447055e+00
   80        7.865456e-01
   81        2.717977e+00
   82        9.491928e-01
   83       -8.396931e-01
   84        7.420967e-01
   85       -1.187823e+00
   86       -2.947411e+00
   87       -8.285531e-01
   88        4.748504e-01
   89       -5.184101e+00
   90       -1.546552e+00
   91       -1.609234e+00
   92        3.736501e+00
   93        1.425369e+00
   94       -9.332373e-01
   95        2.738723e+00
   96       -6.108122e-01
   97       -3.138611e-03
   98       -1.048326e+00
   99        3.148649e+00
  100       -1.078104e+00
;
param outliervec_original :=
    1    0
    2    0
    3    0
    4    0
    5    1
    6    0
    7    0
    8    0
    9    0
   10    1
   11    0
   12    0
   13    0
   14    0
   15    1
   16    1
   17    1
   18    0
   19    0
   20    0
   21    0
   22    0
   23    0
   24    0
   25    0
   26    1
   27    0
   28    1
   29    0
   30    0
   31    0
   32    1
   33    0
   34    0
   35    1
   36    0
   37    0
   38    0
   39    0
   40    0
   41    0
   42    0
   43    0
   44    0
   45    0
   46    0
   47    1
   48    0
   49    0
   50    0
   51    0
   52    0
   53    0
   54    0
   55    0
   56    1
   57    0
   58    0
   59    0
   60    1
   61    1
   62    1
   63    0
   64    0
   65    1
   66    1
   67    1
   68    0
   69    0
   70    1
   71    1
   72    1
   73    0
   74    0
   75    1
   76    0
   77    0
   78    1
   79    0
   80    1
   81    0
   82    1
   83    1
   84    1
   85    1
   86    0
   87    0
   88    0
   89    0
   90    0
   91    0
   92    0
   93    1
   94    1
   95    0
   96    1
   97    1
   98    0
   99    0
  100    0
;
param d:= 84;
param r:=5;
param p:=0.300000;
param M:=1000;
param U:=
         1         1        8.081776e-01
         2         1       -3.126064e-02
         3         1       -1.373315e+00
         4         1       -5.766207e-01
         5         1        2.080797e-01
         6         1       -1.224211e-01
         7         1       -7.039811e-01
         8         1       -8.475659e-01
         9         1        1.034297e-01
        10         1        1.126563e+00
        11         1        1.842015e-01
        12         1       -2.293057e+00
        13         1       -3.719015e-01
        14         1        4.753695e-01
        15         1       -1.678320e-02
        16         1       -2.728629e+00
        17         1       -1.444258e+00
        18         1        9.502715e-01
        19         1        1.251288e+00
        20         1       -1.882350e-01
        21         1        9.773342e-01
        22         1        7.319031e-01
        23         1       -7.684440e-02
        24         1        8.279359e-01
        25         1        1.884246e+00
        26         1       -1.894881e-01
        27         1        2.262432e-01
        28         1        1.388802e+00
        29         1       -2.731353e-01
        30         1       -1.410647e-01
        31         1        1.281744e+00
        32         1       -7.844247e-01
        33         1        1.455545e+00
        34         1       -5.641376e-02
        35         1       -1.657087e+00
        36         1        6.402754e-01
        37         1        5.662924e-02
        38         1        5.796406e-02
        39         1       -8.757631e-02
        40         1        9.580516e-01
        41         1       -1.725298e+00
        42         1       -5.768381e-01
        43         1       -3.055542e-01
        44         1        9.139558e-01
        45         1        3.799402e-01
        46         1       -1.411624e-01
        47         1        2.856499e-01
        48         1        1.837185e+00
        49         1        7.683817e-01
        50         1       -9.801662e-01
        51         1       -1.034752e+00
        52         1       -4.080949e-01
        53         1        9.513110e-02
        54         1        2.541153e-01
        55         1       -2.436704e-02
        56         1        5.442784e-01
        57         1       -1.059378e+00
        58         1        4.546436e-01
        59         1       -4.375087e-01
        60         1        3.868250e-01
        61         1       -1.092741e+00
        62         1       -9.806051e-01
        63         1       -2.854284e+00
        64         1       -9.653901e-01
        65         1       -4.603279e-01
        66         1       -3.862924e-01
        67         1        1.921512e+00
        68         1        1.244741e+00
        69         1        2.673057e-01
        70         1       -7.249062e-01
        71         1       -1.278775e+00
        72         1       -8.231857e-01
        73         1        1.093285e+00
        74         1       -1.200266e+00
        75         1        7.501570e-01
        76         1       -1.585243e+00
        77         1       -1.125355e+00
        78         1        6.425193e-01
        79         1       -2.756452e-01
        80         1        2.841448e-01
        81         1        6.965795e-01
        82         1       -2.903778e-01
        83         1        9.393933e-01
        84         1        1.566612e+00
         1         2       -4.258830e-02
         2         2       -1.088168e-01
         3         2        1.752562e-01
         4         2       -6.120305e-01
         5         2        8.134549e-01
         6         2        3.952576e-01
         7         2       -4.344401e-01
         8         2       -7.484679e-01
         9         2       -2.470517e-01
        10         2        2.488561e+00
        11         2        2.491722e+00
        12         2       -2.329702e-01
        13         2       -1.896392e+00
        14         2        1.258892e+00
        15         2       -7.143995e-01
        16         2        1.202416e+00
        17         2       -5.171113e-01
        18         2        4.375476e-01
        19         2       -1.164792e+00
        20         2        1.464059e+00
        21         2        4.035297e-01
        22         2       -1.768598e+00
        23         2       -2.462573e-01
        24         2        1.429940e+00
        25         2       -1.259969e+00
        26         2        3.257192e-01
        27         2        8.197900e-01
        28         2       -5.896737e-02
        29         2       -1.027219e+00
        30         2        9.658903e-01
        31         2        2.041302e-01
        32         2        8.169591e-01
        33         2       -1.894572e-01
        34         2        8.444923e-01
        35         2        3.190758e-01
        36         2       -1.477747e-01
        37         2        1.306942e+00
        38         2        5.024669e-01
        39         2       -7.682777e-01
        40         2        6.486833e-01
        41         2       -3.297661e-01
        42         2       -1.099142e-01
        43         2       -8.199201e-01
        44         2        2.295251e-01
        45         2        1.665886e-01
        46         2        2.616752e-02
        47         2        8.149244e-01
        48         2       -1.247401e+00
        49         2       -9.527596e-01
        50         2        6.633711e-01
        51         2        5.041311e-01
        52         2       -1.042180e+00
        53         2        8.775988e-01
        54         2       -7.756187e-01
        55         2        9.488718e-01
        56         2       -1.872936e-01
        57         2       -6.407170e-01
        58         2       -8.771560e-01
        59         2       -1.327682e+00
        60         2       -4.211276e-01
        61         2        6.709641e-01
        62         2        6.531962e-01
        63         2        3.032088e-01
        64         2       -1.634438e+00
        65         2       -1.378968e+00
        66         2        1.259698e-01
        67         2        1.081670e+00
        68         2        7.192826e-01
        69         2       -6.540975e-01
        70         2       -3.345638e-01
        71         2        1.257745e+00
        72         2        1.269964e+00
        73         2       -3.160818e-01
        74         2       -3.546696e-01
        75         2        4.037904e-01
        76         2        3.394250e-01
        77         2       -9.074310e-01
        78         2        2.979458e-01
        79         2       -1.284693e+00
        80         2       -8.141420e-01
        81         2       -4.929842e-01
        82         2        8.572628e-01
        83         2        4.384308e-01
        84         2       -2.518358e-01
         1         3        3.977950e-01
         2         3       -1.197587e+00
         3         3       -1.603262e+00
         4         3        5.643263e-01
         5         3       -7.786771e-01
         6         3        7.921714e-01
         7         3        1.987374e-01
         8         3        9.315898e-02
         9         3       -1.021265e+00
        10         3        1.187755e+00
        11         3        2.494713e-01
        12         3       -1.092583e+00
        13         3       -6.621253e-01
        14         3       -5.900814e-01
        15         3       -9.890734e-01
        16         3        5.070727e-01
        17         3        1.509091e+00
        18         3        8.741398e-01
        19         3        6.752461e-01
        20         3       -4.577170e-02
        21         3        5.536661e-02
        22         3        6.537282e-01
        23         3        2.936237e-01
        24         3        7.206588e-01
        25         3       -7.504037e-01
        26         3        3.902401e-02
        27         3       -4.077606e-01
        28         3        1.773422e+00
        29         3        1.462975e+00
        30         3       -2.176214e-01
        31         3       -9.936063e-01
        32         3       -8.899373e-01
        33         3        1.158386e+00
        34         3        3.529875e-01
        35         3        5.804258e-01
        36         3        9.076971e-01
        37         3       -3.485259e-01
        38         3        6.215989e-01
        39         3       -5.473392e-02
        40         3        2.449665e+00
        41         3        4.186740e-02
        42         3        7.854960e-01
        43         3       -2.424268e-01
        44         3        8.686055e-01
        45         3       -2.886175e-01
        46         3       -2.571533e-02
        47         3       -9.212438e-01
        48         3       -2.607398e-01
        49         3        1.162657e+00
        50         3        1.267666e-01
        51         3       -1.049094e+00
        52         3       -1.426655e+00
        53         3       -7.511065e-02
        54         3        3.164066e-01
        55         3        4.879046e-01
        56         3        1.224773e-01
        57         3       -2.330489e+00
        58         3        5.093984e-01
        59         3       -2.047275e+00
        60         3       -1.571892e+00
        61         3        8.191597e-01
        62         3       -1.561361e-01
        63         3        7.290265e-01
        64         3        4.857814e-01
        65         3       -5.908451e-01
        66         3       -1.442518e+00
        67         3       -4.322066e-01
        68         3        2.461121e+00
        69         3        2.968770e-03
        70         3        1.085047e+00
        71         3       -1.574613e+00
        72         3        1.082932e+00
        73         3       -1.970769e+00
        74         3       -1.904936e-01
        75         3        2.679868e-01
        76         3       -9.173201e-01
        77         3        1.666944e+00
        78         3        2.132790e+00
        79         3       -2.835192e-01
        80         3        4.888834e-01
        81         3       -1.807705e+00
        82         3        7.940875e-01
        83         3       -6.047845e-01
        84         3       -1.194621e+00
         1         4        2.561034e+00
         2         4       -8.387940e-01
         3         4        4.965919e-01
         4         4       -4.580833e-02
         5         4        8.513739e-02
         6         4       -1.038097e+00
         7         4       -3.433689e-01
         8         4        1.326477e+00
         9         4       -1.991490e+00
        10         4        5.479779e-01
        11         4        1.539609e+00
        12         4        3.668700e-01
        13         4        8.462804e-01
        14         4        1.277371e+00
        15         4        7.851914e-02
        16         4        5.696676e-01
        17         4        1.703311e+00
        18         4       -7.838462e-01
        19         4       -5.361757e-01
        20         4        7.802090e-01
        21         4       -4.473573e-01
        22         4        3.482804e+00
        23         4        4.703207e-01
        24         4       -4.474336e-01
        25         4       -1.135491e-01
        26         4       -1.178690e+00
        27         4       -9.440067e-01
        28         4       -1.173705e+00
        29         4        1.020807e+00
        30         4       -3.419714e-01
        31         4       -4.772463e-01
        32         4       -1.415259e+00
        33         4        1.163437e+00
        34         4       -7.169642e-01
        35         4       -4.343816e-01
        36         4       -6.600072e-01
        37         4       -6.380004e-01
        38         4        1.152657e+00
        39         4       -1.390679e+00
        40         4       -1.935329e+00
        41         4       -1.473208e+00
        42         4       -1.962746e-01
        43         4       -2.281988e-01
        44         4        3.470479e-02
        45         4       -4.261059e-01
        46         4       -2.488609e-02
        47         4        1.171096e+00
        48         4        1.288663e+00
        49         4        3.794360e-01
        50         4       -2.521458e+00
        51         4       -6.049763e-01
        52         4        2.789534e-01
        53         4        8.673141e-01
        54         4        1.198553e+00
        55         4        3.100329e-02
        56         4       -1.956349e+00
        57         4       -7.082295e-01
        58         4       -5.935041e-01
        59         4       -2.151937e+00
        60         4        8.544062e-01
        61         4       -3.207682e-01
        62         4       -1.042702e+00
        63         4        1.364155e+00
        64         4       -1.155456e+00
        65         4        3.564448e-01
        66         4       -3.671673e-01
        67         4        9.703823e-01
        68         4       -3.828826e-01
        69         4        7.406340e-01
        70         4       -9.252734e-02
        71         4        6.141392e-01
        72         4       -7.941581e-01
        73         4        3.810800e-01
        74         4        1.043034e+00
        75         4        9.660683e-01
        76         4       -1.218527e+00
        77         4       -7.343370e-01
        78         4       -8.054673e-01
        79         4        4.469006e-01
        80         4       -1.642933e+00
        81         4        2.367715e-01
        82         4       -2.425161e+00
        83         4        4.489230e-02
        84         4       -9.048977e-01
         1         5        6.258672e-01
         2         5        1.866813e+00
         3         5        5.991089e-02
         4         5       -4.813507e-01
         5         5       -6.368874e-01
         6         5        6.345614e-01
         7         5        3.121539e-01
         8         5        7.630038e-01
         9         5       -1.860348e-02
        10         5        3.168124e-01
        11         5       -9.986974e-01
        12         5       -1.996104e+00
        13         5        1.621272e+00
        14         5        4.089819e-01
        15         5       -9.778625e-01
        16         5        1.553687e+00
        17         5       -6.281948e-01
        18         5        1.612056e+00
        19         5       -6.440938e-01
        20         5        1.962501e-01
        21         5        1.291660e+00
        22         5        1.712474e+00
        23         5       -2.091263e-01
        24         5       -6.257880e-01
        25         5       -4.607689e-01
        26         5        1.024985e-01
        27         5       -4.853316e-02
        28         5        4.052049e-01
        29         5        1.928433e-01
        30         5        9.658042e-01
        31         5       -3.263006e-01
        32         5       -8.975409e-01
        33         5       -9.864008e-01
        34         5       -5.878812e-01
        35         5       -1.158545e+00
        36         5        3.623469e-01
        37         5        5.757129e-01
        38         5       -2.710608e+00
        39         5       -8.699662e-01
        40         5       -8.526794e-03
        41         5        3.775771e-01
        42         5       -1.974627e-01
        43         5        3.644365e-01
        44         5        2.677034e-01
        45         5        1.071347e+00
        46         5        1.605425e+00
        47         5        1.590962e-01
        48         5        1.429274e+00
        49         5       -1.152206e+00
        50         5       -1.743870e+00
        51         5       -1.069494e+00
        52         5       -1.089974e+00
        53         5       -2.528132e-02
        54         5       -1.030028e+00
        55         5       -1.169413e+00
        56         5       -2.866134e-01
        57         5       -8.503420e-01
        58         5        4.437759e-02
        59         5        1.129466e+00
        60         5       -1.149109e-01
        61         5        9.379406e-01
        62         5       -1.487989e+00
        63         5        1.104667e+00
        64         5       -1.116773e-01
        65         5        1.093309e+00
        66         5        2.127700e-01
        67         5        7.575033e-01
        68         5       -9.357249e-01
        69         5       -8.063335e-01
        70         5       -1.231331e+00
        71         5       -1.062053e+00
        72         5       -2.837742e-01
        73         5       -4.326682e-01
        74         5        2.126122e+00
        75         5        1.069826e+00
        76         5       -6.089494e-01
        77         5       -1.170327e+00
        78         5       -1.268142e-01
        79         5        5.732067e-01
        80         5       -2.733063e-01
        81         5        2.512563e-01
        82         5        7.823820e-01
        83         5       -1.858046e+00
        84         5        1.477825e+00
;

param theta:=
    1        1.088819e+00
    2       -1.220936e+00
    3        9.062512e-01
    4       -3.974187e-01
    5       -1.695043e+00
;
param X_true:=
    1       -7.218131e-01
    2       -3.707931e+00
    3       -3.523421e+00
    4        1.424062e+00
    5       -5.040245e-01
    6       -6.324293e-01
    7       -3.629249e-01
    8       -1.853656e+00
    9        4.138067e-01
   10       -1.481890e+00
   11       -1.379702e+00
   12        3.159592e-02
   13       -1.822670e+00
   14       -2.625466e+00
   15        1.851455e+00
   16       -6.767146e+00
   17        8.229867e-01
   18       -1.151463e+00
   19        4.650675e+00
   20       -2.606461e+00
   21       -1.294209e+00
   22       -5.899841e-01
   23        7.488395e-01
   24        1.088688e+00
   25        3.771254e+00
   26       -1.596107e-01
   27       -7.044577e-01
   28        2.975636e+00
   29        1.340624e+00
   30       -3.104023e+00
   31        9.380104e-01
   32       -6.116371e-01
   33        4.160330e+00
   34        5.963135e-01
   35        5.979294e-01
   36        1.337053e+00
   37       -2.506709e+00
   38        4.115295e+00
   39        2.663927e+00
   40        3.170190e+00
   41       -1.633493e+00
   42        6.600169e-01
   43       -1.791540e-01
   44        8.757420e-01
   45       -1.788987e+00
   46       -2.950222e+00
   47       -2.423179e+00
   48        3.381035e-01
   49        4.844728e+00
   50        2.235887e+00
   51       -6.754024e-01
   52        1.243946e+00
   53       -1.410003e+00
   54        2.850976e+00
   55        1.233649e+00
   56        2.219355e+00
   57       -8.408412e-01
   58        2.017718e+00
   59       -1.864844e+00
   60       -5.926098e-01
   61       -2.648822e+00
   62        8.633427e-01
   63       -5.216985e+00
   64        1.965509e+00
   65       -1.218108e+00
   66       -2.080865e+00
   67       -1.295102e+00
   68        4.447055e+00
   69        2.103193e+00
   70        2.717977e+00
   71       -2.947411e+00
   72       -8.285531e-01
   73        4.748504e-01
   74       -5.184101e+00
   75       -1.546552e+00
   76       -1.609234e+00
   77        3.736501e+00
   78        2.776105e+00
   79       -3.773045e-02
   80        2.738723e+00
   81       -1.029581e+00
   82       -1.048326e+00
   83        3.148649e+00
   84       -1.078104e+00
;
param X:=
    1       -7.218131e-01
    2       -3.707931e+00
    3       -3.523421e+00
    4        1.424062e+00
    5       -5.200552e-01
    6       -6.324293e-01
    7       -3.629249e-01
    8       -1.853656e+00
    9        4.138067e-01
   10       -2.682047e-01
   11       -1.379702e+00
   12        3.159592e-02
   13       -1.822670e+00
   14       -2.625466e+00
   15        1.443056e+00
   16       -6.767146e+00
   17        8.229867e-01
   18       -1.151463e+00
   19        4.650675e+00
   20       -2.606461e+00
   21       -1.294209e+00
   22       -5.899841e-01
   23        7.488395e-01
   24        3.720697e-01
   25        3.771254e+00
   26        1.235912e+00
   27       -7.044577e-01
   28        2.975636e+00
   29        1.340624e+00
   30       -3.104023e+00
   31        9.380104e-01
   32       -7.547865e-01
   33        4.160330e+00
   34        5.963135e-01
   35        5.979294e-01
   36        1.337053e+00
   37       -2.506709e+00
   38        4.115295e+00
   39        2.663927e+00
   40        3.170190e+00
   41       -1.633493e+00
   42        6.600169e-01
   43       -1.791540e-01
   44        8.757420e-01
   45       -1.788987e+00
   46       -2.950222e+00
   47       -2.423179e+00
   48        3.381035e-01
   49        4.844728e+00
   50        2.235887e+00
   51       -6.754024e-01
   52        1.243946e+00
   53       -1.410003e+00
   54        2.850976e+00
   55        1.233649e+00
   56        2.219355e+00
   57       -4.209774e-01
   58        6.722380e-01
   59       -1.864844e+00
   60       -5.926098e-01
   61       -2.150274e+00
   62        3.327441e-01
   63       -5.216985e+00
   64        1.965509e+00
   65       -1.131569e+00
   66       -2.080865e+00
   67       -1.295102e+00
   68        4.447055e+00
   69        7.865456e-01
   70        2.717977e+00
   71       -2.947411e+00
   72       -8.285531e-01
   73        4.748504e-01
   74       -5.184101e+00
   75       -1.546552e+00
   76       -1.609234e+00
   77        3.736501e+00
   78        1.425369e+00
   79       -9.332373e-01
   80        2.738723e+00
   81       -6.108122e-01
   82       -1.048326e+00
   83        3.148649e+00
   84       -1.078104e+00
;
param outliervec:=
    1    0
    2    0
    3    0
    4    0
    5    1
    6    0
    7    0
    8    0
    9    0
   10    1
   11    0
   12    0
   13    0
   14    0
   15    1
   16    0
   17    0
   18    0
   19    0
   20    0
   21    0
   22    0
   23    0
   24    1
   25    0
   26    1
   27    0
   28    0
   29    0
   30    0
   31    0
   32    1
   33    0
   34    0
   35    0
   36    0
   37    0
   38    0
   39    0
   40    0
   41    0
   42    0
   43    0
   44    0
   45    0
   46    0
   47    0
   48    0
   49    0
   50    0
   51    0
   52    0
   53    0
   54    0
   55    0
   56    0
   57    1
   58    1
   59    0
   60    0
   61    1
   62    1
   63    0
   64    0
   65    1
   66    0
   67    0
   68    0
   69    1
   70    0
   71    0
   72    0
   73    0
   74    0
   75    0
   76    0
   77    0
   78    1
   79    1
   80    0
   81    1
   82    0
   83    0
   84    0
; 
param greedy_time :=         2.246384e-01
;