data;


param FN:= 0;
param D:= 100;
param U_Original:=
         1         1       -9.565685e-01
         2         1       -6.789070e-02
         3         1       -9.096366e-01
         4         1        6.994923e-01
         5         1        8.410250e-01
         6         1        1.586980e+00
         7         1       -3.221647e-01
         8         1        1.235047e+00
         9         1       -1.294277e+00
        10         1       -4.878855e-01
        11         1       -1.589970e+00
        12         1       -4.173194e-01
        13         1        4.743201e-01
        14         1        4.888175e-01
        15         1       -1.086509e+00
        16         1       -4.753159e-01
        17         1       -1.660324e+00
        18         1        1.242651e+00
        19         1       -5.468171e-01
        20         1        3.463772e-01
        21         1        2.748796e-02
        22         1        9.244670e-01
        23         1        3.815943e-01
        24         1       -1.162873e+00
        25         1       -5.921271e-02
        26         1       -6.725858e-01
        27         1       -6.094923e-01
        28         1        1.004597e-01
        29         1        1.044258e+00
        30         1        2.064393e+00
        31         1       -3.216063e-01
        32         1        6.061492e-01
        33         1       -1.785057e+00
        34         1       -6.930920e-01
        35         1        8.120717e-01
        36         1        2.802333e-01
        37         1        1.461571e+00
        38         1        6.446259e-01
        39         1        5.983414e-01
        40         1       -3.563828e-01
        41         1       -2.720195e-01
        42         1       -1.265647e+00
        43         1       -2.382114e-02
        44         1       -1.579069e-01
        45         1        4.389468e-01
        46         1        2.054342e+00
        47         1        1.495214e+00
        48         1        1.094598e+00
        49         1       -1.597955e+00
        50         1       -3.337041e-01
        51         1       -1.498540e+00
        52         1        7.238270e-01
        53         1        2.922641e-01
        54         1        5.963651e-01
        55         1       -9.928765e-01
        56         1       -3.101341e-01
        57         1       -4.695831e-01
        58         1        1.377400e+00
        59         1        4.730038e-01
        60         1       -1.730336e+00
        61         1       -6.134824e-01
        62         1       -2.651189e-01
        63         1        1.750883e-01
        64         1       -8.287631e-01
        65         1        8.398360e-01
        66         1       -2.350005e+00
        67         1        1.061026e+00
        68         1       -8.640692e-01
        69         1        8.657632e-01
        70         1        1.795542e-01
        71         1        5.785193e-01
        72         1       -1.079628e+00
        73         1        5.788660e-02
        74         1        5.465275e-02
        75         1        2.044021e+00
        76         1       -1.264922e+00
        77         1        1.259762e+00
        78         1       -6.119829e-01
        79         1       -4.096361e-01
        80         1        1.289179e-01
        81         1       -6.304313e-01
        82         1        7.144961e-01
        83         1        3.602600e-01
        84         1       -3.496356e-01
        85         1       -1.100761e+00
        86         1       -2.862964e-01
        87         1        8.374662e-01
        88         1       -3.739298e-01
        89         1        5.124722e-01
        90         1       -6.017020e-01
        91         1       -2.553845e-02
        92         1       -1.428634e+00
        93         1       -2.098208e-01
        94         1        1.635127e+00
        95         1        1.605269e+00
        96         1        1.220022e+00
        97         1       -3.637244e-01
        98         1       -1.573365e+00
        99         1       -3.269596e-01
       100         1       -2.088475e-01
         1         2        1.930381e+00
         2         2       -5.382137e-01
         3         2        8.151467e-01
         4         2        2.746268e-01
         5         2       -1.648185e-01
         6         2       -7.969148e-01
         7         2        1.185668e+00
         8         2        1.289751e+00
         9         2       -4.434225e-01
        10         2       -2.457498e+00
        11         2        5.202724e-01
        12         2       -7.976222e-01
        13         2       -5.604408e-02
        14         2        5.658772e-02
        15         2        7.261077e-01
        16         2        2.140828e-01
        17         2       -6.399808e-01
        18         2        2.709824e-01
        19         2       -4.557053e-01
        20         2       -1.198181e+00
        21         2        5.135406e-01
        22         2       -5.246410e-01
        23         2       -9.978090e-01
        24         2        1.215434e+00
        25         2        4.125293e-01
        26         2        6.580143e-01
        27         2        1.947457e+00
        28         2        2.611222e+00
        29         2        4.215648e-01
        30         2        6.657155e-01
        31         2       -8.180509e-01
        32         2        1.384811e+00
        33         2       -3.182729e-01
        34         2       -4.627065e-01
        35         2        9.178536e-01
        36         2        2.266337e-01
        37         2       -9.981446e-01
        38         2       -4.763677e-01
        39         2       -1.317992e+00
        40         2       -1.726120e+00
        41         2       -1.723464e+00
        42         2       -2.258988e+00
        43         2        1.870700e+00
        44         2        7.566679e-01
        45         2        1.058070e+00
        46         2        1.733987e-01
        47         2        9.592571e-02
        48         2        1.542532e+00
        49         2       -5.290573e-01
        50         2        6.565640e-01
        51         2       -4.795776e-01
        52         2        2.051466e+00
        53         2       -1.582736e-01
        54         2        7.484725e-01
        55         2       -8.488031e-02
        56         2       -2.203685e-01
        57         2       -1.631202e+00
        58         2        1.015935e+00
        59         2        2.554993e+00
        60         2        7.495367e-01
        61         2       -2.404195e+00
        62         2        4.186184e-02
        63         2        6.815359e-02
        64         2       -1.645256e+00
        65         2        4.995673e-01
        66         2        8.131096e-01
        67         2        6.745064e-01
        68         2       -3.258929e-01
        69         2        2.085678e-01
        70         2       -2.540942e-01
        71         2        2.071350e+00
        72         2        8.644375e-01
        73         2       -5.316703e-01
        74         2       -2.004457e-01
        75         2       -5.050848e-01
        76         2        1.477234e+00
        77         2        2.558505e+00
        78         2       -8.923323e-01
        79         2        1.584501e-01
        80         2       -3.298150e-01
        81         2       -2.061786e-01
        82         2        1.304172e+00
        83         2        4.656293e-01
        84         2       -1.161641e-01
        85         2        2.299569e+00
        86         2        1.428257e+00
        87         2        4.018622e-01
        88         2       -3.640938e-01
        89         2        4.161801e-01
        90         2        1.281732e+00
        91         2        8.361181e-01
        92         2       -1.638695e+00
        93         2        6.972573e-01
        94         2       -1.352188e-01
        95         2       -1.821352e+00
        96         2       -1.857145e-01
        97         2        1.790157e-01
        98         2       -1.195296e+00
        99         2       -1.882132e-01
       100         2        6.701392e-01
         1         3       -1.662843e+00
         2         3        9.310080e-01
         3         3        2.272908e+00
         4         3       -1.049601e+00
         5         3       -7.108339e-01
         6         3        2.821957e+00
         7         3       -3.433291e-01
         8         3        2.924595e-01
         9         3        6.771604e-01
        10         3       -1.709171e+00
        11         3        7.675839e-01
        12         3        1.587429e+00
        13         3       -2.436377e-01
        14         3       -1.478555e-01
        15         3       -5.314062e-01
        16         3        1.102054e+00
        17         3        4.663825e-01
        18         3       -1.328936e+00
        19         3        1.273676e+00
        20         3        1.831498e-01
        21         3       -1.991510e-01
        22         3        1.872070e+00
        23         3        8.771362e-01
        24         3       -2.287385e-01
        25         3        9.589664e-01
        26         3        4.722943e-01
        27         3       -2.420712e-01
        28         3       -1.214769e+00
        29         3        4.075643e-01
        30         3       -1.373191e+00
        31         3       -1.198898e-01
        32         3       -1.111859e-01
        33         3        3.542195e-01
        34         3       -1.567008e+00
        35         3        3.060375e-01
        36         3       -3.591465e-01
        37         3        1.175254e+00
        38         3       -2.238054e+00
        39         3       -1.007674e+00
        40         3        1.872875e-01
        41         3        1.825640e-01
        42         3       -4.089529e-02
        43         3        5.698957e-01
        44         3       -1.538284e-01
        45         3        3.917288e-02
        46         3       -4.521550e-01
        47         3        1.384639e+00
        48         3        6.803802e-01
        49         3        2.325007e+00
        50         3       -3.822057e-01
        51         3        1.953345e-01
        52         3        4.262133e-01
        53         3       -2.144909e+00
        54         3        5.648743e-01
        55         3        9.650133e-01
        56         3       -1.406633e+00
        57         3        4.446979e-01
        58         3       -1.629404e+00
        59         3       -4.793564e-01
        60         3       -7.360857e-01
        61         3       -2.679662e-01
        62         3       -1.030414e+00
        63         3        2.322492e-01
        64         3        2.866765e-01
        65         3       -3.483813e-01
        66         3        3.424242e-02
        67         3       -1.191588e+00
        68         3        1.411184e+00
        69         3        2.996669e-01
        70         3        2.152984e+00
        71         3        2.058752e-01
        72         3       -1.599273e+00
        73         3       -7.670031e-01
        74         3       -2.994914e-01
        75         3       -7.476705e-01
        76         3        2.124230e-01
        77         3        9.165456e-01
        78         3        6.152118e-02
        79         3       -5.864199e-01
        80         3        5.510790e-01
        81         3        4.718437e-03
        82         3        8.591687e-01
        83         3       -6.880042e-01
        84         3       -3.929071e-01
        85         3        1.046197e+00
        86         3       -6.675763e-01
        87         3       -1.152591e+00
        88         3       -2.281008e-01
        89         3        8.954445e-01
        90         3       -1.452026e+00
        91         3        2.219929e-01
        92         3       -1.576982e-01
        93         3        2.163251e-01
        94         3        1.196966e+00
        95         3        9.076735e-01
        96         3        3.288495e-01
        97         3        7.106393e-01
        98         3       -4.589346e-01
        99         3        1.585157e-01
       100         3        1.118890e+00
         1         4        8.855690e-01
         2         4        6.653355e-02
         3         4       -9.933924e-01
         4         4        1.003725e+00
         5         4       -8.671915e-01
         6         4       -1.856175e-01
         7         4       -9.284351e-01
         8         4       -4.185895e-01
         9         4        1.981798e+00
        10         4        1.310492e+00
        11         4        3.121574e-01
        12         4       -2.125793e-01
        13         4       -6.892732e-01
        14         4        2.524971e-01
        15         4        4.095155e-01
        16         4       -1.585947e+00
        17         4       -3.030411e-01
        18         4       -9.935868e-01
        19         4        1.033483e+00
        20         4        8.649462e-01
        21         4       -2.424030e-01
        22         4        1.430354e+00
        23         4       -1.441313e+00
        24         4        4.167251e-01
        25         4       -1.712538e-01
        26         4       -1.654757e+00
        27         4       -5.960779e-01
        28         4       -1.135255e+00
        29         4        7.507531e-01
        30         4       -1.279072e-01
        31         4       -7.155347e-01
        32         4        1.805556e+00
        33         4       -9.125404e-01
        34         4       -1.270917e+00
        35         4        1.185429e+00
        36         4       -6.151191e-01
        37         4        1.807543e-01
        38         4       -1.549290e+00
        39         4       -9.825768e-01
        40         4       -5.613479e-01
        41         4       -3.309379e-01
        42         4        8.999837e-01
        43         4        9.965526e-01
        44         4        1.735157e-01
        45         4       -2.347297e+00
        46         4        3.281305e+00
        47         4       -6.915896e-01
        48         4        2.256056e+00
        49         4        6.796898e-01
        50         4        1.197376e+00
        51         4       -1.426704e+00
        52         4        4.597121e-01
        53         4        6.023798e-01
        54         4        5.727856e-01
        55         4        9.552533e-01
        56         4       -1.684842e+00
        57         4        1.260919e+00
        58         4        3.759738e-01
        59         4        1.882738e-01
        60         4       -8.454933e-01
        61         4       -3.035887e-01
        62         4       -4.075218e-01
        63         4       -6.157917e-01
        64         4        1.874181e+00
        65         4        4.059777e-01
        66         4       -7.698519e-02
        67         4       -3.020263e-01
        68         4       -1.178202e+00
        69         4        3.475908e-01
        70         4        4.679595e-01
        71         4       -1.602124e+00
        72         4       -6.240330e-01
        73         4        6.377286e-01
        74         4       -1.491982e+00
        75         4        1.045827e+00
        76         4        5.287440e-02
        77         4        3.174810e-01
        78         4        6.491521e-01
        79         4       -2.016945e+00
        80         4       -4.535805e-01
        81         4        1.047876e+00
        82         4        1.643766e+00
        83         4        5.918449e-04
        84         4        6.963473e-01
        85         4        5.635817e-01
        86         4       -5.451234e-01
        87         4        4.091630e-01
        88         4       -5.531058e-01
        89         4       -9.475852e-01
        90         4        2.220132e-01
        91         4       -1.010668e+00
        92         4       -1.238908e+00
        93         4       -1.112333e+00
        94         4       -8.438821e-01
        95         4        1.585637e+00
        96         4       -5.849290e-01
        97         4       -9.051457e-01
        98         4        2.682116e-01
        99         4       -2.625142e-01
       100         4        1.340537e+00
         1         5        8.310109e-01
         2         5       -5.840291e-01
         3         5        1.230988e-01
         4         5       -2.523678e-01
         5         5        9.877170e-01
         6         5       -5.726571e-01
         7         5       -5.435689e-01
         8         5        7.757828e-01
         9         5       -8.035656e-01
        10         5       -8.601530e-01
        11         5       -8.554661e-01
        12         5        2.432498e-01
        13         5        1.115292e+00
        14         5       -8.432057e-01
        15         5        6.340782e-01
        16         5        7.503252e-01
        17         5       -2.159533e+00
        18         5        2.082020e+00
        19         5       -4.336110e-01
        20         5       -1.074842e+00
        21         5        5.219693e-01
        22         5        2.245995e-01
        23         5        3.415353e-01
        24         5        7.029558e-01
        25         5        6.935427e-01
        26         5       -1.495692e-01
        27         5       -1.051235e+00
        28         5       -1.614690e+00
        29         5       -1.493084e+00
        30         5       -2.483813e-01
        31         5        1.200990e+00
        32         5        2.042134e-01
        33         5        9.589042e-01
        34         5        1.592892e-01
        35         5        7.649616e-01
        36         5       -9.453302e-01
        37         5        1.044871e+00
        38         5        9.358863e-01
        39         5       -2.491270e-01
        40         5       -1.881936e+00
        41         5       -1.543847e+00
        42         5       -2.215935e-01
        43         5        1.055170e+00
        44         5       -9.807175e-01
        45         5        2.662453e+00
        46         5       -1.126669e+00
        47         5       -6.598713e-01
        48         5       -1.015082e-03
        49         5       -6.147998e-01
        50         5        1.525437e-01
        51         5        6.068456e-01
        52         5        1.542856e+00
        53         5       -1.018317e-01
        54         5       -1.617182e-01
        55         5        1.306682e+00
        56         5        3.914474e-01
        57         5       -1.572938e+00
        58         5       -6.068688e-01
        59         5       -7.207144e-02
        60         5       -2.274571e-03
        61         5        4.882419e-01
        62         5       -3.041794e-01
        63         5       -5.186978e-01
        64         5        1.529473e-01
        65         5        5.567962e-01
        66         5       -1.086164e+00
        67         5        1.070440e+00
        68         5       -1.803882e-02
        69         5        1.527886e+00
        70         5        6.736664e-01
        71         5       -4.618222e-01
        72         5        1.010321e+00
        73         5       -1.271176e+00
        74         5        4.450981e-01
        75         5        2.068253e+00
        76         5       -9.159219e-01
        77         5        8.594737e-01
        78         5        5.651976e-01
        79         5        1.000005e-01
        80         5        1.056518e+00
        81         5       -6.762459e-01
        82         5       -1.188206e+00
        83         5       -3.887492e-01
        84         5       -9.746588e-02
        85         5        1.799096e+00
        86         5       -2.497696e+00
        87         5       -1.055891e-01
        88         5        1.604864e+00
        89         5       -3.117672e-01
        90         5        2.107026e+00
        91         5       -4.370212e-01
        92         5        5.308381e-01
        93         5        1.012811e+00
        94         5       -1.415739e+00
        95         5        2.663628e-01
        96         5       -2.260726e-01
        97         5       -9.088239e-01
        98         5        1.213994e+00
        99         5        5.617640e-01
       100         5       -1.451480e+00
;
param X_Original:=
    1       -9.930792e-01
    2       -1.871294e+00
    3       -2.600698e-01
    4        1.583768e+00
    5        1.804901e+00
    6       -5.459596e+00
    7       -1.430718e-01
    8        2.509656e-01
    9       -1.087816e+00
   10        1.276457e+00
   11       -9.614006e-01
   12       -2.701968e+00
   13        1.624461e+00
   14        1.000640e+00
   15        4.430241e-01
   16       -2.351616e+00
   17        1.106259e-01
   18       -5.624459e-01
   19        1.439632e+00
   20       -6.148683e-02
   21        8.339198e-01
   22       -2.736791e-01
   23        7.935332e-01
   24        3.535493e+00
   25       -4.326116e-01
   26       -2.680947e+00
   27        3.493781e-01
   28        1.294114e+00
   29        1.063865e+00
   30        4.475588e-01
   31        7.395415e-01
   32        5.911233e+00
   33        1.958168e+00
   34       -6.895524e-01
   35       -1.224880e+00
   36       -6.899963e-01
   37       -8.100712e-02
   38       -4.426598e-01
   39       -2.252647e-01
   40        1.327291e+00
   41       -2.923858e-01
   42        2.200251e-01
   43       -2.926646e+00
   44       -2.135936e-01
   45        6.073987e-02
   46        6.782408e-01
   47        9.120363e-01
   48        2.321386e-01
   49       -1.164126e-01
   50       -1.382916e-01
   51       -2.995399e+00
   52        9.800289e-01
   53        5.979333e-01
   54        2.427234e-01
   55        1.783190e+00
   56       -4.407232e-01
   57        1.657707e-01
   58       -2.659434e+00
   59        1.002358e+00
   60        4.649682e-02
   61       -3.605648e+00
   62       -1.663295e-01
   63        1.720406e-01
   64       -6.078575e-01
   65        4.969713e-01
   66        2.195129e-01
   67       -4.183379e-01
   68        1.771767e-01
   69       -8.494536e-01
   70       -1.276245e-01
   71        1.038619e-01
   72        3.888797e+00
   73        2.443307e-01
   74       -1.912434e-02
   75        6.909532e+00
   76       -2.665991e+00
   77        8.320137e-01
   78       -7.925697e-01
   79        1.799922e-01
   80       -1.633672e+00
   81       -2.111993e-01
   82        1.682098e+00
   83       -3.464436e-01
   84       -3.939011e-01
   85       -2.177255e+00
   86       -1.300008e+00
   87       -6.197045e-01
   88       -1.309744e+00
   89       -1.034284e-01
   90        8.010581e+00
   91       -1.219659e+00
   92       -1.755722e-01
   93        5.713173e-01
   94       -4.686639e+00
   95       -6.590619e-02
   96        2.089692e-01
   97       -1.127572e+00
   98        4.341222e-01
   99        1.281431e+00
  100       -1.271634e+00
;
param outliervec_original :=
    1    1
    2    1
    3    1
    4    1
    5    0
    6    0
    7    0
    8    1
    9    0
   10    1
   11    1
   12    1
   13    0
   14    1
   15    1
   16    0
   17    1
   18    1
   19    1
   20    1
   21    1
   22    0
   23    1
   24    0
   25    1
   26    0
   27    0
   28    1
   29    1
   30    1
   31    1
   32    0
   33    1
   34    0
   35    1
   36    1
   37    0
   38    1
   39    1
   40    1
   41    1
   42    1
   43    1
   44    0
   45    1
   46    1
   47    1
   48    1
   49    1
   50    1
   51    0
   52    1
   53    1
   54    1
   55    0
   56    1
   57    1
   58    1
   59    1
   60    1
   61    0
   62    1
   63    1
   64    1
   65    1
   66    1
   67    1
   68    1
   69    1
   70    1
   71    1
   72    0
   73    1
   74    1
   75    0
   76    1
   77    1
   78    1
   79    1
   80    1
   81    1
   82    0
   83    1
   84    1
   85    1
   86    1
   87    1
   88    1
   89    1
   90    0
   91    0
   92    1
   93    1
   94    0
   95    1
   96    1
   97    1
   98    1
   99    1
  100    0
;
param d:= 62;
param r:=5;
param p:=0.760000;
param M:=1000;
param U:=
         1         1       -6.789070e-02
         2         1        6.994923e-01
         3         1        8.410250e-01
         4         1        1.586980e+00
         5         1       -3.221647e-01
         6         1        1.235047e+00
         7         1       -1.294277e+00
         8         1       -4.878855e-01
         9         1       -1.589970e+00
        10         1       -4.173194e-01
        11         1        4.743201e-01
        12         1        4.888175e-01
        13         1       -4.753159e-01
        14         1        3.463772e-01
        15         1        2.748796e-02
        16         1        9.244670e-01
        17         1       -1.162873e+00
        18         1       -5.921271e-02
        19         1       -6.725858e-01
        20         1       -6.094923e-01
        21         1        1.004597e-01
        22         1       -3.216063e-01
        23         1        6.061492e-01
        24         1       -6.930920e-01
        25         1        2.802333e-01
        26         1        1.461571e+00
        27         1        5.983414e-01
        28         1       -1.579069e-01
        29         1        4.389468e-01
        30         1       -1.498540e+00
        31         1        5.963651e-01
        32         1       -9.928765e-01
        33         1       -3.101341e-01
        34         1       -1.730336e+00
        35         1       -6.134824e-01
        36         1       -2.651189e-01
        37         1        1.750883e-01
        38         1       -8.287631e-01
        39         1       -2.350005e+00
        40         1        1.795542e-01
        41         1        5.785193e-01
        42         1       -1.079628e+00
        43         1        5.788660e-02
        44         1        5.465275e-02
        45         1        2.044021e+00
        46         1       -6.119829e-01
        47         1       -4.096361e-01
        48         1        1.289179e-01
        49         1       -6.304313e-01
        50         1        7.144961e-01
        51         1        3.602600e-01
        52         1       -3.496356e-01
        53         1       -2.862964e-01
        54         1       -6.017020e-01
        55         1       -2.553845e-02
        56         1       -2.098208e-01
        57         1        1.635127e+00
        58         1        1.605269e+00
        59         1        1.220022e+00
        60         1       -1.573365e+00
        61         1       -3.269596e-01
        62         1       -2.088475e-01
         1         2       -5.382137e-01
         2         2        2.746268e-01
         3         2       -1.648185e-01
         4         2       -7.969148e-01
         5         2        1.185668e+00
         6         2        1.289751e+00
         7         2       -4.434225e-01
         8         2       -2.457498e+00
         9         2        5.202724e-01
        10         2       -7.976222e-01
        11         2       -5.604408e-02
        12         2        5.658772e-02
        13         2        2.140828e-01
        14         2       -1.198181e+00
        15         2        5.135406e-01
        16         2       -5.246410e-01
        17         2        1.215434e+00
        18         2        4.125293e-01
        19         2        6.580143e-01
        20         2        1.947457e+00
        21         2        2.611222e+00
        22         2       -8.180509e-01
        23         2        1.384811e+00
        24         2       -4.627065e-01
        25         2        2.266337e-01
        26         2       -9.981446e-01
        27         2       -1.317992e+00
        28         2        7.566679e-01
        29         2        1.058070e+00
        30         2       -4.795776e-01
        31         2        7.484725e-01
        32         2       -8.488031e-02
        33         2       -2.203685e-01
        34         2        7.495367e-01
        35         2       -2.404195e+00
        36         2        4.186184e-02
        37         2        6.815359e-02
        38         2       -1.645256e+00
        39         2        8.131096e-01
        40         2       -2.540942e-01
        41         2        2.071350e+00
        42         2        8.644375e-01
        43         2       -5.316703e-01
        44         2       -2.004457e-01
        45         2       -5.050848e-01
        46         2       -8.923323e-01
        47         2        1.584501e-01
        48         2       -3.298150e-01
        49         2       -2.061786e-01
        50         2        1.304172e+00
        51         2        4.656293e-01
        52         2       -1.161641e-01
        53         2        1.428257e+00
        54         2        1.281732e+00
        55         2        8.361181e-01
        56         2        6.972573e-01
        57         2       -1.352188e-01
        58         2       -1.821352e+00
        59         2       -1.857145e-01
        60         2       -1.195296e+00
        61         2       -1.882132e-01
        62         2        6.701392e-01
         1         3        9.310080e-01
         2         3       -1.049601e+00
         3         3       -7.108339e-01
         4         3        2.821957e+00
         5         3       -3.433291e-01
         6         3        2.924595e-01
         7         3        6.771604e-01
         8         3       -1.709171e+00
         9         3        7.675839e-01
        10         3        1.587429e+00
        11         3       -2.436377e-01
        12         3       -1.478555e-01
        13         3        1.102054e+00
        14         3        1.831498e-01
        15         3       -1.991510e-01
        16         3        1.872070e+00
        17         3       -2.287385e-01
        18         3        9.589664e-01
        19         3        4.722943e-01
        20         3       -2.420712e-01
        21         3       -1.214769e+00
        22         3       -1.198898e-01
        23         3       -1.111859e-01
        24         3       -1.567008e+00
        25         3       -3.591465e-01
        26         3        1.175254e+00
        27         3       -1.007674e+00
        28         3       -1.538284e-01
        29         3        3.917288e-02
        30         3        1.953345e-01
        31         3        5.648743e-01
        32         3        9.650133e-01
        33         3       -1.406633e+00
        34         3       -7.360857e-01
        35         3       -2.679662e-01
        36         3       -1.030414e+00
        37         3        2.322492e-01
        38         3        2.866765e-01
        39         3        3.424242e-02
        40         3        2.152984e+00
        41         3        2.058752e-01
        42         3       -1.599273e+00
        43         3       -7.670031e-01
        44         3       -2.994914e-01
        45         3       -7.476705e-01
        46         3        6.152118e-02
        47         3       -5.864199e-01
        48         3        5.510790e-01
        49         3        4.718437e-03
        50         3        8.591687e-01
        51         3       -6.880042e-01
        52         3       -3.929071e-01
        53         3       -6.675763e-01
        54         3       -1.452026e+00
        55         3        2.219929e-01
        56         3        2.163251e-01
        57         3        1.196966e+00
        58         3        9.076735e-01
        59         3        3.288495e-01
        60         3       -4.589346e-01
        61         3        1.585157e-01
        62         3        1.118890e+00
         1         4        6.653355e-02
         2         4        1.003725e+00
         3         4       -8.671915e-01
         4         4       -1.856175e-01
         5         4       -9.284351e-01
         6         4       -4.185895e-01
         7         4        1.981798e+00
         8         4        1.310492e+00
         9         4        3.121574e-01
        10         4       -2.125793e-01
        11         4       -6.892732e-01
        12         4        2.524971e-01
        13         4       -1.585947e+00
        14         4        8.649462e-01
        15         4       -2.424030e-01
        16         4        1.430354e+00
        17         4        4.167251e-01
        18         4       -1.712538e-01
        19         4       -1.654757e+00
        20         4       -5.960779e-01
        21         4       -1.135255e+00
        22         4       -7.155347e-01
        23         4        1.805556e+00
        24         4       -1.270917e+00
        25         4       -6.151191e-01
        26         4        1.807543e-01
        27         4       -9.825768e-01
        28         4        1.735157e-01
        29         4       -2.347297e+00
        30         4       -1.426704e+00
        31         4        5.727856e-01
        32         4        9.552533e-01
        33         4       -1.684842e+00
        34         4       -8.454933e-01
        35         4       -3.035887e-01
        36         4       -4.075218e-01
        37         4       -6.157917e-01
        38         4        1.874181e+00
        39         4       -7.698519e-02
        40         4        4.679595e-01
        41         4       -1.602124e+00
        42         4       -6.240330e-01
        43         4        6.377286e-01
        44         4       -1.491982e+00
        45         4        1.045827e+00
        46         4        6.491521e-01
        47         4       -2.016945e+00
        48         4       -4.535805e-01
        49         4        1.047876e+00
        50         4        1.643766e+00
        51         4        5.918449e-04
        52         4        6.963473e-01
        53         4       -5.451234e-01
        54         4        2.220132e-01
        55         4       -1.010668e+00
        56         4       -1.112333e+00
        57         4       -8.438821e-01
        58         4        1.585637e+00
        59         4       -5.849290e-01
        60         4        2.682116e-01
        61         4       -2.625142e-01
        62         4        1.340537e+00
         1         5       -5.840291e-01
         2         5       -2.523678e-01
         3         5        9.877170e-01
         4         5       -5.726571e-01
         5         5       -5.435689e-01
         6         5        7.757828e-01
         7         5       -8.035656e-01
         8         5       -8.601530e-01
         9         5       -8.554661e-01
        10         5        2.432498e-01
        11         5        1.115292e+00
        12         5       -8.432057e-01
        13         5        7.503252e-01
        14         5       -1.074842e+00
        15         5        5.219693e-01
        16         5        2.245995e-01
        17         5        7.029558e-01
        18         5        6.935427e-01
        19         5       -1.495692e-01
        20         5       -1.051235e+00
        21         5       -1.614690e+00
        22         5        1.200990e+00
        23         5        2.042134e-01
        24         5        1.592892e-01
        25         5       -9.453302e-01
        26         5        1.044871e+00
        27         5       -2.491270e-01
        28         5       -9.807175e-01
        29         5        2.662453e+00
        30         5        6.068456e-01
        31         5       -1.617182e-01
        32         5        1.306682e+00
        33         5        3.914474e-01
        34         5       -2.274571e-03
        35         5        4.882419e-01
        36         5       -3.041794e-01
        37         5       -5.186978e-01
        38         5        1.529473e-01
        39         5       -1.086164e+00
        40         5        6.736664e-01
        41         5       -4.618222e-01
        42         5        1.010321e+00
        43         5       -1.271176e+00
        44         5        4.450981e-01
        45         5        2.068253e+00
        46         5        5.651976e-01
        47         5        1.000005e-01
        48         5        1.056518e+00
        49         5       -6.762459e-01
        50         5       -1.188206e+00
        51         5       -3.887492e-01
        52         5       -9.746588e-02
        53         5       -2.497696e+00
        54         5        2.107026e+00
        55         5       -4.370212e-01
        56         5        1.012811e+00
        57         5       -1.415739e+00
        58         5        2.663628e-01
        59         5       -2.260726e-01
        60         5        1.213994e+00
        61         5        5.617640e-01
        62         5       -1.451480e+00
;

param theta:=
    1        6.463758e-01
    2        1.681010e+00
    3       -1.344730e+00
    4        1.471955e+00
    5        1.882049e+00
;
param X_true:=
    1       -3.201817e+00
    2        3.327685e+00
    3        1.804901e+00
    4       -5.459596e+00
    5       -1.430718e-01
    6        3.417026e+00
    7       -1.087816e+00
    8       -1.837927e+00
    9       -2.335875e+00
   10       -3.600319e+00
   11        1.624461e+00
   12       -6.053797e-01
   13       -2.351616e+00
   14       -2.786293e+00
   15        1.774404e+00
   16       -2.736791e-01
   17        3.535493e+00
   18        4.188444e-01
   19       -2.680947e+00
   20        3.493781e-01
   21        1.377990e+00
   22       -2.147245e-01
   23        5.911233e+00
   24       -6.895524e-01
   25       -1.639520e+00
   26       -8.100712e-02
   27       -2.388934e+00
   28       -2.135936e-01
   29        3.565425e+00
   30       -2.995399e+00
   31        1.422816e+00
   32        1.783190e+00
   33       -4.226521e-01
   34       -1.174407e-01
   35       -3.605648e+00
   36        1.122983e-01
   37       -1.967205e+00
   38       -6.403215e-01
   39       -2.355720e+00
   40       -1.249569e+00
   41        3.516279e-01
   42        3.888797e+00
   43       -1.278622e+00
   44       -1.257324e+00
   45        6.909532e+00
   46        4.093216e-02
   47       -1.990493e+00
   48        1.086229e-01
   49       -4.907297e-01
   50        1.682098e+00
   51        1.209997e+00
   52        9.486415e-01
   53       -2.389613e+00
   54        8.010581e+00
   55       -1.219659e+00
   56        1.014430e+00
   57       -4.686639e+00
   58       -4.093858e-01
   59       -1.252278e+00
   60        2.704442e-01
   61       -7.002982e-02
   62       -1.271634e+00
;
param X:=
    1       -1.871294e+00
    2        1.583768e+00
    3        1.804901e+00
    4       -5.459596e+00
    5       -1.430718e-01
    6        2.509656e-01
    7       -1.087816e+00
    8        1.276457e+00
    9       -9.614006e-01
   10       -2.701968e+00
   11        1.624461e+00
   12        1.000640e+00
   13       -2.351616e+00
   14       -6.148683e-02
   15        8.339198e-01
   16       -2.736791e-01
   17        3.535493e+00
   18       -4.326116e-01
   19       -2.680947e+00
   20        3.493781e-01
   21        1.294114e+00
   22        7.395415e-01
   23        5.911233e+00
   24       -6.895524e-01
   25       -6.899963e-01
   26       -8.100712e-02
   27       -2.252647e-01
   28       -2.135936e-01
   29        6.073987e-02
   30       -2.995399e+00
   31        2.427234e-01
   32        1.783190e+00
   33       -4.407232e-01
   34        4.649682e-02
   35       -3.605648e+00
   36       -1.663295e-01
   37        1.720406e-01
   38       -6.078575e-01
   39        2.195129e-01
   40       -1.276245e-01
   41        1.038619e-01
   42        3.888797e+00
   43        2.443307e-01
   44       -1.912434e-02
   45        6.909532e+00
   46       -7.925697e-01
   47        1.799922e-01
   48       -1.633672e+00
   49       -2.111993e-01
   50        1.682098e+00
   51       -3.464436e-01
   52       -3.939011e-01
   53       -1.300008e+00
   54        8.010581e+00
   55       -1.219659e+00
   56        5.713173e-01
   57       -4.686639e+00
   58       -6.590619e-02
   59        2.089692e-01
   60        4.341222e-01
   61        1.281431e+00
   62       -1.271634e+00
;
param outliervec:=
    1    1
    2    1
    3    0
    4    0
    5    0
    6    1
    7    0
    8    1
    9    1
   10    1
   11    0
   12    1
   13    0
   14    1
   15    1
   16    0
   17    0
   18    1
   19    0
   20    0
   21    1
   22    1
   23    0
   24    0
   25    1
   26    0
   27    1
   28    0
   29    1
   30    0
   31    1
   32    0
   33    1
   34    1
   35    0
   36    1
   37    1
   38    1
   39    1
   40    1
   41    1
   42    0
   43    1
   44    1
   45    0
   46    1
   47    1
   48    1
   49    1
   50    0
   51    1
   52    1
   53    1
   54    0
   55    0
   56    1
   57    0
   58    1
   59    1
   60    1
   61    1
   62    0
; 
param greedy_time :=         4.372949e-01
;