data;


param FN:= 0;
param D:= 100;
param U_Original:=
         1         1       -3.781143e-01
         2         1       -3.498235e-01
         3         1        1.708786e-01
         4         1       -9.767597e-01
         5         1        4.526438e-02
         6         1       -6.593544e-01
         7         1        4.341204e-01
         8         1        5.478491e-02
         9         1        1.220627e-01
        10         1        4.592618e-01
        11         1        1.257721e+00
        12         1        1.270108e+00
        13         1       -1.082348e+00
        14         1        9.011084e-02
        15         1       -1.453987e+00
        16         1        2.345516e-01
        17         1        3.804158e-01
        18         1       -2.839580e-01
        19         1       -2.723809e+00
        20         1       -3.652648e-01
        21         1        1.245056e+00
        22         1       -1.236070e+00
        23         1        6.376336e-02
        24         1       -1.511517e+00
        25         1        3.382813e-01
        26         1       -1.761799e+00
        27         1       -1.066162e+00
        28         1       -9.335750e-01
        29         1       -5.485255e-01
        30         1       -8.869980e-01
        31         1       -9.039527e-01
        32         1        6.027989e-01
        33         1        9.871085e-01
        34         1       -8.213538e-02
        35         1        3.610336e-01
        36         1        8.718899e-01
        37         1       -1.168835e+00
        38         1        1.871521e+00
        39         1        6.645594e-02
        40         1        2.268333e-01
        41         1       -1.505765e-01
        42         1       -9.639863e-01
        43         1       -1.496003e-01
        44         1        3.606333e-01
        45         1        1.907586e+00
        46         1       -2.978530e-01
        47         1        1.604444e+00
        48         1        2.634940e-01
        49         1       -4.031412e+00
        50         1       -1.347318e+00
        51         1        3.773058e-01
        52         1        8.095301e-02
        53         1       -3.669679e-02
        54         1       -1.071989e+00
        55         1        1.378237e+00
        56         1       -3.065106e-01
        57         1       -3.489150e-01
        58         1        8.433495e-01
        59         1        1.558164e+00
        60         1        1.524492e+00
        61         1        1.471607e+00
        62         1        1.877303e-01
        63         1        1.368500e+00
        64         1       -8.198605e-01
        65         1        7.515823e-01
        66         1       -1.087797e+00
        67         1        2.739916e+00
        68         1       -3.769227e-01
        69         1        1.431935e+00
        70         1        3.624905e-01
        71         1       -1.143611e+00
        72         1       -3.863666e-02
        73         1       -2.978635e-01
        74         1        3.876053e-02
        75         1        1.593466e+00
        76         1        4.143951e-01
        77         1        6.781990e-01
        78         1        8.424864e-01
        79         1        2.523313e+00
        80         1        2.038606e-01
        81         1       -1.306803e+00
        82         1        1.799531e+00
        83         1        1.466873e-02
        84         1       -1.867138e-02
        85         1        3.779432e-01
        86         1       -2.091185e-01
        87         1       -2.566784e-01
        88         1       -1.350092e+00
        89         1        1.453804e+00
        90         1       -6.734432e-01
        91         1        4.841626e-01
        92         1        1.072714e-01
        93         1       -5.821599e-01
        94         1        1.741826e+00
        95         1       -1.175751e+00
        96         1       -1.238391e+00
        97         1       -8.345041e-01
        98         1        9.318844e-01
        99         1        4.178405e-01
       100         1       -1.029510e-01
         1         2       -4.635600e-02
         2         2        1.059696e+00
         3         2       -9.393169e-01
         4         2       -1.165014e+00
         5         2       -4.963096e-01
         6         2       -7.216630e-02
         7         2       -5.222207e-01
         8         2        7.114215e-01
         9         2        3.018089e-01
        10         2       -8.772529e-02
        11         2        1.865552e+00
        12         2       -1.414169e-01
        13         2       -3.470787e-01
        14         2        2.246943e-02
        15         2       -1.219152e+00
        16         2        2.593690e-01
        17         2       -4.325565e-01
        18         2       -1.351654e+00
        19         2        9.859696e-02
        20         2       -1.098431e+00
        21         2       -4.178924e-01
        22         2        1.354585e+00
        23         2       -6.269778e-01
        24         2        1.061576e+00
        25         2        2.178294e-01
        26         2       -8.205366e-01
        27         2       -8.830302e-02
        28         2        2.725946e-01
        29         2        7.265254e-01
        30         2        2.435377e-01
        31         2        1.831043e-01
        32         2       -1.192382e+00
        33         2        2.311045e+00
        34         2       -1.441051e-01
        35         2        2.464016e-01
        36         2        4.853204e-01
        37         2       -1.130794e+00
        38         2        1.346692e+00
        39         2       -1.855948e-01
        40         2       -3.887214e-01
        41         2       -1.068041e+00
        42         2       -4.757210e-01
        43         2        3.661836e-01
        44         2        1.688162e-01
        45         2       -7.363172e-01
        46         2        2.468628e+00
        47         2       -3.929743e-01
        48         2       -1.777868e-01
        49         2       -1.115355e+00
        50         2        1.516366e+00
        51         2       -2.333816e-01
        52         2        3.970060e-01
        53         2        9.349292e-02
        54         2       -1.431382e+00
        55         2        5.052996e-01
        56         2        4.467249e-01
        57         2        5.445497e-01
        58         2       -7.594411e-01
        59         2       -6.326229e-01
        60         2       -2.093514e-02
        61         2        1.884480e+00
        62         2        5.801522e-01
        63         2        4.457350e-01
        64         2        3.041744e-01
        65         2        9.396892e-01
        66         2        1.038968e+00
        67         2       -8.961650e-01
        68         2        1.252809e+00
        69         2       -7.500435e-01
        70         2       -5.002709e-03
        71         2       -6.085304e-01
        72         2        8.759227e-01
        73         2        2.698020e-01
        74         2       -8.540257e-01
        75         2        4.354210e-01
        76         2       -1.431261e+00
        77         2       -9.535203e-01
        78         2       -8.053047e-01
        79         2       -3.560502e-01
        80         2        5.429713e-01
        81         2       -1.299595e+00
        82         2       -3.423748e-01
        83         2       -8.850345e-01
        84         2        2.062703e+00
        85         2       -1.612937e+00
        86         2       -4.639924e-01
        87         2       -1.258012e+00
        88         2       -6.166502e-01
        89         2       -1.515949e+00
        90         2       -6.964664e-01
        91         2        5.155287e-01
        92         2       -1.108110e+00
        93         2       -8.980244e-01
        94         2       -3.423315e-01
        95         2       -1.419695e+00
        96         2       -9.158473e-01
        97         2        1.207996e+00
        98         2        3.647431e-01
        99         2        7.303240e-01
       100         2        1.407871e+00
         1         3        1.750946e+00
         2         3       -6.961902e-01
         3         3        1.343272e+00
         4         3       -1.280959e+00
         5         3        1.722787e+00
         6         3       -1.422501e-01
         7         3       -5.887757e-01
         8         3       -1.025890e+00
         9         3       -1.194321e+00
        10         3       -2.360886e-01
        11         3       -5.475049e-01
        12         3       -3.612789e-01
        13         3       -6.586725e-01
        14         3       -2.355881e-01
        15         3       -9.021481e-01
        16         3        1.282490e-01
        17         3        1.152955e+00
        18         3        2.708826e-01
        19         3       -9.200513e-01
        20         3        1.221601e+00
        21         3       -9.899795e-01
        22         3       -3.550197e-01
        23         3       -7.731930e-02
        24         3        1.013439e+00
        25         3        9.016465e-01
        26         3       -9.740968e-01
        27         3       -8.227511e-01
        28         3       -8.683772e-01
        29         3       -2.100680e+00
        30         3        7.551126e-01
        31         3       -1.054063e+00
        32         3        1.424616e+00
        33         3       -1.970385e+00
        34         3        6.742887e-01
        35         3       -4.686674e-01
        36         3        4.114213e-01
        37         3        2.317490e+00
        38         3        8.594960e-01
        39         3        1.176277e+00
        40         3       -9.642356e-02
        41         3       -2.402523e-01
        42         3       -1.507026e+00
        43         3       -1.096575e+00
        44         3        1.934505e+00
        45         3       -6.724962e-01
        46         3        3.524226e-01
        47         3       -9.290705e-01
        48         3       -1.674841e+00
        49         3        1.819042e+00
        50         3       -1.891024e+00
        51         3        1.930082e+00
        52         3       -3.159696e-01
        53         3       -6.261442e-01
        54         3        7.590906e-01
        55         3        3.498731e-01
        56         3        2.251108e-01
        57         3       -7.388667e-01
        58         3        6.122700e-02
        59         3        1.398372e+00
        60         3       -1.263315e+00
        61         3        1.375706e-01
        62         3        3.041897e-01
        63         3        8.840253e-01
        64         3       -1.813464e+00
        65         3       -1.036310e+00
        66         3        3.266684e-01
        67         3       -1.984285e+00
        68         3       -1.094958e+00
        69         3        3.380301e-01
        70         3        6.444351e-01
        71         3       -2.439698e+00
        72         3        7.471607e-01
        73         3        7.204126e-01
        74         3        6.684397e-01
        75         3       -5.703153e-01
        76         3        1.001184e-02
        77         3       -2.570551e-02
        78         3       -1.273424e+00
        79         3        1.491204e+00
        80         3        3.811814e-01
        81         3        4.130768e-01
        82         3       -4.574119e-01
        83         3       -1.408838e+00
        84         3       -1.334835e+00
        85         3       -6.215492e-01
        86         3       -2.209904e+00
        87         3        1.146498e+00
        88         3       -7.485818e-02
        89         3        1.561604e+00
        90         3        1.675453e-01
        91         3       -1.337987e-01
        92         3       -5.840567e-01
        93         3       -5.125818e-01
        94         3       -1.236456e+00
        95         3       -1.583625e+00
        96         3       -6.425455e-01
        97         3        9.059489e-01
        98         3        3.165046e+00
        99         3       -1.661538e+00
       100         3        4.769640e-01
         1         4        9.516408e-01
         2         4       -1.614840e+00
         3         4       -6.625800e-01
         4         4        6.374482e-01
         5         4       -5.871399e-01
         6         4        8.794787e-01
         7         4       -8.372510e-01
         8         4       -1.430999e-01
         9         4       -3.022354e-01
        10         4       -5.515962e-01
        11         4       -5.381490e-01
        12         4        1.149103e-01
        13         4       -2.074453e-01
        14         4        9.130232e-01
        15         4        6.581703e-01
        16         4        1.330502e+00
        17         4        5.909781e-01
        18         4        1.914062e+00
        19         4        3.540774e-01
        20         4       -5.786780e-01
        21         4       -9.987479e-01
        22         4        7.687149e-01
        23         4       -1.523619e-01
        24         4        6.549229e-01
        25         4       -1.363476e+00
        26         4       -4.414918e-01
        27         4       -4.465033e-01
        28         4        1.077213e+00
        29         4       -4.227474e-02
        30         4       -4.334780e-02
        31         4        8.732082e-01
        32         4        6.063384e-01
        33         4       -7.194351e-01
        34         4       -2.292118e+00
        35         4       -8.548934e-01
        36         4        1.778890e+00
        37         4       -3.794679e-01
        38         4        5.057735e-01
        39         4       -8.254589e-01
        40         4       -1.003028e+00
        41         4       -3.648253e-01
        42         4        1.841276e+00
        43         4       -1.657825e-03
        44         4       -2.391750e+00
        45         4        2.797945e-01
        46         4       -8.319955e-01
        47         4       -6.565889e-01
        48         4       -1.137201e+00
        49         4       -9.668091e-01
        50         4       -4.244161e-01
        51         4       -1.082881e+00
        52         4        2.924214e-01
        53         4       -3.358892e-01
        54         4        6.135609e-01
        55         4       -8.333217e-01
        56         4        5.241824e-01
        57         4       -1.806582e-01
        58         4       -8.988083e-01
        59         4       -8.104207e-01
        60         4       -1.223505e+00
        61         4       -2.274176e-03
        62         4        1.757612e+00
        63         4       -6.332044e-01
        64         4        1.723048e-01
        65         4        6.533001e-01
        66         4        1.410813e+00
        67         4       -9.155654e-01
        68         4       -6.625893e-02
        69         4       -8.847446e-01
        70         4       -3.236419e-01
        71         4       -4.561642e-01
        72         4        8.253044e-01
        73         4        2.001876e+00
        74         4        9.672171e-01
        75         4       -1.154769e+00
        76         4        6.437439e-01
        77         4        1.787759e+00
        78         4       -2.776909e-01
        79         4        2.255799e-01
        80         4        2.519226e-01
        81         4       -7.309758e-01
        82         4       -8.547971e-01
        83         4       -7.618257e-01
        84         4       -1.171756e+00
        85         4        8.177771e-01
        86         4       -5.150419e-01
        87         4        4.204291e-01
        88         4       -1.354824e+00
        89         4       -1.140509e-02
        90         4        2.772044e+00
        91         4        1.581262e+00
        92         4       -1.886632e+00
        93         4        2.792883e-01
        94         4        2.172839e-01
        95         4        8.944206e-01
        96         4       -3.623535e-01
        97         4        4.481643e-01
        98         4        2.786742e+00
        99         4       -3.016038e-01
       100         4        1.354963e-01
         1         5        1.027999e+00
         2         5        5.081622e-01
         3         5       -1.239814e+00
         4         5       -1.709930e+00
         5         5       -6.008312e-02
         6         5        8.937420e-01
         7         5       -1.210162e+00
         8         5       -1.051775e+00
         9         5        3.072235e-01
        10         5        2.861132e-01
        11         5       -3.067091e-01
        12         5       -3.333999e-01
        13         5        5.973874e-01
        14         5        1.169514e+00
        15         5        2.801831e-01
        16         5       -1.301870e+00
        17         5        2.467028e-01
        18         5       -7.799093e-01
        19         5        1.127869e+00
        20         5       -5.941292e-01
        21         5       -9.590589e-01
        22         5       -8.380897e-01
        23         5       -2.416653e+00
        24         5       -1.165671e+00
        25         5       -3.242722e-01
        26         5        1.986740e-01
        27         5       -2.359592e+00
        28         5        8.478686e-01
        29         5        9.289918e-01
        30         5       -1.286575e+00
        31         5       -5.845408e-01
        32         5        4.217972e-02
        33         5        8.529463e-01
        34         5        1.989427e+00
        35         5       -2.044052e+00
        36         5        1.987409e-01
        37         5        3.004292e-01
        38         5        1.536135e+00
        39         5       -1.894800e-01
        40         5       -2.224164e+00
        41         5        3.881705e-01
        42         5       -1.147812e+00
        43         5        9.827595e-01
        44         5        1.335921e+00
        45         5       -4.631754e-01
        46         5       -8.685120e-01
        47         5       -7.901240e-01
        48         5        2.983054e-01
        49         5       -9.206483e-01
        50         5       -7.144737e-01
        51         5        1.931310e+00
        52         5        5.102281e-01
        53         5        7.238118e-01
        54         5       -5.782771e-01
        55         5        5.569185e-01
        56         5        5.553899e-01
        57         5        9.081014e-01
        58         5        6.539992e-01
        59         5       -1.233423e+00
        60         5       -8.427275e-01
        61         5        3.739911e-01
        62         5       -4.909013e-02
        63         5        1.011941e-02
        64         5       -1.001432e+00
        65         5        1.186209e+00
        66         5       -1.586309e-01
        67         5        2.720113e-01
        68         5        8.660201e-01
        69         5        1.061133e+00
        70         5        5.956612e-01
        71         5        1.726116e+00
        72         5        1.309418e+00
        73         5       -1.129394e-01
        74         5        5.007756e-01
        75         5        1.769260e+00
        76         5       -1.506635e+00
        77         5        2.623414e-01
        78         5       -5.553395e-02
        79         5        1.031956e+00
        80         5       -1.645358e+00
        81         5       -6.750272e-01
        82         5       -5.166095e-02
        83         5        5.418375e-02
        84         5        9.843661e-01
        85         5        2.503918e+00
        86         5        2.148824e-01
        87         5        1.820158e-01
        88         5        1.180286e+00
        89         5       -1.364588e+00
        90         5        1.462853e-01
        91         5        1.508222e+00
        92         5        1.940687e+00
        93         5       -6.911959e-01
        94         5        1.098215e-01
        95         5        3.110483e-01
        96         5       -1.847536e-01
        97         5        2.620781e+00
        98         5       -1.246001e+00
        99         5        7.790962e-02
       100         5        2.110705e+00
;
param X_Original:=
    1        4.599934e-01
    2        9.261722e-01
    3       -6.933458e-01
    4       -2.485252e-01
    5       -3.064188e-01
    6        8.316373e-01
    7        6.380751e-01
    8       -8.565650e-01
    9        1.948256e-01
   10        4.783756e-01
   11       -2.392828e-01
   12        1.955548e+00
   13        1.034606e+00
   14        1.703769e+00
   15       -1.792427e+00
   16       -1.147115e-01
   17        1.222911e+00
   18        2.672670e+00
   19       -5.967491e+00
   20       -2.821236e-01
   21        6.185780e-03
   22       -1.394771e+00
   23       -1.970738e-01
   24       -6.476688e-01
   25        3.169601e-01
   26        3.654147e-01
   27       -1.173596e+00
   28       -5.615660e-01
   29       -4.495657e+00
   30       -8.574002e-01
   31        1.824111e+00
   32        1.422336e+00
   33       -5.940556e-01
   34        1.896833e+00
   35        7.441778e-01
   36        3.847324e+00
   37       -1.436611e-01
   38       -8.697346e-01
   39       -3.992623e-01
   40       -1.224573e+00
   41       -7.359356e-01
   42       -1.226585e+00
   43       -3.939525e-03
   44        1.696511e+00
   45        3.532876e+00
   46       -4.118708e+00
   47       -1.151112e-02
   48       -2.349505e-01
   49       -1.860245e-01
   50       -4.976167e-01
   51        1.186981e-01
   52        1.893836e+00
   53       -5.225600e-01
   54       -8.568666e-02
   55       -1.806815e-01
   56       -7.258882e-01
   57       -7.809432e-01
   58        1.764870e+00
   59        4.156922e+00
   60        5.635893e-01
   61        6.988122e-01
   62        2.103557e+00
   63        8.818479e-01
   64        4.208204e-01
   65        9.802518e-01
   66       -7.032032e-02
   67        2.400136e+00
   68       -5.578915e-01
   69        9.018946e-01
   70        5.120672e-02
   71        1.364871e+00
   72       -9.517103e-01
   73       -7.791224e-01
   74        5.658252e-01
   75        1.795118e+00
   76       -3.372817e+00
   77        1.080597e-01
   78       -6.641757e-01
   79        1.019669e+00
   80       -7.405874e-01
   81       -1.510131e+00
   82        5.243298e-01
   83        1.581730e+00
   84       -1.158538e+00
   85        7.110017e-01
   86        1.125331e+00
   87        8.044947e-01
   88       -6.144406e-02
   89        6.057299e+00
   90        2.687650e+00
   91       -4.897164e-01
   92        1.154865e+00
   93        4.461222e-01
   94        5.951623e-01
   95        9.207408e-01
   96       -5.786762e-01
   97       -1.105157e+00
   98        1.139497e-01
   99       -3.737862e-01
  100        6.640635e-01
;
param outliervec_original :=
    1    1
    2    1
    3    1
    4    1
    5    1
    6    1
    7    1
    8    1
    9    1
   10    1
   11    1
   12    0
   13    1
   14    0
   15    1
   16    1
   17    1
   18    0
   19    0
   20    1
   21    1
   22    1
   23    1
   24    1
   25    1
   26    1
   27    1
   28    1
   29    0
   30    1
   31    1
   32    1
   33    1
   34    1
   35    1
   36    0
   37    1
   38    1
   39    1
   40    1
   41    1
   42    1
   43    1
   44    1
   45    0
   46    0
   47    1
   48    1
   49    1
   50    1
   51    1
   52    1
   53    1
   54    1
   55    1
   56    1
   57    1
   58    1
   59    0
   60    1
   61    1
   62    0
   63    1
   64    1
   65    1
   66    1
   67    0
   68    1
   69    1
   70    1
   71    1
   72    1
   73    1
   74    1
   75    0
   76    1
   77    1
   78    1
   79    1
   80    1
   81    1
   82    1
   83    1
   84    1
   85    1
   86    1
   87    1
   88    1
   89    0
   90    0
   91    1
   92    1
   93    1
   94    1
   95    1
   96    1
   97    1
   98    1
   99    1
  100    0
;
param d:= 74;
param r:=5;
param p:=0.840000;
param M:=1000;
param U:=
         1         1       -3.781143e-01
         2         1        1.708786e-01
         3         1       -9.767597e-01
         4         1        4.526438e-02
         5         1       -6.593544e-01
         6         1        4.341204e-01
         7         1        5.478491e-02
         8         1        1.220627e-01
         9         1        4.592618e-01
        10         1        1.257721e+00
        11         1        1.270108e+00
        12         1        9.011084e-02
        13         1       -1.453987e+00
        14         1        3.804158e-01
        15         1       -2.839580e-01
        16         1       -2.723809e+00
        17         1       -3.652648e-01
        18         1        1.245056e+00
        19         1       -1.236070e+00
        20         1        6.376336e-02
        21         1       -1.511517e+00
        22         1        3.382813e-01
        23         1       -1.066162e+00
        24         1       -9.335750e-01
        25         1       -5.485255e-01
        26         1       -8.869980e-01
        27         1        6.027989e-01
        28         1        9.871085e-01
        29         1        3.610336e-01
        30         1        8.718899e-01
        31         1       -1.168835e+00
        32         1        6.645594e-02
        33         1        2.268333e-01
        34         1       -1.505765e-01
        35         1       -9.639863e-01
        36         1       -1.496003e-01
        37         1        1.907586e+00
        38         1       -2.978530e-01
        39         1        2.634940e-01
        40         1        3.773058e-01
        41         1       -3.669679e-02
        42         1       -1.071989e+00
        43         1        1.378237e+00
        44         1       -3.065106e-01
        45         1       -3.489150e-01
        46         1        8.433495e-01
        47         1        1.558164e+00
        48         1        1.524492e+00
        49         1        1.471607e+00
        50         1        1.877303e-01
        51         1        1.368500e+00
        52         1        7.515823e-01
        53         1       -1.087797e+00
        54         1        2.739916e+00
        55         1       -3.769227e-01
        56         1        1.431935e+00
        57         1        3.624905e-01
        58         1       -3.863666e-02
        59         1        3.876053e-02
        60         1        1.593466e+00
        61         1        8.424864e-01
        62         1        2.038606e-01
        63         1       -1.306803e+00
        64         1        1.799531e+00
        65         1       -1.867138e-02
        66         1        3.779432e-01
        67         1       -2.566784e-01
        68         1        1.453804e+00
        69         1       -6.734432e-01
        70         1       -5.821599e-01
        71         1       -1.238391e+00
        72         1       -8.345041e-01
        73         1        4.178405e-01
        74         1       -1.029510e-01
         1         2       -4.635600e-02
         2         2       -9.393169e-01
         3         2       -1.165014e+00
         4         2       -4.963096e-01
         5         2       -7.216630e-02
         6         2       -5.222207e-01
         7         2        7.114215e-01
         8         2        3.018089e-01
         9         2       -8.772529e-02
        10         2        1.865552e+00
        11         2       -1.414169e-01
        12         2        2.246943e-02
        13         2       -1.219152e+00
        14         2       -4.325565e-01
        15         2       -1.351654e+00
        16         2        9.859696e-02
        17         2       -1.098431e+00
        18         2       -4.178924e-01
        19         2        1.354585e+00
        20         2       -6.269778e-01
        21         2        1.061576e+00
        22         2        2.178294e-01
        23         2       -8.830302e-02
        24         2        2.725946e-01
        25         2        7.265254e-01
        26         2        2.435377e-01
        27         2       -1.192382e+00
        28         2        2.311045e+00
        29         2        2.464016e-01
        30         2        4.853204e-01
        31         2       -1.130794e+00
        32         2       -1.855948e-01
        33         2       -3.887214e-01
        34         2       -1.068041e+00
        35         2       -4.757210e-01
        36         2        3.661836e-01
        37         2       -7.363172e-01
        38         2        2.468628e+00
        39         2       -1.777868e-01
        40         2       -2.333816e-01
        41         2        9.349292e-02
        42         2       -1.431382e+00
        43         2        5.052996e-01
        44         2        4.467249e-01
        45         2        5.445497e-01
        46         2       -7.594411e-01
        47         2       -6.326229e-01
        48         2       -2.093514e-02
        49         2        1.884480e+00
        50         2        5.801522e-01
        51         2        4.457350e-01
        52         2        9.396892e-01
        53         2        1.038968e+00
        54         2       -8.961650e-01
        55         2        1.252809e+00
        56         2       -7.500435e-01
        57         2       -5.002709e-03
        58         2        8.759227e-01
        59         2       -8.540257e-01
        60         2        4.354210e-01
        61         2       -8.053047e-01
        62         2        5.429713e-01
        63         2       -1.299595e+00
        64         2       -3.423748e-01
        65         2        2.062703e+00
        66         2       -1.612937e+00
        67         2       -1.258012e+00
        68         2       -1.515949e+00
        69         2       -6.964664e-01
        70         2       -8.980244e-01
        71         2       -9.158473e-01
        72         2        1.207996e+00
        73         2        7.303240e-01
        74         2        1.407871e+00
         1         3        1.750946e+00
         2         3        1.343272e+00
         3         3       -1.280959e+00
         4         3        1.722787e+00
         5         3       -1.422501e-01
         6         3       -5.887757e-01
         7         3       -1.025890e+00
         8         3       -1.194321e+00
         9         3       -2.360886e-01
        10         3       -5.475049e-01
        11         3       -3.612789e-01
        12         3       -2.355881e-01
        13         3       -9.021481e-01
        14         3        1.152955e+00
        15         3        2.708826e-01
        16         3       -9.200513e-01
        17         3        1.221601e+00
        18         3       -9.899795e-01
        19         3       -3.550197e-01
        20         3       -7.731930e-02
        21         3        1.013439e+00
        22         3        9.016465e-01
        23         3       -8.227511e-01
        24         3       -8.683772e-01
        25         3       -2.100680e+00
        26         3        7.551126e-01
        27         3        1.424616e+00
        28         3       -1.970385e+00
        29         3       -4.686674e-01
        30         3        4.114213e-01
        31         3        2.317490e+00
        32         3        1.176277e+00
        33         3       -9.642356e-02
        34         3       -2.402523e-01
        35         3       -1.507026e+00
        36         3       -1.096575e+00
        37         3       -6.724962e-01
        38         3        3.524226e-01
        39         3       -1.674841e+00
        40         3        1.930082e+00
        41         3       -6.261442e-01
        42         3        7.590906e-01
        43         3        3.498731e-01
        44         3        2.251108e-01
        45         3       -7.388667e-01
        46         3        6.122700e-02
        47         3        1.398372e+00
        48         3       -1.263315e+00
        49         3        1.375706e-01
        50         3        3.041897e-01
        51         3        8.840253e-01
        52         3       -1.036310e+00
        53         3        3.266684e-01
        54         3       -1.984285e+00
        55         3       -1.094958e+00
        56         3        3.380301e-01
        57         3        6.444351e-01
        58         3        7.471607e-01
        59         3        6.684397e-01
        60         3       -5.703153e-01
        61         3       -1.273424e+00
        62         3        3.811814e-01
        63         3        4.130768e-01
        64         3       -4.574119e-01
        65         3       -1.334835e+00
        66         3       -6.215492e-01
        67         3        1.146498e+00
        68         3        1.561604e+00
        69         3        1.675453e-01
        70         3       -5.125818e-01
        71         3       -6.425455e-01
        72         3        9.059489e-01
        73         3       -1.661538e+00
        74         3        4.769640e-01
         1         4        9.516408e-01
         2         4       -6.625800e-01
         3         4        6.374482e-01
         4         4       -5.871399e-01
         5         4        8.794787e-01
         6         4       -8.372510e-01
         7         4       -1.430999e-01
         8         4       -3.022354e-01
         9         4       -5.515962e-01
        10         4       -5.381490e-01
        11         4        1.149103e-01
        12         4        9.130232e-01
        13         4        6.581703e-01
        14         4        5.909781e-01
        15         4        1.914062e+00
        16         4        3.540774e-01
        17         4       -5.786780e-01
        18         4       -9.987479e-01
        19         4        7.687149e-01
        20         4       -1.523619e-01
        21         4        6.549229e-01
        22         4       -1.363476e+00
        23         4       -4.465033e-01
        24         4        1.077213e+00
        25         4       -4.227474e-02
        26         4       -4.334780e-02
        27         4        6.063384e-01
        28         4       -7.194351e-01
        29         4       -8.548934e-01
        30         4        1.778890e+00
        31         4       -3.794679e-01
        32         4       -8.254589e-01
        33         4       -1.003028e+00
        34         4       -3.648253e-01
        35         4        1.841276e+00
        36         4       -1.657825e-03
        37         4        2.797945e-01
        38         4       -8.319955e-01
        39         4       -1.137201e+00
        40         4       -1.082881e+00
        41         4       -3.358892e-01
        42         4        6.135609e-01
        43         4       -8.333217e-01
        44         4        5.241824e-01
        45         4       -1.806582e-01
        46         4       -8.988083e-01
        47         4       -8.104207e-01
        48         4       -1.223505e+00
        49         4       -2.274176e-03
        50         4        1.757612e+00
        51         4       -6.332044e-01
        52         4        6.533001e-01
        53         4        1.410813e+00
        54         4       -9.155654e-01
        55         4       -6.625893e-02
        56         4       -8.847446e-01
        57         4       -3.236419e-01
        58         4        8.253044e-01
        59         4        9.672171e-01
        60         4       -1.154769e+00
        61         4       -2.776909e-01
        62         4        2.519226e-01
        63         4       -7.309758e-01
        64         4       -8.547971e-01
        65         4       -1.171756e+00
        66         4        8.177771e-01
        67         4        4.204291e-01
        68         4       -1.140509e-02
        69         4        2.772044e+00
        70         4        2.792883e-01
        71         4       -3.623535e-01
        72         4        4.481643e-01
        73         4       -3.016038e-01
        74         4        1.354963e-01
         1         5        1.027999e+00
         2         5       -1.239814e+00
         3         5       -1.709930e+00
         4         5       -6.008312e-02
         5         5        8.937420e-01
         6         5       -1.210162e+00
         7         5       -1.051775e+00
         8         5        3.072235e-01
         9         5        2.861132e-01
        10         5       -3.067091e-01
        11         5       -3.333999e-01
        12         5        1.169514e+00
        13         5        2.801831e-01
        14         5        2.467028e-01
        15         5       -7.799093e-01
        16         5        1.127869e+00
        17         5       -5.941292e-01
        18         5       -9.590589e-01
        19         5       -8.380897e-01
        20         5       -2.416653e+00
        21         5       -1.165671e+00
        22         5       -3.242722e-01
        23         5       -2.359592e+00
        24         5        8.478686e-01
        25         5        9.289918e-01
        26         5       -1.286575e+00
        27         5        4.217972e-02
        28         5        8.529463e-01
        29         5       -2.044052e+00
        30         5        1.987409e-01
        31         5        3.004292e-01
        32         5       -1.894800e-01
        33         5       -2.224164e+00
        34         5        3.881705e-01
        35         5       -1.147812e+00
        36         5        9.827595e-01
        37         5       -4.631754e-01
        38         5       -8.685120e-01
        39         5        2.983054e-01
        40         5        1.931310e+00
        41         5        7.238118e-01
        42         5       -5.782771e-01
        43         5        5.569185e-01
        44         5        5.553899e-01
        45         5        9.081014e-01
        46         5        6.539992e-01
        47         5       -1.233423e+00
        48         5       -8.427275e-01
        49         5        3.739911e-01
        50         5       -4.909013e-02
        51         5        1.011941e-02
        52         5        1.186209e+00
        53         5       -1.586309e-01
        54         5        2.720113e-01
        55         5        8.660201e-01
        56         5        1.061133e+00
        57         5        5.956612e-01
        58         5        1.309418e+00
        59         5        5.007756e-01
        60         5        1.769260e+00
        61         5       -5.553395e-02
        62         5       -1.645358e+00
        63         5       -6.750272e-01
        64         5       -5.166095e-02
        65         5        9.843661e-01
        66         5        2.503918e+00
        67         5        1.820158e-01
        68         5       -1.364588e+00
        69         5        1.462853e-01
        70         5       -6.911959e-01
        71         5       -1.847536e-01
        72         5        2.620781e+00
        73         5        7.790962e-02
        74         5        2.110705e+00
;

param theta:=
    1        1.980525e+00
    2       -9.529529e-01
    3        1.598490e+00
    4        1.063245e+00
    5        6.167078e-01
;
param X_true:=
    1        3.666935e+00
    2        1.717523e+00
    3       -3.302596e+00
    4        2.786825e+00
    5        4.770330e-02
    6       -1.276004e+00
    7       -2.926799e+00
    8       -2.071252e+00
    9        3.448035e-01
   10       -7.369105e-01
   11        1.955548e+00
   12        1.703769e+00
   13       -2.227853e+00
   14        3.869320e+00
   15        2.672670e+00
   16       -5.967491e+00
   17        1.540619e+00
   18       -1.700917e-01
   19       -3.980830e+00
   20       -9.480396e-01
   21       -2.493942e+00
   22        4.245180e-01
   23       -5.244860e+00
   24       -1.788785e+00
   25       -4.495657e+00
   26       -1.672022e+00
   27        5.163141e+00
   28       -3.472508e+00
   29       -2.469123e+00
   30        3.847324e+00
   31        2.213807e+00
   32        1.244416e+00
   33       -1.743489e+00
   34        3.441686e-01
   35       -2.453029e+00
   36       -1.773786e+00
   37        3.532876e+00
   38       -4.118708e+00
   39       -2.967522e+00
   40        4.218505e+00
   41       -7.721074e-01
   42        7.810164e-01
   43        2.426852e+00
   44        1.548329e-01
   45       -1.965861e+00
   46        2.133045e+00
   47        4.156922e+00
   48       -1.010017e+00
   49        1.623663e+00
   50        2.103557e+00
   51        3.039960e+00
   52        2.984814e-01
   53       -1.282893e+00
   54        2.400136e+00
   55       -3.197840e+00
   56        3.972850e+00
   57        1.792517e+00
   58        1.900957e+00
   59        3.104773e+00
   60        1.795118e+00
   61        1.343692e-01
   62       -4.985732e-01
   63       -1.903393e+00
   64        2.226836e+00
   65       -4.931969e+00
   66        3.559719e+00
   67        3.098015e+00
   68        6.057299e+00
   69        2.687650e+00
   70       -1.112227e+00
   71       -3.149567e+00
   72        6.831475e-01
   73       -2.919959e+00
   74        6.640635e-01
;
param X:=
    1        4.599934e-01
    2       -6.933458e-01
    3       -2.485252e-01
    4       -3.064188e-01
    5        8.316373e-01
    6        6.380751e-01
    7       -8.565650e-01
    8        1.948256e-01
    9        4.783756e-01
   10       -2.392828e-01
   11        1.955548e+00
   12        1.703769e+00
   13       -1.792427e+00
   14        1.222911e+00
   15        2.672670e+00
   16       -5.967491e+00
   17       -2.821236e-01
   18        6.185780e-03
   19       -1.394771e+00
   20       -1.970738e-01
   21       -6.476688e-01
   22        3.169601e-01
   23       -1.173596e+00
   24       -5.615660e-01
   25       -4.495657e+00
   26       -8.574002e-01
   27        1.422336e+00
   28       -5.940556e-01
   29        7.441778e-01
   30        3.847324e+00
   31       -1.436611e-01
   32       -3.992623e-01
   33       -1.224573e+00
   34       -7.359356e-01
   35       -1.226585e+00
   36       -3.939525e-03
   37        3.532876e+00
   38       -4.118708e+00
   39       -2.349505e-01
   40        1.186981e-01
   41       -5.225600e-01
   42       -8.568666e-02
   43       -1.806815e-01
   44       -7.258882e-01
   45       -7.809432e-01
   46        1.764870e+00
   47        4.156922e+00
   48        5.635893e-01
   49        6.988122e-01
   50        2.103557e+00
   51        8.818479e-01
   52        9.802518e-01
   53       -7.032032e-02
   54        2.400136e+00
   55       -5.578915e-01
   56        9.018946e-01
   57        5.120672e-02
   58       -9.517103e-01
   59        5.658252e-01
   60        1.795118e+00
   61       -6.641757e-01
   62       -7.405874e-01
   63       -1.510131e+00
   64        5.243298e-01
   65       -1.158538e+00
   66        7.110017e-01
   67        8.044947e-01
   68        6.057299e+00
   69        2.687650e+00
   70        4.461222e-01
   71       -5.786762e-01
   72       -1.105157e+00
   73       -3.737862e-01
   74        6.640635e-01
;
param outliervec:=
    1    1
    2    1
    3    1
    4    1
    5    1
    6    1
    7    1
    8    1
    9    1
   10    1
   11    0
   12    0
   13    1
   14    1
   15    0
   16    0
   17    1
   18    1
   19    1
   20    1
   21    1
   22    1
   23    1
   24    1
   25    0
   26    1
   27    1
   28    1
   29    1
   30    0
   31    1
   32    1
   33    1
   34    1
   35    1
   36    1
   37    0
   38    0
   39    1
   40    1
   41    1
   42    1
   43    1
   44    1
   45    1
   46    1
   47    0
   48    1
   49    1
   50    0
   51    1
   52    1
   53    1
   54    0
   55    1
   56    1
   57    1
   58    1
   59    1
   60    0
   61    1
   62    1
   63    1
   64    1
   65    1
   66    1
   67    1
   68    0
   69    0
   70    1
   71    1
   72    1
   73    1
   74    0
; 
param greedy_time :=         2.628555e-01
;