data;


param FN:= 0;
param D:= 100;
param U_Original:=
         1         1       -1.240548e+00
         2         1       -8.988961e-02
         3         1       -1.057417e+00
         4         1       -1.206467e+00
         5         1        5.496554e-01
         6         1       -9.861515e-01
         7         1       -1.191310e+00
         8         1        1.852540e+00
         9         1       -1.411278e+00
        10         1       -1.208595e-01
        11         1       -4.319083e-01
        12         1        2.353783e-01
        13         1       -4.815157e-01
        14         1        1.930145e+00
        15         1       -1.093007e+00
        16         1       -2.016791e+00
        17         1        2.362788e-01
        18         1       -1.299587e+00
        19         1       -8.904673e-01
        20         1        1.296004e+00
        21         1        1.094813e+00
        22         1       -1.828098e-01
        23         1        6.759833e-01
        24         1        1.162521e-01
        25         1        1.675279e-01
        26         1        2.262802e+00
        27         1       -1.235240e+00
        28         1       -7.824071e-02
        29         1       -8.864533e-01
        30         1        7.016480e-01
        31         1        7.362527e-01
        32         1       -1.363806e-01
        33         1       -1.324253e+00
        34         1       -1.578522e-02
        35         1        9.098228e-01
        36         1        1.792245e+00
        37         1       -1.211668e-01
        38         1        4.166083e-02
        39         1       -1.417084e+00
        40         1       -1.284231e+00
        41         1       -4.397674e-02
        42         1        2.031917e-01
        43         1       -1.374627e+00
        44         1       -2.950031e-01
        45         1        1.895631e+00
        46         1       -4.578039e-01
        47         1        1.375688e+00
        48         1        9.212543e-02
        49         1       -5.717211e-01
        50         1        1.277554e+00
        51         1       -1.139542e+00
        52         1       -8.681020e-01
        53         1       -1.219648e+00
        54         1        7.419003e-01
        55         1        8.468054e-01
        56         1        1.054641e+00
        57         1        1.110158e-01
        58         1        6.668357e-01
        59         1        5.725247e-01
        60         1        8.676724e-01
        61         1        2.867201e-01
        62         1        1.172691e+00
        63         1       -6.661495e-01
        64         1        1.324755e+00
        65         1       -1.147489e-02
        66         1        2.088373e+00
        67         1        1.375461e+00
        68         1        1.531614e+00
        69         1       -5.258475e-01
        70         1       -1.082882e+00
        71         1       -1.544739e+00
        72         1        1.994361e+00
        73         1        4.322163e-01
        74         1       -1.659437e+00
        75         1       -9.955294e-01
        76         1        2.888722e+00
        77         1       -6.430497e-01
        78         1       -5.657248e-01
        79         1        1.241329e+00
        80         1        1.310860e+00
        81         1       -4.448249e-01
        82         1        1.580567e+00
        83         1        7.358252e-01
        84         1        7.773278e-01
        85         1       -4.092328e-02
        86         1        1.211172e+00
        87         1       -7.535123e-01
        88         1       -1.279927e-01
        89         1        5.132205e-01
        90         1        6.514902e-01
        91         1        8.422713e-01
        92         1        4.639496e-02
        93         1        1.174926e+00
        94         1        1.136411e+00
        95         1       -4.741669e-01
        96         1        1.004014e+00
        97         1       -1.173167e+00
        98         1       -3.644282e-01
        99         1        1.283113e+00
       100         1        3.376779e-01
         1         2       -1.766929e+00
         2         2       -4.212287e-01
         3         2        5.957720e-01
         4         2        4.973143e-01
         5         2       -5.622169e-01
         6         2       -1.205437e+00
         7         2       -1.289826e+00
         8         2       -8.713385e-01
         9         2       -1.016069e+00
        10         2       -3.222406e-01
        11         2       -1.252624e+00
        12         2        2.711792e+00
        13         2       -1.012920e+00
        14         2        1.428207e+00
        15         2        7.110223e-01
        16         2       -4.326919e-02
        17         2        8.273509e-01
        18         2        2.011709e+00
        19         2       -1.333190e+00
        20         2       -4.406367e-01
        21         2        4.353133e-01
        22         2       -6.848989e-01
        23         2        3.984239e-01
        24         2        2.541218e-01
        25         2        9.762470e-01
        26         2       -1.027664e-01
        27         2        2.262366e+00
        28         2       -1.139811e+00
        29         2       -4.578380e-01
        30         2        1.726802e-02
        31         2       -9.099614e-01
        32         2       -1.589059e+00
        33         2       -1.530126e+00
        34         2       -5.783845e-02
        35         2        7.815070e-01
        36         2        1.532600e+00
        37         2        3.235812e-01
        38         2        9.327511e-01
        39         2        5.623657e-01
        40         2       -8.588285e-01
        41         2       -1.283987e+00
        42         2        6.296411e-01
        43         2       -7.814753e-01
        44         2        1.198043e+00
        45         2        1.251596e-01
        46         2        1.426272e+00
        47         2        1.017197e+00
        48         2       -1.717601e-01
        49         2       -8.841223e-01
        50         2       -8.993314e-01
        51         2       -1.111347e+00
        52         2        6.455319e-01
        53         2       -1.463388e+00
        54         2       -1.395098e+00
        55         2       -8.554455e-01
        56         2        3.173455e-01
        57         2        1.609538e-01
        58         2       -1.057954e-01
        59         2        1.111341e+00
        60         2       -4.128403e-01
        61         2       -8.199865e-02
        62         2       -1.230152e+00
        63         2       -5.384407e-01
        64         2        1.254694e+00
        65         2       -2.894812e-01
        66         2        1.195355e+00
        67         2       -1.073300e+00
        68         2       -2.648697e-01
        69         2       -1.399580e+00
        70         2       -2.087700e-01
        71         2       -1.750672e+00
        72         2       -9.588871e-01
        73         2       -7.002142e-01
        74         2       -1.932064e-01
        75         2       -4.670609e-01
        76         2       -5.997708e-01
        77         2       -3.233950e-02
        78         2       -5.103997e-01
        79         2       -5.527624e-01
        80         2       -1.457020e+00
        81         2        1.567129e+00
        82         2       -2.855640e+00
        83         2        9.976574e-01
        84         2        1.426045e+00
        85         2       -4.314560e-01
        86         2       -2.742812e-01
        87         2       -7.216394e-01
        88         2       -1.179661e+00
        89         2        5.880045e-03
        90         2        1.165240e+00
        91         2       -1.088242e-01
        92         2       -1.075161e+00
        93         2       -7.878242e-01
        94         2        1.612662e+00
        95         2       -1.973698e-01
        96         2        7.201218e-01
        97         2        8.906580e-01
        98         2        6.321136e-01
        99         2       -1.261120e+00
       100         2        6.825887e-01
         1         3       -1.404062e+00
         2         3       -3.591274e-01
         3         3       -1.180780e+00
         4         3       -5.788189e-01
         5         3        1.538407e-01
         6         3        1.187102e+00
         7         3        1.046954e+00
         8         3        3.091047e-01
         9         3       -3.471995e-01
        10         3       -1.730746e+00
        11         3        4.768111e-01
        12         3        4.011890e-01
        13         3       -1.306966e+00
        14         3       -9.375903e-01
        15         3        1.444202e+00
        16         3       -3.130947e-01
        17         3       -8.499631e-01
        18         3        1.539214e-01
        19         3       -6.942785e-01
        20         3       -7.080011e-01
        21         3        1.498009e+00
        22         3       -4.339835e-01
        23         3        5.116398e-01
        24         3       -3.221454e-02
        25         3       -1.300127e+00
        26         3       -5.613272e-01
        27         3       -2.865496e-01
        28         3       -1.589386e+00
        29         3       -1.191510e+00
        30         3        1.604001e+00
        31         3       -1.723308e+00
        32         3       -1.541258e+00
        33         3       -2.697270e-01
        34         3        8.689862e-01
        35         3        6.067602e-01
        36         3       -1.242726e+00
        37         3        3.125498e-01
        38         3        1.981605e-01
        39         3       -1.172192e-01
        40         3       -1.426333e+00
        41         3       -8.630621e-01
        42         3        8.778950e-01
        43         3       -1.662663e-01
        44         3       -5.510621e-01
        45         3        2.306076e+00
        46         3        1.104945e+00
        47         3        4.882891e-01
        48         3        3.856001e-02
        49         3       -6.034163e-01
        50         3        2.461180e-01
        51         3       -4.186310e-01
        52         3        2.363321e-01
        53         3        5.081293e-01
        54         3       -1.901739e+00
        55         3       -6.415829e-01
        56         3        4.062736e-01
        57         3        1.761708e+00
        58         3       -8.990032e-01
        59         3        4.539689e-01
        60         3        2.145167e-01
        61         3       -4.951103e-01
        62         3        2.695259e-01
        63         3       -7.631941e-01
        64         3       -6.166201e-01
        65         3       -9.936424e-01
        66         3        8.705928e-02
        67         3       -1.314418e+00
        68         3       -5.550299e-01
        69         3       -2.977418e-01
        70         3       -2.015588e-01
        71         3       -4.472038e-01
        72         3        1.947008e-01
        73         3       -5.565122e-01
        74         3       -1.501509e+00
        75         3       -4.484285e-01
        76         3        9.915650e-01
        77         3        2.135669e-01
        78         3       -1.544831e+00
        79         3        3.765691e-01
        80         3       -7.149462e-01
        81         3        1.177169e+00
        82         3        1.125648e+00
        83         3        8.034687e-01
        84         3        1.872680e+00
        85         3        1.853889e+00
        86         3        2.351709e+00
        87         3        6.812852e-01
        88         3       -7.443255e-02
        89         3       -9.635060e-01
        90         3       -3.164584e-02
        91         3       -2.333234e-01
        92         3       -8.600988e-01
        93         3        2.119587e+00
        94         3        1.336658e+00
        95         3        1.736718e+00
        96         3       -1.001499e+00
        97         3       -1.138662e+00
        98         3       -1.806373e-01
        99         3        1.887448e+00
       100         3       -1.205942e+00
         1         4       -3.803614e-01
         2         4        1.159079e-01
         3         4       -5.650953e-01
         4         4        2.211692e+00
         5         4        6.837009e-01
         6         4       -1.024626e+00
         7         4       -3.889693e-01
         8         4        7.747673e-02
         9         4        6.214607e-01
        10         4       -1.392127e+00
        11         4       -2.124924e+00
        12         4       -1.854145e+00
        13         4       -6.314405e-01
        14         4       -1.113070e+00
        15         4       -9.537209e-01
        16         4       -5.019938e-01
        17         4        1.015411e+00
        18         4        1.299365e-03
        19         4        1.493637e+00
        20         4        4.239371e-01
        21         4       -1.225322e+00
        22         4       -1.393130e-01
        23         4        7.987968e-01
        24         4        1.395515e-01
        25         4        1.436595e+00
        26         4       -5.063127e-01
        27         4       -1.332598e+00
        28         4       -4.783294e-01
        29         4        1.209080e+00
        30         4        1.306833e+00
        31         4        1.742058e-01
        32         4       -5.053611e-01
        33         4        1.147121e+00
        34         4        8.039921e-01
        35         4       -2.196058e-01
        36         4       -2.920968e-01
        37         4       -1.288866e+00
        38         4        1.120205e+00
        39         4       -1.615206e+00
        40         4       -7.334407e-01
        41         4        2.246890e-01
        42         4        6.018206e-01
        43         4        1.632863e-02
        44         4       -5.385075e-01
        45         4        8.728188e-02
        46         4       -1.502825e-01
        47         4        4.379837e-01
        48         4       -7.168202e-01
        49         4        1.664289e+00
        50         4        2.497896e-01
        51         4       -1.422982e+00
        52         4        1.034664e+00
        53         4       -1.987296e+00
        54         4        2.024736e-01
        55         4       -8.421359e-01
        56         4       -3.850209e-01
        57         4       -1.675766e+00
        58         4       -8.937712e-01
        59         4       -1.366467e+00
        60         4        7.885662e-01
        61         4       -5.599930e-01
        62         4        1.577843e+00
        63         4       -1.038458e+00
        64         4       -9.067827e-01
        65         4       -7.539696e-02
        66         4        1.034330e+00
        67         4        1.434233e+00
        68         4       -2.285192e+00
        69         4       -6.680599e-02
        70         4        2.299738e+00
        71         4        5.199085e-01
        72         4        6.160466e-01
        73         4       -1.088517e+00
        74         4        1.020735e+00
        75         4        6.224024e-01
        76         4        8.711962e-01
        77         4        1.634299e+00
        78         4        8.954646e-01
        79         4       -4.499966e-01
        80         4        2.097973e-01
        81         4       -3.964830e-01
        82         4       -1.132366e+00
        83         4        1.878997e+00
        84         4        2.800676e-01
        85         4       -4.335388e-02
        86         4        7.113862e-01
        87         4        8.157187e-01
        88         4        1.154789e-01
        89         4        1.217701e+00
        90         4       -4.414818e-01
        91         4        4.867514e-01
        92         4       -2.284825e-01
        93         4        2.307219e+00
        94         4        4.072941e-01
        95         4        5.976937e-01
        96         4       -7.081996e-01
        97         4        4.141492e-01
        98         4       -3.349896e-01
        99         4        2.756770e-01
       100         4       -3.415791e-01
         1         5        7.383708e-01
         2         5        1.080694e+00
         3         5       -1.216783e-01
         4         5        6.048173e-01
         5         5       -4.649544e-01
         6         5       -6.142849e-02
         7         5        9.341651e-01
         8         5        8.809058e-01
         9         5        1.060665e-01
        10         5       -8.012234e-01
        11         5        2.564401e+00
        12         5       -1.174009e+00
        13         5        1.620175e+00
        14         5       -1.730209e+00
        15         5       -3.963191e-01
        16         5        1.348482e+00
        17         5        1.633447e+00
        18         5        1.544318e+00
        19         5       -3.696827e-01
        20         5        2.925263e-01
        21         5        2.046461e-01
        22         5       -6.423026e-01
        23         5       -8.107165e-02
        24         5        4.011119e-01
        25         5        3.996128e-01
        26         5       -7.599091e-01
        27         5       -2.212407e+00
        28         5       -1.709065e+00
        29         5        9.469702e-02
        30         5        1.036001e+00
        31         5       -1.533056e+00
        32         5       -1.242465e+00
        33         5       -3.683570e-01
        34         5        4.457917e-01
        35         5       -7.969299e-01
        36         5        4.358989e-01
        37         5        3.020971e+00
        38         5       -2.183754e-01
        39         5        1.678695e+00
        40         5       -9.619546e-01
        41         5       -1.005569e+00
        42         5        2.122328e+00
        43         5       -4.423518e-01
        44         5        9.564416e-01
        45         5       -8.481540e-01
        46         5       -1.671257e+00
        47         5       -5.397055e-03
        48         5        8.276524e-02
        49         5        5.511960e-01
        50         5        7.343493e-01
        51         5        1.356151e+00
        52         5        4.389267e-01
        53         5       -8.581972e-01
        54         5        1.501851e-01
        55         5        4.686777e-01
        56         5        8.469446e-01
        57         5       -1.255673e-01
        58         5        7.171602e-01
        59         5        1.294751e+00
        60         5       -6.053409e-01
        61         5        1.564223e+00
        62         5        1.938335e+00
        63         5       -1.751331e-01
        64         5        2.716558e-01
        65         5        1.515169e+00
        66         5        2.987202e-01
        67         5       -3.101910e-01
        68         5       -7.147461e-01
        69         5       -2.665470e-01
        70         5       -1.675297e+00
        71         5        5.085149e-01
        72         5       -9.597962e-01
        73         5       -6.673641e-01
        74         5        2.555367e-01
        75         5        2.201926e-02
        76         5       -4.851217e-01
        77         5        3.769931e-01
        78         5        1.934430e-02
        79         5       -8.580140e-01
        80         5        4.226538e-01
        81         5       -1.476108e+00
        82         5        2.068664e-01
        83         5       -1.501274e+00
        84         5        2.037609e-01
        85         5        1.208397e+00
        86         5       -1.147693e+00
        87         5       -8.426251e-01
        88         5        1.268781e+00
        89         5       -1.189582e+00
        90         5       -3.469062e-01
        91         5       -2.717425e-01
        92         5       -2.457167e-01
        93         5       -1.752725e+00
        94         5        5.386122e-01
        95         5        4.958047e-01
        96         5       -1.297182e+00
        97         5        6.501679e-01
        98         5       -6.346970e-01
        99         5        5.115645e-01
       100         5        4.337050e-01
;
param X_Original:=
    1       -1.313037e-01
    2        7.321598e-01
    3       -5.549943e-01
    4       -3.481838e+00
    5       -8.230307e-01
    6        4.897119e+00
    7        2.138087e-01
    8        3.135147e-02
    9       -1.770502e+00
   10       -9.746258e-01
   11        8.899485e+00
   12       -4.021790e+00
   13        1.987537e+00
   14       -4.652488e+00
   15       -4.532623e-02
   16       -2.451483e-01
   17        1.365784e+00
   18       -1.841552e+00
   19        5.039014e-01
   20       -6.182125e-01
   21       -5.210498e-01
   22        9.816543e-01
   23        8.528099e-01
   24       -1.183475e+00
   25        7.754649e-01
   26       -1.014854e+00
   27       -4.947215e+00
   28        1.326014e+00
   29        5.304058e-01
   30        4.924176e-01
   31       -8.025013e-01
   32        3.529203e-01
   33        3.895113e-01
   34        1.687579e+00
   35        6.556789e-01
   36        9.932832e-01
   37        6.478668e-01
   38        4.072459e-01
   39        4.271999e-01
   40       -5.028779e-02
   41        5.289534e-01
   42        8.627055e-01
   43       -1.304703e+00
   44       -9.830178e-01
   45       -2.599739e-01
   46       -2.298282e+00
   47       -1.059861e+00
   48        1.291106e+00
   49        1.700633e+00
   50        1.935926e+00
   51        7.548777e-01
   52       -1.534485e-01
   53       -1.937421e+00
   54        2.125209e+00
   55        2.742788e+00
   56       -1.839738e+00
   57        5.958266e-01
   58        1.130045e+00
   59        1.214629e+00
   60        2.942283e-01
   61       -2.139264e+00
   62       -1.218259e-01
   63        2.055595e+00
   64       -6.108883e-01
   65       -9.457784e-01
   66       -4.037987e+00
   67        2.695368e-01
   68       -4.793518e-01
   69       -1.899520e+00
   70        4.720852e-01
   71        1.070071e+00
   72       -1.005760e-01
   73        1.587154e+00
   74       -1.638184e+00
   75       -2.200819e+00
   76       -5.339038e-01
   77       -1.469609e+00
   78       -1.726380e+00
   79       -1.444371e-01
   80        7.213406e-01
   81        1.508810e-01
   82        5.508118e-04
   83        3.609315e-01
   84        1.001382e-01
   85       -6.492254e-01
   86       -2.162827e-01
   87       -8.860553e-02
   88        3.766510e-02
   89        1.016548e+00
   90        2.513750e-01
   91       -1.242741e+00
   92        1.470508e+00
   93       -6.891038e-01
   94       -4.025875e-02
   95       -1.126648e+00
   96       -1.714920e-01
   97        7.354946e-01
   98        1.191501e+00
   99        5.071364e-02
  100       -2.367710e-01
;
param outliervec_original :=
    1    1
    2    1
    3    1
    4    0
    5    1
    6    0
    7    1
    8    1
    9    1
   10    1
   11    0
   12    0
   13    1
   14    0
   15    1
   16    1
   17    1
   18    0
   19    1
   20    1
   21    1
   22    1
   23    1
   24    1
   25    1
   26    0
   27    0
   28    1
   29    1
   30    1
   31    1
   32    1
   33    1
   34    1
   35    1
   36    1
   37    1
   38    1
   39    1
   40    1
   41    0
   42    0
   43    1
   44    0
   45    1
   46    1
   47    1
   48    1
   49    1
   50    0
   51    1
   52    1
   53    1
   54    1
   55    0
   56    1
   57    1
   58    0
   59    0
   60    1
   61    1
   62    1
   63    0
   64    1
   65    1
   66    0
   67    1
   68    1
   69    1
   70    1
   71    1
   72    1
   73    0
   74    0
   75    1
   76    0
   77    0
   78    1
   79    1
   80    1
   81    1
   82    1
   83    1
   84    1
   85    1
   86    0
   87    1
   88    1
   89    1
   90    1
   91    0
   92    0
   93    1
   94    1
   95    1
   96    1
   97    1
   98    1
   99    1
  100    1
;
param d:= 77;
param r:=5;
param p:=0.760000;
param M:=1000;
param U:=
         1         1       -8.988961e-02
         2         1       -1.057417e+00
         3         1       -1.206467e+00
         4         1        5.496554e-01
         5         1       -9.861515e-01
         6         1        1.852540e+00
         7         1       -1.208595e-01
         8         1       -4.319083e-01
         9         1        2.353783e-01
        10         1       -4.815157e-01
        11         1        1.930145e+00
        12         1       -1.093007e+00
        13         1       -2.016791e+00
        14         1       -1.299587e+00
        15         1       -8.904673e-01
        16         1        1.296004e+00
        17         1        1.094813e+00
        18         1       -1.828098e-01
        19         1        6.759833e-01
        20         1        1.162521e-01
        21         1        2.262802e+00
        22         1       -1.235240e+00
        23         1       -7.824071e-02
        24         1       -8.864533e-01
        25         1        7.016480e-01
        26         1        7.362527e-01
        27         1       -1.363806e-01
        28         1       -1.324253e+00
        29         1       -1.578522e-02
        30         1        9.098228e-01
        31         1       -1.211668e-01
        32         1       -1.417084e+00
        33         1       -1.284231e+00
        34         1       -4.397674e-02
        35         1        2.031917e-01
        36         1       -2.950031e-01
        37         1        1.895631e+00
        38         1       -4.578039e-01
        39         1        1.375688e+00
        40         1        9.212543e-02
        41         1       -5.717211e-01
        42         1        1.277554e+00
        43         1       -8.681020e-01
        44         1        7.419003e-01
        45         1        8.468054e-01
        46         1        1.054641e+00
        47         1        1.110158e-01
        48         1        6.668357e-01
        49         1        5.725247e-01
        50         1        8.676724e-01
        51         1        1.172691e+00
        52         1       -6.661495e-01
        53         1        1.324755e+00
        54         1       -1.147489e-02
        55         1        2.088373e+00
        56         1        1.375461e+00
        57         1        1.531614e+00
        58         1       -1.544739e+00
        59         1        1.994361e+00
        60         1        4.322163e-01
        61         1       -1.659437e+00
        62         1       -9.955294e-01
        63         1        2.888722e+00
        64         1       -6.430497e-01
        65         1       -5.657248e-01
        66         1        1.241329e+00
        67         1        1.310860e+00
        68         1        7.773278e-01
        69         1        1.211172e+00
        70         1       -7.535123e-01
        71         1        6.514902e-01
        72         1        8.422713e-01
        73         1        4.639496e-02
        74         1        1.174926e+00
        75         1        1.136411e+00
        76         1        1.004014e+00
        77         1        3.376779e-01
         1         2       -4.212287e-01
         2         2        5.957720e-01
         3         2        4.973143e-01
         4         2       -5.622169e-01
         5         2       -1.205437e+00
         6         2       -8.713385e-01
         7         2       -3.222406e-01
         8         2       -1.252624e+00
         9         2        2.711792e+00
        10         2       -1.012920e+00
        11         2        1.428207e+00
        12         2        7.110223e-01
        13         2       -4.326919e-02
        14         2        2.011709e+00
        15         2       -1.333190e+00
        16         2       -4.406367e-01
        17         2        4.353133e-01
        18         2       -6.848989e-01
        19         2        3.984239e-01
        20         2        2.541218e-01
        21         2       -1.027664e-01
        22         2        2.262366e+00
        23         2       -1.139811e+00
        24         2       -4.578380e-01
        25         2        1.726802e-02
        26         2       -9.099614e-01
        27         2       -1.589059e+00
        28         2       -1.530126e+00
        29         2       -5.783845e-02
        30         2        7.815070e-01
        31         2        3.235812e-01
        32         2        5.623657e-01
        33         2       -8.588285e-01
        34         2       -1.283987e+00
        35         2        6.296411e-01
        36         2        1.198043e+00
        37         2        1.251596e-01
        38         2        1.426272e+00
        39         2        1.017197e+00
        40         2       -1.717601e-01
        41         2       -8.841223e-01
        42         2       -8.993314e-01
        43         2        6.455319e-01
        44         2       -1.395098e+00
        45         2       -8.554455e-01
        46         2        3.173455e-01
        47         2        1.609538e-01
        48         2       -1.057954e-01
        49         2        1.111341e+00
        50         2       -4.128403e-01
        51         2       -1.230152e+00
        52         2       -5.384407e-01
        53         2        1.254694e+00
        54         2       -2.894812e-01
        55         2        1.195355e+00
        56         2       -1.073300e+00
        57         2       -2.648697e-01
        58         2       -1.750672e+00
        59         2       -9.588871e-01
        60         2       -7.002142e-01
        61         2       -1.932064e-01
        62         2       -4.670609e-01
        63         2       -5.997708e-01
        64         2       -3.233950e-02
        65         2       -5.103997e-01
        66         2       -5.527624e-01
        67         2       -1.457020e+00
        68         2        1.426045e+00
        69         2       -2.742812e-01
        70         2       -7.216394e-01
        71         2        1.165240e+00
        72         2       -1.088242e-01
        73         2       -1.075161e+00
        74         2       -7.878242e-01
        75         2        1.612662e+00
        76         2        7.201218e-01
        77         2        6.825887e-01
         1         3       -3.591274e-01
         2         3       -1.180780e+00
         3         3       -5.788189e-01
         4         3        1.538407e-01
         5         3        1.187102e+00
         6         3        3.091047e-01
         7         3       -1.730746e+00
         8         3        4.768111e-01
         9         3        4.011890e-01
        10         3       -1.306966e+00
        11         3       -9.375903e-01
        12         3        1.444202e+00
        13         3       -3.130947e-01
        14         3        1.539214e-01
        15         3       -6.942785e-01
        16         3       -7.080011e-01
        17         3        1.498009e+00
        18         3       -4.339835e-01
        19         3        5.116398e-01
        20         3       -3.221454e-02
        21         3       -5.613272e-01
        22         3       -2.865496e-01
        23         3       -1.589386e+00
        24         3       -1.191510e+00
        25         3        1.604001e+00
        26         3       -1.723308e+00
        27         3       -1.541258e+00
        28         3       -2.697270e-01
        29         3        8.689862e-01
        30         3        6.067602e-01
        31         3        3.125498e-01
        32         3       -1.172192e-01
        33         3       -1.426333e+00
        34         3       -8.630621e-01
        35         3        8.778950e-01
        36         3       -5.510621e-01
        37         3        2.306076e+00
        38         3        1.104945e+00
        39         3        4.882891e-01
        40         3        3.856001e-02
        41         3       -6.034163e-01
        42         3        2.461180e-01
        43         3        2.363321e-01
        44         3       -1.901739e+00
        45         3       -6.415829e-01
        46         3        4.062736e-01
        47         3        1.761708e+00
        48         3       -8.990032e-01
        49         3        4.539689e-01
        50         3        2.145167e-01
        51         3        2.695259e-01
        52         3       -7.631941e-01
        53         3       -6.166201e-01
        54         3       -9.936424e-01
        55         3        8.705928e-02
        56         3       -1.314418e+00
        57         3       -5.550299e-01
        58         3       -4.472038e-01
        59         3        1.947008e-01
        60         3       -5.565122e-01
        61         3       -1.501509e+00
        62         3       -4.484285e-01
        63         3        9.915650e-01
        64         3        2.135669e-01
        65         3       -1.544831e+00
        66         3        3.765691e-01
        67         3       -7.149462e-01
        68         3        1.872680e+00
        69         3        2.351709e+00
        70         3        6.812852e-01
        71         3       -3.164584e-02
        72         3       -2.333234e-01
        73         3       -8.600988e-01
        74         3        2.119587e+00
        75         3        1.336658e+00
        76         3       -1.001499e+00
        77         3       -1.205942e+00
         1         4        1.159079e-01
         2         4       -5.650953e-01
         3         4        2.211692e+00
         4         4        6.837009e-01
         5         4       -1.024626e+00
         6         4        7.747673e-02
         7         4       -1.392127e+00
         8         4       -2.124924e+00
         9         4       -1.854145e+00
        10         4       -6.314405e-01
        11         4       -1.113070e+00
        12         4       -9.537209e-01
        13         4       -5.019938e-01
        14         4        1.299365e-03
        15         4        1.493637e+00
        16         4        4.239371e-01
        17         4       -1.225322e+00
        18         4       -1.393130e-01
        19         4        7.987968e-01
        20         4        1.395515e-01
        21         4       -5.063127e-01
        22         4       -1.332598e+00
        23         4       -4.783294e-01
        24         4        1.209080e+00
        25         4        1.306833e+00
        26         4        1.742058e-01
        27         4       -5.053611e-01
        28         4        1.147121e+00
        29         4        8.039921e-01
        30         4       -2.196058e-01
        31         4       -1.288866e+00
        32         4       -1.615206e+00
        33         4       -7.334407e-01
        34         4        2.246890e-01
        35         4        6.018206e-01
        36         4       -5.385075e-01
        37         4        8.728188e-02
        38         4       -1.502825e-01
        39         4        4.379837e-01
        40         4       -7.168202e-01
        41         4        1.664289e+00
        42         4        2.497896e-01
        43         4        1.034664e+00
        44         4        2.024736e-01
        45         4       -8.421359e-01
        46         4       -3.850209e-01
        47         4       -1.675766e+00
        48         4       -8.937712e-01
        49         4       -1.366467e+00
        50         4        7.885662e-01
        51         4        1.577843e+00
        52         4       -1.038458e+00
        53         4       -9.067827e-01
        54         4       -7.539696e-02
        55         4        1.034330e+00
        56         4        1.434233e+00
        57         4       -2.285192e+00
        58         4        5.199085e-01
        59         4        6.160466e-01
        60         4       -1.088517e+00
        61         4        1.020735e+00
        62         4        6.224024e-01
        63         4        8.711962e-01
        64         4        1.634299e+00
        65         4        8.954646e-01
        66         4       -4.499966e-01
        67         4        2.097973e-01
        68         4        2.800676e-01
        69         4        7.113862e-01
        70         4        8.157187e-01
        71         4       -4.414818e-01
        72         4        4.867514e-01
        73         4       -2.284825e-01
        74         4        2.307219e+00
        75         4        4.072941e-01
        76         4       -7.081996e-01
        77         4       -3.415791e-01
         1         5        1.080694e+00
         2         5       -1.216783e-01
         3         5        6.048173e-01
         4         5       -4.649544e-01
         5         5       -6.142849e-02
         6         5        8.809058e-01
         7         5       -8.012234e-01
         8         5        2.564401e+00
         9         5       -1.174009e+00
        10         5        1.620175e+00
        11         5       -1.730209e+00
        12         5       -3.963191e-01
        13         5        1.348482e+00
        14         5        1.544318e+00
        15         5       -3.696827e-01
        16         5        2.925263e-01
        17         5        2.046461e-01
        18         5       -6.423026e-01
        19         5       -8.107165e-02
        20         5        4.011119e-01
        21         5       -7.599091e-01
        22         5       -2.212407e+00
        23         5       -1.709065e+00
        24         5        9.469702e-02
        25         5        1.036001e+00
        26         5       -1.533056e+00
        27         5       -1.242465e+00
        28         5       -3.683570e-01
        29         5        4.457917e-01
        30         5       -7.969299e-01
        31         5        3.020971e+00
        32         5        1.678695e+00
        33         5       -9.619546e-01
        34         5       -1.005569e+00
        35         5        2.122328e+00
        36         5        9.564416e-01
        37         5       -8.481540e-01
        38         5       -1.671257e+00
        39         5       -5.397055e-03
        40         5        8.276524e-02
        41         5        5.511960e-01
        42         5        7.343493e-01
        43         5        4.389267e-01
        44         5        1.501851e-01
        45         5        4.686777e-01
        46         5        8.469446e-01
        47         5       -1.255673e-01
        48         5        7.171602e-01
        49         5        1.294751e+00
        50         5       -6.053409e-01
        51         5        1.938335e+00
        52         5       -1.751331e-01
        53         5        2.716558e-01
        54         5        1.515169e+00
        55         5        2.987202e-01
        56         5       -3.101910e-01
        57         5       -7.147461e-01
        58         5        5.085149e-01
        59         5       -9.597962e-01
        60         5       -6.673641e-01
        61         5        2.555367e-01
        62         5        2.201926e-02
        63         5       -4.851217e-01
        64         5        3.769931e-01
        65         5        1.934430e-02
        66         5       -8.580140e-01
        67         5        4.226538e-01
        68         5        2.037609e-01
        69         5       -1.147693e+00
        70         5       -8.426251e-01
        71         5       -3.469062e-01
        72         5       -2.717425e-01
        73         5       -2.457167e-01
        74         5       -1.752725e+00
        75         5        5.386122e-01
        76         5       -1.297182e+00
        77         5        4.337050e-01
;

param theta:=
    1       -3.008306e-01
    2       -2.047041e+00
    3        7.533735e-01
    4       -1.375841e+00
    5        1.074730e+00
;
param X_true:=
    1        1.702045e+00
    2       -9.579073e-01
    3       -3.481838e+00
    4       -3.401376e-01
    5        4.897119e+00
    6        2.190131e+00
    7        4.253469e-01
    8        8.899485e+00
    9       -4.021790e+00
   10        3.867391e+00
   11       -4.652488e+00
   12        9.183952e-01
   13        2.663560e+00
   14       -1.841552e+00
   15        1.380827e-01
   16       -2.132327e-01
   17        1.727300e+00
   18        5.856419e-01
   19       -1.898093e+00
   20       -3.530003e-01
   21       -1.014854e+00
   22       -4.947215e+00
   23       -9.880809e-02
   24       -1.089740e+00
   25        2.678989e-01
   26       -1.500407e+00
   27        1.558628e+00
   28        1.550910e+00
   29        1.934387e-01
   30       -1.925591e+00
   31        4.751155e+00
   32        3.188180e+00
   33        1.099343e+00
   34        5.289534e-01
   35        8.627055e-01
   36       -9.830178e-01
   37       -4.737095e-02
   38       -3.531336e+00
   39       -2.586887e+00
   40        1.383634e+00
   41       -1.622944e-01
   42        1.935926e+00
   43       -1.870793e+00
   44        1.159296e+00
   45        2.742788e+00
   46        6.857114e-01
   47        2.971649e+00
   48        1.130045e+00
   49        1.214629e+00
   50       -9.595311e-01
   51        2.238860e+00
   52        2.055595e+00
   53       -1.938153e+00
   54        1.597095e+00
   55       -4.037987e+00
   56       -1.458509e+00
   57        2.025850e+00
   58        3.749702e+00
   59       -3.508833e-01
   60        1.587154e+00
   61       -1.638184e+00
   62        1.110709e-01
   63       -5.339038e-01
   64       -1.469609e+00
   65       -1.210407e+00
   66        6.962414e-01
   67        2.355316e+00
   68       -2.004977e+00
   69       -2.162827e-01
   70        2.170981e-01
   71       -2.439213e+00
   72       -1.242741e+00
   73        1.470508e+00
   74       -2.155825e+00
   75       -2.591355e+00
   76       -2.913646e+00
   77       -1.427598e+00
;
param X:=
    1        7.321598e-01
    2       -5.549943e-01
    3       -3.481838e+00
    4       -8.230307e-01
    5        4.897119e+00
    6        3.135147e-02
    7       -9.746258e-01
    8        8.899485e+00
    9       -4.021790e+00
   10        1.987537e+00
   11       -4.652488e+00
   12       -4.532623e-02
   13       -2.451483e-01
   14       -1.841552e+00
   15        5.039014e-01
   16       -6.182125e-01
   17       -5.210498e-01
   18        9.816543e-01
   19        8.528099e-01
   20       -1.183475e+00
   21       -1.014854e+00
   22       -4.947215e+00
   23        1.326014e+00
   24        5.304058e-01
   25        4.924176e-01
   26       -8.025013e-01
   27        3.529203e-01
   28        3.895113e-01
   29        1.687579e+00
   30        6.556789e-01
   31        6.478668e-01
   32        4.271999e-01
   33       -5.028779e-02
   34        5.289534e-01
   35        8.627055e-01
   36       -9.830178e-01
   37       -2.599739e-01
   38       -2.298282e+00
   39       -1.059861e+00
   40        1.291106e+00
   41        1.700633e+00
   42        1.935926e+00
   43       -1.534485e-01
   44        2.125209e+00
   45        2.742788e+00
   46       -1.839738e+00
   47        5.958266e-01
   48        1.130045e+00
   49        1.214629e+00
   50        2.942283e-01
   51       -1.218259e-01
   52        2.055595e+00
   53       -6.108883e-01
   54       -9.457784e-01
   55       -4.037987e+00
   56        2.695368e-01
   57       -4.793518e-01
   58        1.070071e+00
   59       -1.005760e-01
   60        1.587154e+00
   61       -1.638184e+00
   62       -2.200819e+00
   63       -5.339038e-01
   64       -1.469609e+00
   65       -1.726380e+00
   66       -1.444371e-01
   67        7.213406e-01
   68        1.001382e-01
   69       -2.162827e-01
   70       -8.860553e-02
   71        2.513750e-01
   72       -1.242741e+00
   73        1.470508e+00
   74       -6.891038e-01
   75       -4.025875e-02
   76       -1.714920e-01
   77       -2.367710e-01
;
param outliervec:=
    1    1
    2    1
    3    0
    4    1
    5    0
    6    1
    7    1
    8    0
    9    0
   10    1
   11    0
   12    1
   13    1
   14    0
   15    1
   16    1
   17    1
   18    1
   19    1
   20    1
   21    0
   22    0
   23    1
   24    1
   25    1
   26    1
   27    1
   28    1
   29    1
   30    1
   31    1
   32    1
   33    1
   34    0
   35    0
   36    0
   37    1
   38    1
   39    1
   40    1
   41    1
   42    0
   43    1
   44    1
   45    0
   46    1
   47    1
   48    0
   49    0
   50    1
   51    1
   52    0
   53    1
   54    1
   55    0
   56    1
   57    1
   58    1
   59    1
   60    0
   61    0
   62    1
   63    0
   64    0
   65    1
   66    1
   67    1
   68    1
   69    0
   70    1
   71    1
   72    0
   73    0
   74    1
   75    1
   76    1
   77    1
; 
param greedy_time :=         3.544898e-01
;