data;


param FN:= 0;
param D:= 100;
param U_Original:=
         1         1       -5.925076e-01
         2         1        3.270516e-01
         3         1       -8.275558e-01
         4         1        1.852370e+00
         5         1        1.063201e+00
         6         1       -2.406506e-02
         7         1        1.389830e+00
         8         1        9.857348e-01
         9         1        4.867368e-01
        10         1       -2.393662e-01
        11         1        5.474788e-01
        12         1        8.366751e-01
        13         1       -6.146701e-02
        14         1       -3.115982e-01
        15         1       -4.481669e-01
        16         1        1.639023e+00
        17         1       -2.267072e-01
        18         1        2.036489e+00
        19         1       -3.791029e-01
        20         1        9.196534e-01
        21         1        4.889964e-01
        22         1       -2.428038e+00
        23         1        1.702619e-01
        24         1        8.507173e-01
        25         1       -1.729173e+00
        26         1        2.604903e-01
        27         1       -6.933790e-01
        28         1        1.078725e+00
        29         1        1.007951e+00
        30         1       -9.635672e-01
        31         1       -1.603527e-01
        32         1       -1.444302e+00
        33         1       -3.091980e-01
        34         1       -5.090982e-02
        35         1        4.239779e-01
        36         1       -2.555696e-01
        37         1       -7.104946e-01
        38         1        4.299335e-01
        39         1        5.200990e-02
        40         1        3.365994e-01
        41         1        4.528890e-01
        42         1       -5.268688e-01
        43         1       -7.517241e-01
        44         1        1.242507e+00
        45         1        2.700428e-01
        46         1        6.303348e-01
        47         1        1.362849e+00
        48         1        8.577739e-01
        49         1        3.225288e-01
        50         1       -5.740538e-01
        51         1       -1.670672e+00
        52         1        1.438372e+00
        53         1       -4.078632e-02
        54         1       -1.995579e-01
        55         1        9.269085e-03
        56         1        2.425128e-01
        57         1       -6.993980e-01
        58         1        3.010815e-01
        59         1        5.788998e-01
        60         1        1.624492e+00
        61         1       -9.047548e-01
        62         1       -3.711967e-01
        63         1        2.257457e+00
        64         1       -5.358243e-01
        65         1        3.707768e-01
        66         1       -5.580413e-01
        67         1       -8.741164e-01
        68         1        1.678684e-01
        69         1       -1.434599e+00
        70         1       -8.960198e-01
        71         1        7.801261e-01
        72         1        1.137115e+00
        73         1        1.217975e+00
        74         1        1.194531e+00
        75         1        1.180239e+00
        76         1       -1.712488e+00
        77         1        2.144840e+00
        78         1        3.165337e-01
        79         1       -1.246528e+00
        80         1        4.801107e-01
        81         1       -2.626188e-01
        82         1       -4.832476e-01
        83         1        1.504563e-01
        84         1       -1.296886e+00
        85         1       -2.090749e-01
        86         1        1.886836e+00
        87         1        1.325742e+00
        88         1       -1.508763e-01
        89         1       -1.375070e+00
        90         1       -3.661433e-01
        91         1        4.585672e-01
        92         1       -1.563044e-01
        93         1        1.392319e-01
        94         1       -5.571673e-01
        95         1       -2.373608e-01
        96         1       -1.259308e+00
        97         1       -4.756271e-01
        98         1        3.077716e-01
        99         1       -9.761520e-01
       100         1       -1.283456e+00
         1         2       -2.953039e-01
         2         2        5.708984e-01
         3         2        5.994566e-01
         4         2        6.554198e-01
         5         2       -8.214594e-01
         6         2        1.569795e+00
         7         2        2.207887e+00
         8         2        1.158568e+00
         9         2       -4.585858e-01
        10         2        1.611699e+00
        11         2       -5.551633e-01
        12         2       -1.393375e+00
        13         2        1.137321e-01
        14         2       -5.368908e-01
        15         2       -1.786899e-01
        16         2        1.058679e+00
        17         2       -6.829758e-01
        18         2        1.113233e-01
        19         2        1.428480e+00
        20         2        1.726341e-01
        21         2       -2.306355e-01
        22         2        1.266452e+00
        23         2        9.586466e-01
        24         2        8.056280e-02
        25         2        3.862136e-01
        26         2        1.932223e+00
        27         2       -6.923177e-01
        28         2       -4.218930e-02
        29         2        9.367134e-01
        30         2       -1.056548e+00
        31         2       -1.005246e+00
        32         2       -1.231599e+00
        33         2       -1.709958e+00
        34         2        8.456819e-01
        35         2        6.609741e-02
        36         2       -1.165312e-01
        37         2        1.259504e+00
        38         2        4.536972e-02
        39         2        3.341604e-01
        40         2       -4.207844e-03
        41         2        4.724725e-01
        42         2        3.829034e-01
        43         2        7.316272e-01
        44         2       -1.086572e+00
        45         2       -1.440515e+00
        46         2       -2.468288e-01
        47         2       -1.749449e-01
        48         2        2.879391e-01
        49         2       -8.486484e-02
        50         2        1.515043e+00
        51         2        2.316538e-01
        52         2       -6.008356e-01
        53         2       -9.686221e-01
        54         2       -1.568688e+00
        55         2       -5.385482e-01
        56         2       -5.444455e-01
        57         2       -2.080494e-01
        58         2        3.817725e-01
        59         2        1.951432e+00
        60         2        6.437104e-01
        61         2        4.273300e-01
        62         2       -2.710509e-01
        63         2        2.173676e+00
        64         2        4.450656e-01
        65         2       -4.579619e-01
        66         2       -1.633142e+00
        67         2        1.619125e-01
        68         2       -2.966993e-01
        69         2        1.554904e+00
        70         2        4.481493e-01
        71         2       -1.172123e+00
        72         2       -9.977973e-01
        73         2       -2.469142e+00
        74         2        7.172582e-01
        75         2       -3.867081e-01
        76         2        1.334357e+00
        77         2       -1.655487e+00
        78         2        1.577989e+00
        79         2        8.986797e-01
        80         2        2.995477e-01
        81         2        6.985811e-01
        82         2        5.922178e-01
        83         2        7.574529e-01
        84         2        9.999851e-01
        85         2        8.567772e-02
        86         2        1.390833e+00
        87         2       -1.239282e+00
        88         2        1.234037e+00
        89         2        4.806356e-01
        90         2       -7.943730e-01
        91         2       -3.917192e-01
        92         2        4.655284e-01
        93         2        5.893463e-01
        94         2       -1.711457e+00
        95         2        3.207956e-01
        96         2       -5.260447e-01
        97         2       -4.667560e-01
        98         2        4.597739e-01
        99         2        2.250750e-01
       100         2        1.474942e+00
         1         3        7.177384e-02
         2         3       -1.028548e+00
         3         3       -7.574216e-01
         4         3        7.696389e-02
         5         3       -1.236954e+00
         6         3       -1.338027e+00
         7         3        3.624414e-01
         8         3        1.682741e-01
         9         3       -4.144982e-01
        10         3        1.038154e+00
        11         3        1.742544e+00
        12         3       -1.657133e-01
        13         3        3.636000e-01
        14         3        9.525831e-01
        15         3       -8.467247e-01
        16         3       -9.757730e-01
        17         3        4.526668e-01
        18         3        1.212211e+00
        19         3        1.060105e-01
        20         3       -2.946694e-01
        21         3       -1.725815e+00
        22         3       -1.130720e+00
        23         3       -1.304468e+00
        24         3       -1.645585e+00
        25         3        5.672207e-01
        26         3       -6.115445e-02
        27         3       -1.021723e-02
        28         3        9.364105e-01
        29         3       -6.256115e-01
        30         3       -9.627110e-01
        31         3        1.697621e+00
        32         3        9.925535e-01
        33         3        8.095689e-01
        34         3        1.287097e+00
        35         3       -1.159851e+00
        36         3       -8.035372e-01
        37         3        7.751595e-01
        38         3        2.174963e-01
        39         3       -1.534614e+00
        40         3       -9.283321e-01
        41         3        7.819886e-01
        42         3        2.996828e-01
        43         3       -1.609269e-01
        44         3       -2.117631e-01
        45         3       -2.062200e+00
        46         3       -1.704311e-02
        47         3       -5.351041e-01
        48         3       -1.321355e-02
        49         3        1.687155e+00
        50         3        7.662671e-01
        51         3       -1.634262e-01
        52         3       -1.419886e+00
        53         3       -2.290081e+00
        54         3       -1.532951e+00
        55         3        7.316401e-01
        56         3        1.878592e+00
        57         3        7.668184e-01
        58         3       -7.638929e-01
        59         3        2.483278e+00
        60         3        1.435962e+00
        61         3        1.081744e-01
        62         3        3.400952e-01
        63         3        1.322986e+00
        64         3       -7.380213e-01
        65         3        2.335358e+00
        66         3        2.000502e-01
        67         3       -7.240899e-01
        68         3        6.742030e-01
        69         3       -3.292424e-01
        70         3       -9.004497e-01
        71         3       -4.455594e-01
        72         3       -5.540985e-01
        73         3       -9.463798e-02
        74         3        1.374861e+00
        75         3        7.867165e-01
        76         3        1.304614e+00
        77         3       -2.363241e-01
        78         3        1.039548e+00
        79         3        8.620304e-01
        80         3       -1.423243e+00
        81         3        1.177880e+00
        82         3       -1.048606e-01
        83         3        7.868080e-01
        84         3       -6.908895e-01
        85         3        4.183402e-01
        86         3       -2.040674e+00
        87         3       -6.611237e-01
        88         3       -4.854134e-01
        89         3        3.884642e-01
        90         3        1.562981e+00
        91         3       -1.730364e+00
        92         3        1.996722e-02
        93         3       -1.103713e+00
        94         3        5.595316e-02
        95         3       -9.589093e-02
        96         3       -1.817483e-01
        97         3        1.455031e+00
        98         3       -2.717941e-01
        99         3        2.240182e-01
       100         3       -3.556600e-01
         1         4       -3.972079e-01
         2         4        3.058204e-01
         3         4        4.655658e-01
         4         4        5.555556e-01
         5         4        8.260400e-01
         6         4       -5.146903e-01
         7         4        2.149207e-01
         8         4        1.417031e+00
         9         4        6.960859e-01
        10         4       -7.424540e-01
        11         4        1.086441e+00
        12         4        9.488796e-01
        13         4       -5.576021e-01
        14         4       -1.025879e+00
        15         4       -5.543325e-02
        16         4        5.707730e-01
        17         4       -3.453349e-01
        18         4       -3.360910e-01
        19         4       -2.093327e-01
        20         4        7.503296e-01
        21         4        4.288078e-01
        22         4        8.373567e-01
        23         4       -4.869602e-01
        24         4        7.929554e-01
        25         4        2.712479e+00
        26         4       -6.973120e-01
        27         4        1.064407e+00
        28         4       -5.403729e-01
        29         4        1.121003e+00
        30         4       -1.535616e+00
        31         4       -7.708941e-01
        32         4        2.074692e+00
        33         4       -1.439704e-01
        34         4       -4.459877e-02
        35         4        1.150307e+00
        36         4       -1.337544e+00
        37         4       -8.383764e-01
        38         4        2.874849e-02
        39         4       -1.009378e+00
        40         4        2.696613e-01
        41         4       -1.385333e-01
        42         4       -8.404283e-01
        43         4        3.093130e+00
        44         4        5.549871e-02
        45         4       -8.534218e-01
        46         4        8.874874e-01
        47         4       -1.068216e+00
        48         4       -1.323642e+00
        49         4        8.005280e-01
        50         4       -4.735360e-01
        51         4        7.589236e-01
        52         4        1.486594e+00
        53         4        6.823181e-01
        54         4        7.240411e-01
        55         4       -2.561463e-01
        56         4       -9.761217e-01
        57         4        8.859857e-03
        58         4        4.286529e-01
        59         4       -2.482655e-01
        60         4        8.755590e-01
        61         4        8.753380e-01
        62         4        7.992057e-01
        63         4       -5.740680e-01
        64         4        1.456439e-01
        65         4        8.578078e-01
        66         4       -1.369846e+00
        67         4       -2.004948e-01
        68         4        1.657860e-01
        69         4        2.868277e-01
        70         4        1.112805e+00
        71         4        6.519429e-02
        72         4        1.812648e+00
        73         4       -6.599665e-01
        74         4       -6.977596e-01
        75         4        1.157025e+00
        76         4        2.623758e-01
        77         4        9.723048e-01
        78         4       -6.005761e-01
        79         4       -8.451434e-01
        80         4        8.196332e-01
        81         4        4.024272e-01
        82         4        5.291156e-01
        83         4        1.906846e+00
        84         4        1.834967e+00
        85         4       -7.599286e-01
        86         4        4.844181e-01
        87         4        8.407196e-02
        88         4       -2.088962e-01
        89         4        1.444785e+00
        90         4        4.537303e-01
        91         4       -8.879680e-01
        92         4       -6.763915e-01
        93         4       -4.636494e-01
        94         4        6.439772e-01
        95         4       -8.440275e-03
        96         4       -4.151204e-02
        97         4        3.060465e-01
        98         4        1.018883e+00
        99         4       -1.743346e+00
       100         4       -3.639482e-02
         1         5        6.426835e-01
         2         5        2.938566e-01
         3         5       -2.957243e-01
         4         5        9.166610e-01
         5         5       -2.201651e-01
         6         5        1.229475e+00
         7         5        9.305368e-01
         8         5        2.478400e-01
         9         5        4.813444e-02
        10         5        1.477790e+00
        11         5       -5.651067e-01
        12         5        3.092963e-01
        13         5        1.004630e+00
        14         5        9.957642e-01
        15         5        2.838859e-01
        16         5        4.089483e-01
        17         5        7.345638e-01
        18         5        4.841960e-01
        19         5        1.809244e+00
        20         5        1.769327e+00
        21         5       -5.631568e-01
        22         5        6.476053e-01
        23         5       -4.728980e-01
        24         5        2.798457e-01
        25         5       -1.294458e+00
        26         5        2.702573e-01
        27         5        2.997310e+00
        28         5        2.371230e-01
        29         5       -2.432112e+00
        30         5        1.089099e+00
        31         5        1.408816e+00
        32         5       -2.490357e-01
        33         5        2.569837e-01
        34         5       -6.274465e-01
        35         5       -2.464836e-02
        36         5        1.773607e+00
        37         5        5.967074e-01
        38         5        5.767134e-01
        39         5        2.477233e+00
        40         5        1.135994e+00
        41         5        1.981693e+00
        42         5       -3.018904e-01
        43         5       -3.212274e-01
        44         5        8.536326e-01
        45         5       -9.284431e-01
        46         5        5.149159e-01
        47         5        1.620870e+00
        48         5       -6.060089e-02
        49         5        7.954087e-01
        50         5       -1.386256e+00
        51         5       -2.015534e+00
        52         5        1.451550e+00
        53         5       -6.471544e-01
        54         5        1.551322e+00
        55         5        4.504293e-02
        56         5        6.803995e-01
        57         5        1.718692e+00
        58         5       -5.929443e-02
        59         5        2.412309e+00
        60         5        1.257213e+00
        61         5        1.068486e+00
        62         5        5.384079e-01
        63         5       -2.425170e-01
        64         5        8.703118e-02
        65         5        2.841126e-01
        66         5        5.461690e-01
        67         5       -4.855534e-01
        68         5       -2.148394e-01
        69         5        1.802126e+00
        70         5       -4.091981e-01
        71         5        2.575550e-01
        72         5        7.623649e-01
        73         5       -3.931684e-01
        74         5       -1.518299e+00
        75         5        2.559437e-01
        76         5       -6.982107e-01
        77         5       -1.551061e+00
        78         5        7.313852e-01
        79         5        7.521453e-02
        80         5       -1.131742e+00
        81         5        8.198315e-01
        82         5        1.520396e+00
        83         5       -3.408987e-01
        84         5        9.586730e-01
        85         5       -6.954865e-01
        86         5        6.990697e-02
        87         5       -1.420551e+00
        88         5        2.427075e-02
        89         5        5.988294e-01
        90         5        2.270206e+00
        91         5       -1.054786e+00
        92         5       -1.884562e-01
        93         5        1.317564e-01
        94         5        9.870840e-01
        95         5        6.343966e-01
        96         5        1.433303e+00
        97         5        3.104421e-01
        98         5        2.285472e-01
        99         5       -1.835584e+00
       100         5        6.756600e-01
;
param X_Original:=
    1        3.374879e-01
    2        1.546864e+00
    3       -3.917104e-01
    4        1.002128e+00
    5        8.127107e-01
    6        1.476672e-01
    7        1.506446e+00
    8       -1.154714e+00
    9        8.592496e-02
   10        7.955342e-02
   11       -1.735116e+00
   12        1.232578e+00
   13        7.724269e-01
   14        1.748551e+00
   15        3.854585e-01
   16       -9.427917e-01
   17        9.126594e-02
   18        2.143623e+00
   19       -1.083856e+00
   20        8.724169e-01
   21        2.665737e-01
   22       -2.348292e+00
   23        7.667125e-01
   24        8.515022e-01
   25        1.192092e+00
   26        3.340934e-01
   27        3.566119e-01
   28        1.023299e+00
   29       -1.574069e+00
   30        2.337757e+00
   31       -1.174322e-01
   32       -2.072949e+00
   33        3.213041e-01
   34       -1.345717e+00
   35        4.837090e-01
   36       -1.348679e+00
   37        2.228287e-01
   38        4.424011e-01
   39        3.008312e+00
   40        1.043641e+00
   41       -4.659605e-01
   42        6.957042e-03
   43       -1.102341e-01
   44        1.874908e+00
   45        2.388487e+00
   46        9.854047e-01
   47        3.333309e+00
   48        1.926577e+00
   49        1.454078e+00
   50       -1.644252e+00
   51        1.481026e+00
   52       -1.031065e+00
   53        6.038272e-01
   54        6.535685e-01
   55        1.041217e-01
   56       -6.099302e-01
   57       -8.758718e-01
   58       -5.154617e-02
   59       -5.981634e-01
   60       -1.049164e-01
   61       -1.348121e+00
   62       -9.547658e-01
   63        6.561110e-01
   64       -2.977275e-01
   65       -1.766958e-01
   66        1.801275e+00
   67        1.023828e+00
   68       -4.023620e-01
   69       -1.000512e+00
   70        1.100088e+00
   71        1.380381e+00
   72       -3.568553e-01
   73        2.497186e+00
   74        3.319055e-01
   75       -2.055935e-01
   76       -3.210094e+00
   77       -1.802876e+00
   78       -1.062543e+00
   79       -8.905039e-01
   80       -3.533304e-01
   81       -1.172706e+00
   82        1.918043e-01
   83       -2.792031e+00
   84        1.729947e+00
   85        3.482907e-02
   86        1.586314e+00
   87        4.181195e-01
   88        6.677266e-01
   89        2.085723e-01
   90        1.319375e+00
   91        4.684431e-01
   92        3.033235e-01
   93        1.039663e+00
   94        6.040337e-03
   95        5.257690e-02
   96       -9.941276e-01
   97       -8.832206e-02
   98       -7.523384e-01
   99        6.128969e-01
  100        1.149609e+00
;
param outliervec_original :=
    1    0
    2    1
    3    1
    4    0
    5    1
    6    1
    7    1
    8    0
    9    0
   10    0
   11    0
   12    1
   13    0
   14    1
   15    0
   16    1
   17    1
   18    1
   19    1
   20    0
   21    1
   22    0
   23    0
   24    0
   25    1
   26    0
   27    1
   28    0
   29    0
   30    0
   31    1
   32    1
   33    1
   34    0
   35    1
   36    1
   37    1
   38    0
   39    0
   40    0
   41    1
   42    0
   43    1
   44    0
   45    0
   46    1
   47    0
   48    0
   49    1
   50    0
   51    1
   52    1
   53    0
   54    1
   55    0
   56    1
   57    1
   58    1
   59    1
   60    0
   61    0
   62    0
   63    0
   64    0
   65    1
   66    0
   67    1
   68    0
   69    0
   70    1
   71    0
   72    1
   73    0
   74    1
   75    1
   76    0
   77    1
   78    1
   79    0
   80    0
   81    0
   82    1
   83    0
   84    1
   85    0
   86    0
   87    1
   88    1
   89    1
   90    1
   91    1
   92    0
   93    0
   94    0
   95    0
   96    1
   97    1
   98    0
   99    1
  100    1
;
param d:= 85;
param r:=5;
param p:=0.500000;
param M:=1000;
param U:=
         1         1       -5.925076e-01
         2         1        3.270516e-01
         3         1       -8.275558e-01
         4         1        1.852370e+00
         5         1        1.063201e+00
         6         1       -2.406506e-02
         7         1        1.389830e+00
         8         1        9.857348e-01
         9         1        4.867368e-01
        10         1       -2.393662e-01
        11         1        5.474788e-01
        12         1        8.366751e-01
        13         1       -6.146701e-02
        14         1       -3.115982e-01
        15         1       -4.481669e-01
        16         1       -2.267072e-01
        17         1        2.036489e+00
        18         1       -3.791029e-01
        19         1        9.196534e-01
        20         1        4.889964e-01
        21         1       -2.428038e+00
        22         1        1.702619e-01
        23         1        8.507173e-01
        24         1        2.604903e-01
        25         1       -6.933790e-01
        26         1        1.078725e+00
        27         1        1.007951e+00
        28         1       -9.635672e-01
        29         1       -1.603527e-01
        30         1       -1.444302e+00
        31         1       -3.091980e-01
        32         1       -5.090982e-02
        33         1        4.239779e-01
        34         1       -7.104946e-01
        35         1        4.299335e-01
        36         1        5.200990e-02
        37         1        3.365994e-01
        38         1        4.528890e-01
        39         1       -5.268688e-01
        40         1        1.242507e+00
        41         1        2.700428e-01
        42         1        6.303348e-01
        43         1        1.362849e+00
        44         1        8.577739e-01
        45         1       -5.740538e-01
        46         1       -4.078632e-02
        47         1       -1.995579e-01
        48         1        9.269085e-03
        49         1        2.425128e-01
        50         1       -6.993980e-01
        51         1        3.010815e-01
        52         1        5.788998e-01
        53         1        1.624492e+00
        54         1       -9.047548e-01
        55         1       -3.711967e-01
        56         1        2.257457e+00
        57         1       -5.358243e-01
        58         1        3.707768e-01
        59         1       -5.580413e-01
        60         1        1.678684e-01
        61         1       -1.434599e+00
        62         1        7.801261e-01
        63         1        1.137115e+00
        64         1        1.217975e+00
        65         1        1.194531e+00
        66         1        1.180239e+00
        67         1       -1.712488e+00
        68         1        3.165337e-01
        69         1       -1.246528e+00
        70         1        4.801107e-01
        71         1       -2.626188e-01
        72         1       -4.832476e-01
        73         1        1.504563e-01
        74         1       -2.090749e-01
        75         1        1.886836e+00
        76         1        1.325742e+00
        77         1       -1.508763e-01
        78         1       -1.563044e-01
        79         1        1.392319e-01
        80         1       -5.571673e-01
        81         1       -2.373608e-01
        82         1       -1.259308e+00
        83         1       -4.756271e-01
        84         1        3.077716e-01
        85         1       -9.761520e-01
         1         2       -2.953039e-01
         2         2        5.708984e-01
         3         2        5.994566e-01
         4         2        6.554198e-01
         5         2       -8.214594e-01
         6         2        1.569795e+00
         7         2        2.207887e+00
         8         2        1.158568e+00
         9         2       -4.585858e-01
        10         2        1.611699e+00
        11         2       -5.551633e-01
        12         2       -1.393375e+00
        13         2        1.137321e-01
        14         2       -5.368908e-01
        15         2       -1.786899e-01
        16         2       -6.829758e-01
        17         2        1.113233e-01
        18         2        1.428480e+00
        19         2        1.726341e-01
        20         2       -2.306355e-01
        21         2        1.266452e+00
        22         2        9.586466e-01
        23         2        8.056280e-02
        24         2        1.932223e+00
        25         2       -6.923177e-01
        26         2       -4.218930e-02
        27         2        9.367134e-01
        28         2       -1.056548e+00
        29         2       -1.005246e+00
        30         2       -1.231599e+00
        31         2       -1.709958e+00
        32         2        8.456819e-01
        33         2        6.609741e-02
        34         2        1.259504e+00
        35         2        4.536972e-02
        36         2        3.341604e-01
        37         2       -4.207844e-03
        38         2        4.724725e-01
        39         2        3.829034e-01
        40         2       -1.086572e+00
        41         2       -1.440515e+00
        42         2       -2.468288e-01
        43         2       -1.749449e-01
        44         2        2.879391e-01
        45         2        1.515043e+00
        46         2       -9.686221e-01
        47         2       -1.568688e+00
        48         2       -5.385482e-01
        49         2       -5.444455e-01
        50         2       -2.080494e-01
        51         2        3.817725e-01
        52         2        1.951432e+00
        53         2        6.437104e-01
        54         2        4.273300e-01
        55         2       -2.710509e-01
        56         2        2.173676e+00
        57         2        4.450656e-01
        58         2       -4.579619e-01
        59         2       -1.633142e+00
        60         2       -2.966993e-01
        61         2        1.554904e+00
        62         2       -1.172123e+00
        63         2       -9.977973e-01
        64         2       -2.469142e+00
        65         2        7.172582e-01
        66         2       -3.867081e-01
        67         2        1.334357e+00
        68         2        1.577989e+00
        69         2        8.986797e-01
        70         2        2.995477e-01
        71         2        6.985811e-01
        72         2        5.922178e-01
        73         2        7.574529e-01
        74         2        8.567772e-02
        75         2        1.390833e+00
        76         2       -1.239282e+00
        77         2        1.234037e+00
        78         2        4.655284e-01
        79         2        5.893463e-01
        80         2       -1.711457e+00
        81         2        3.207956e-01
        82         2       -5.260447e-01
        83         2       -4.667560e-01
        84         2        4.597739e-01
        85         2        2.250750e-01
         1         3        7.177384e-02
         2         3       -1.028548e+00
         3         3       -7.574216e-01
         4         3        7.696389e-02
         5         3       -1.236954e+00
         6         3       -1.338027e+00
         7         3        3.624414e-01
         8         3        1.682741e-01
         9         3       -4.144982e-01
        10         3        1.038154e+00
        11         3        1.742544e+00
        12         3       -1.657133e-01
        13         3        3.636000e-01
        14         3        9.525831e-01
        15         3       -8.467247e-01
        16         3        4.526668e-01
        17         3        1.212211e+00
        18         3        1.060105e-01
        19         3       -2.946694e-01
        20         3       -1.725815e+00
        21         3       -1.130720e+00
        22         3       -1.304468e+00
        23         3       -1.645585e+00
        24         3       -6.115445e-02
        25         3       -1.021723e-02
        26         3        9.364105e-01
        27         3       -6.256115e-01
        28         3       -9.627110e-01
        29         3        1.697621e+00
        30         3        9.925535e-01
        31         3        8.095689e-01
        32         3        1.287097e+00
        33         3       -1.159851e+00
        34         3        7.751595e-01
        35         3        2.174963e-01
        36         3       -1.534614e+00
        37         3       -9.283321e-01
        38         3        7.819886e-01
        39         3        2.996828e-01
        40         3       -2.117631e-01
        41         3       -2.062200e+00
        42         3       -1.704311e-02
        43         3       -5.351041e-01
        44         3       -1.321355e-02
        45         3        7.662671e-01
        46         3       -2.290081e+00
        47         3       -1.532951e+00
        48         3        7.316401e-01
        49         3        1.878592e+00
        50         3        7.668184e-01
        51         3       -7.638929e-01
        52         3        2.483278e+00
        53         3        1.435962e+00
        54         3        1.081744e-01
        55         3        3.400952e-01
        56         3        1.322986e+00
        57         3       -7.380213e-01
        58         3        2.335358e+00
        59         3        2.000502e-01
        60         3        6.742030e-01
        61         3       -3.292424e-01
        62         3       -4.455594e-01
        63         3       -5.540985e-01
        64         3       -9.463798e-02
        65         3        1.374861e+00
        66         3        7.867165e-01
        67         3        1.304614e+00
        68         3        1.039548e+00
        69         3        8.620304e-01
        70         3       -1.423243e+00
        71         3        1.177880e+00
        72         3       -1.048606e-01
        73         3        7.868080e-01
        74         3        4.183402e-01
        75         3       -2.040674e+00
        76         3       -6.611237e-01
        77         3       -4.854134e-01
        78         3        1.996722e-02
        79         3       -1.103713e+00
        80         3        5.595316e-02
        81         3       -9.589093e-02
        82         3       -1.817483e-01
        83         3        1.455031e+00
        84         3       -2.717941e-01
        85         3        2.240182e-01
         1         4       -3.972079e-01
         2         4        3.058204e-01
         3         4        4.655658e-01
         4         4        5.555556e-01
         5         4        8.260400e-01
         6         4       -5.146903e-01
         7         4        2.149207e-01
         8         4        1.417031e+00
         9         4        6.960859e-01
        10         4       -7.424540e-01
        11         4        1.086441e+00
        12         4        9.488796e-01
        13         4       -5.576021e-01
        14         4       -1.025879e+00
        15         4       -5.543325e-02
        16         4       -3.453349e-01
        17         4       -3.360910e-01
        18         4       -2.093327e-01
        19         4        7.503296e-01
        20         4        4.288078e-01
        21         4        8.373567e-01
        22         4       -4.869602e-01
        23         4        7.929554e-01
        24         4       -6.973120e-01
        25         4        1.064407e+00
        26         4       -5.403729e-01
        27         4        1.121003e+00
        28         4       -1.535616e+00
        29         4       -7.708941e-01
        30         4        2.074692e+00
        31         4       -1.439704e-01
        32         4       -4.459877e-02
        33         4        1.150307e+00
        34         4       -8.383764e-01
        35         4        2.874849e-02
        36         4       -1.009378e+00
        37         4        2.696613e-01
        38         4       -1.385333e-01
        39         4       -8.404283e-01
        40         4        5.549871e-02
        41         4       -8.534218e-01
        42         4        8.874874e-01
        43         4       -1.068216e+00
        44         4       -1.323642e+00
        45         4       -4.735360e-01
        46         4        6.823181e-01
        47         4        7.240411e-01
        48         4       -2.561463e-01
        49         4       -9.761217e-01
        50         4        8.859857e-03
        51         4        4.286529e-01
        52         4       -2.482655e-01
        53         4        8.755590e-01
        54         4        8.753380e-01
        55         4        7.992057e-01
        56         4       -5.740680e-01
        57         4        1.456439e-01
        58         4        8.578078e-01
        59         4       -1.369846e+00
        60         4        1.657860e-01
        61         4        2.868277e-01
        62         4        6.519429e-02
        63         4        1.812648e+00
        64         4       -6.599665e-01
        65         4       -6.977596e-01
        66         4        1.157025e+00
        67         4        2.623758e-01
        68         4       -6.005761e-01
        69         4       -8.451434e-01
        70         4        8.196332e-01
        71         4        4.024272e-01
        72         4        5.291156e-01
        73         4        1.906846e+00
        74         4       -7.599286e-01
        75         4        4.844181e-01
        76         4        8.407196e-02
        77         4       -2.088962e-01
        78         4       -6.763915e-01
        79         4       -4.636494e-01
        80         4        6.439772e-01
        81         4       -8.440275e-03
        82         4       -4.151204e-02
        83         4        3.060465e-01
        84         4        1.018883e+00
        85         4       -1.743346e+00
         1         5        6.426835e-01
         2         5        2.938566e-01
         3         5       -2.957243e-01
         4         5        9.166610e-01
         5         5       -2.201651e-01
         6         5        1.229475e+00
         7         5        9.305368e-01
         8         5        2.478400e-01
         9         5        4.813444e-02
        10         5        1.477790e+00
        11         5       -5.651067e-01
        12         5        3.092963e-01
        13         5        1.004630e+00
        14         5        9.957642e-01
        15         5        2.838859e-01
        16         5        7.345638e-01
        17         5        4.841960e-01
        18         5        1.809244e+00
        19         5        1.769327e+00
        20         5       -5.631568e-01
        21         5        6.476053e-01
        22         5       -4.728980e-01
        23         5        2.798457e-01
        24         5        2.702573e-01
        25         5        2.997310e+00
        26         5        2.371230e-01
        27         5       -2.432112e+00
        28         5        1.089099e+00
        29         5        1.408816e+00
        30         5       -2.490357e-01
        31         5        2.569837e-01
        32         5       -6.274465e-01
        33         5       -2.464836e-02
        34         5        5.967074e-01
        35         5        5.767134e-01
        36         5        2.477233e+00
        37         5        1.135994e+00
        38         5        1.981693e+00
        39         5       -3.018904e-01
        40         5        8.536326e-01
        41         5       -9.284431e-01
        42         5        5.149159e-01
        43         5        1.620870e+00
        44         5       -6.060089e-02
        45         5       -1.386256e+00
        46         5       -6.471544e-01
        47         5        1.551322e+00
        48         5        4.504293e-02
        49         5        6.803995e-01
        50         5        1.718692e+00
        51         5       -5.929443e-02
        52         5        2.412309e+00
        53         5        1.257213e+00
        54         5        1.068486e+00
        55         5        5.384079e-01
        56         5       -2.425170e-01
        57         5        8.703118e-02
        58         5        2.841126e-01
        59         5        5.461690e-01
        60         5       -2.148394e-01
        61         5        1.802126e+00
        62         5        2.575550e-01
        63         5        7.623649e-01
        64         5       -3.931684e-01
        65         5       -1.518299e+00
        66         5        2.559437e-01
        67         5       -6.982107e-01
        68         5        7.313852e-01
        69         5        7.521453e-02
        70         5       -1.131742e+00
        71         5        8.198315e-01
        72         5        1.520396e+00
        73         5       -3.408987e-01
        74         5       -6.954865e-01
        75         5        6.990697e-02
        76         5       -1.420551e+00
        77         5        2.427075e-02
        78         5       -1.884562e-01
        79         5        1.317564e-01
        80         5        9.870840e-01
        81         5        6.343966e-01
        82         5        1.433303e+00
        83         5        3.104421e-01
        84         5        2.285472e-01
        85         5       -1.835584e+00
;

param theta:=
    1        7.837842e-01
    2       -3.976549e-01
    3       -5.575934e-01
    4       -1.051783e+00
    5        4.777209e-01
;
param X_true:=
    1        3.374879e-01
    2        4.206995e-01
    3       -1.094527e+00
    4        1.002128e+00
    5        8.751425e-01
    6        1.230437e+00
    7        2.270850e-01
    8       -1.154714e+00
    9        8.592496e-02
   10        7.955342e-02
   11       -1.735116e+00
   12        4.522795e-01
   13        7.724269e-01
   14        9.924419e-01
   15        3.854585e-01
   16        5.555524e-01
   17        1.461070e+00
   18        1.610931e-01
   19        8.724169e-01
   20        7.178034e-01
   21       -2.348292e+00
   22        7.667125e-01
   23        8.515022e-01
   24        3.340934e-01
   25        5.059904e-02
   26        1.023299e+00
   27       -1.574069e+00
   28        2.337757e+00
   29        8.096471e-01
   30       -3.498569e+00
   31        2.591222e-01
   32       -1.345717e+00
   33       -2.691167e-01
   34       -3.221869e-01
   35        4.424011e-01
   36        3.008312e+00
   37        1.043641e+00
   38        8.247116e-01
   39        6.957042e-03
   40        1.874908e+00
   41        2.388487e+00
   42       -8.735958e-02
   43        3.333309e+00
   44        1.926577e+00
   45       -1.644252e+00
   46        6.038272e-01
   47        1.301007e+00
   48        1.041217e-01
   49        7.109640e-01
   50       -8.107989e-02
   51        3.037487e-02
   52       -2.929478e-01
   53       -1.049164e-01
   54       -1.348121e+00
   55       -9.547658e-01
   56        6.561110e-01
   57       -2.977275e-01
   58       -1.595508e+00
   59        1.801275e+00
   60       -4.023620e-01
   61       -1.000512e+00
   62        1.380381e+00
   63        5.319113e-02
   64        2.497186e+00
   65       -1.065728e-01
   66       -4.549961e-01
   67       -3.210094e+00
   68        2.464689e-02
   69       -8.905039e-01
   70       -3.533304e-01
   71       -1.172706e+00
   72       -3.857623e-01
   73       -2.792031e+00
   74        3.482907e-02
   75        1.586314e+00
   76        1.134552e+00
   77       -1.075549e-01
   78        3.033235e-01
   79        1.039663e+00
   80        6.040337e-03
   81        5.257690e-02
   82        5.365802e-02
   83       -1.172461e+00
   84       -7.523384e-01
   85       -2.267248e-02
;
param X:=
    1        3.374879e-01
    2        1.546864e+00
    3       -3.917104e-01
    4        1.002128e+00
    5        8.127107e-01
    6        1.476672e-01
    7        1.506446e+00
    8       -1.154714e+00
    9        8.592496e-02
   10        7.955342e-02
   11       -1.735116e+00
   12        1.232578e+00
   13        7.724269e-01
   14        1.748551e+00
   15        3.854585e-01
   16        9.126594e-02
   17        2.143623e+00
   18       -1.083856e+00
   19        8.724169e-01
   20        2.665737e-01
   21       -2.348292e+00
   22        7.667125e-01
   23        8.515022e-01
   24        3.340934e-01
   25        3.566119e-01
   26        1.023299e+00
   27       -1.574069e+00
   28        2.337757e+00
   29       -1.174322e-01
   30       -2.072949e+00
   31        3.213041e-01
   32       -1.345717e+00
   33        4.837090e-01
   34        2.228287e-01
   35        4.424011e-01
   36        3.008312e+00
   37        1.043641e+00
   38       -4.659605e-01
   39        6.957042e-03
   40        1.874908e+00
   41        2.388487e+00
   42        9.854047e-01
   43        3.333309e+00
   44        1.926577e+00
   45       -1.644252e+00
   46        6.038272e-01
   47        6.535685e-01
   48        1.041217e-01
   49       -6.099302e-01
   50       -8.758718e-01
   51       -5.154617e-02
   52       -5.981634e-01
   53       -1.049164e-01
   54       -1.348121e+00
   55       -9.547658e-01
   56        6.561110e-01
   57       -2.977275e-01
   58       -1.766958e-01
   59        1.801275e+00
   60       -4.023620e-01
   61       -1.000512e+00
   62        1.380381e+00
   63       -3.568553e-01
   64        2.497186e+00
   65        3.319055e-01
   66       -2.055935e-01
   67       -3.210094e+00
   68       -1.062543e+00
   69       -8.905039e-01
   70       -3.533304e-01
   71       -1.172706e+00
   72        1.918043e-01
   73       -2.792031e+00
   74        3.482907e-02
   75        1.586314e+00
   76        4.181195e-01
   77        6.677266e-01
   78        3.033235e-01
   79        1.039663e+00
   80        6.040337e-03
   81        5.257690e-02
   82       -9.941276e-01
   83       -8.832206e-02
   84       -7.523384e-01
   85        6.128969e-01
;
param outliervec:=
    1    0
    2    1
    3    1
    4    0
    5    1
    6    1
    7    1
    8    0
    9    0
   10    0
   11    0
   12    1
   13    0
   14    1
   15    0
   16    1
   17    1
   18    1
   19    0
   20    1
   21    0
   22    0
   23    0
   24    0
   25    1
   26    0
   27    0
   28    0
   29    1
   30    1
   31    1
   32    0
   33    1
   34    1
   35    0
   36    0
   37    0
   38    1
   39    0
   40    0
   41    0
   42    1
   43    0
   44    0
   45    0
   46    0
   47    1
   48    0
   49    1
   50    1
   51    1
   52    1
   53    0
   54    0
   55    0
   56    0
   57    0
   58    1
   59    0
   60    0
   61    0
   62    0
   63    1
   64    0
   65    1
   66    1
   67    0
   68    1
   69    0
   70    0
   71    0
   72    1
   73    0
   74    0
   75    0
   76    1
   77    1
   78    0
   79    0
   80    0
   81    0
   82    1
   83    1
   84    0
   85    1
; 
param greedy_time :=         1.104585e-01
;