data;


param FN:= 0;
param D:= 100;
param U_Original:=
         1         1        5.911303e-01
         2         1        5.716574e-01
         3         1        1.009460e-01
         4         1       -1.094877e+00
         5         1        3.362247e-01
         6         1        4.619809e-01
         7         1        7.548528e-02
         8         1       -8.859530e-01
         9         1       -1.009988e+00
        10         1       -1.050412e+00
        11         1       -4.617235e-01
        12         1        9.595804e-01
        13         1       -8.163601e-01
        14         1        2.980954e-01
        15         1       -1.605931e+00
        16         1       -5.909786e-02
        17         1       -6.810537e-01
        18         1       -1.111813e+00
        19         1        2.365378e-01
        20         1       -3.069302e-02
        21         1        7.667131e-01
        22         1        2.020393e-01
        23         1       -1.065302e+00
        24         1        8.470383e-01
        25         1        2.532177e-01
        26         1       -1.428798e+00
        27         1       -2.266902e+00
        28         1       -6.814496e-01
        29         1        1.517687e+00
        30         1        5.242253e-01
        31         1       -6.358319e-01
        32         1        1.074502e+00
        33         1        3.441417e-01
        34         1       -2.409957e+00
        35         1        7.173035e-01
        36         1        1.611102e-01
        37         1       -4.525770e-01
        38         1        1.186503e+00
        39         1       -1.624219e+00
        40         1       -1.665331e+00
        41         1        2.154171e+00
        42         1        2.727242e-01
        43         1       -4.400007e-01
        44         1       -7.291829e-02
        45         1        4.552351e-01
        46         1       -9.303391e-01
        47         1       -6.642362e-01
        48         1       -2.410169e-02
        49         1        1.001438e+00
        50         1       -7.386418e-01
        51         1       -1.861913e-01
        52         1       -1.114940e+00
        53         1       -6.627948e-01
        54         1        9.964243e-01
        55         1       -2.194584e+00
        56         1       -9.319865e-01
        57         1       -7.138843e-01
        58         1        3.575427e-01
        59         1        6.059266e-01
        60         1        2.101035e-01
        61         1       -5.311655e-01
        62         1       -5.183136e-01
        63         1        1.024570e+00
        64         1        7.221199e-01
        65         1        8.121622e-01
        66         1       -3.835093e-01
        67         1       -8.691911e-01
        68         1        2.892195e-01
        69         1        2.720821e+00
        70         1        4.041911e-01
        71         1       -9.226889e-01
        72         1       -1.698960e-01
        73         1        6.689995e-01
        74         1        6.173575e-01
        75         1       -8.769500e-01
        76         1       -2.816460e-01
        77         1       -1.955261e-01
        78         1       -3.451152e-02
        79         1        6.939086e-01
        80         1        5.799289e-01
        81         1        7.360443e-01
        82         1        1.283845e+00
        83         1       -1.099329e-02
        84         1        5.309890e-01
        85         1       -1.793677e-01
        86         1        6.100417e-01
        87         1       -3.854113e-01
        88         1       -4.587526e-01
        89         1       -1.581029e+00
        90         1        3.012815e-01
        91         1        3.661152e-01
        92         1       -1.400478e+00
        93         1        1.963917e-01
        94         1       -1.338155e-01
        95         1       -1.863083e+00
        96         1       -1.846580e+00
        97         1        1.015463e+00
        98         1       -3.842615e-01
        99         1       -7.755503e-01
       100         1        1.277051e+00
         1         2        1.346573e+00
         2         2        7.161855e-01
         3         2       -1.508499e+00
         4         2        9.653250e-01
         5         2        6.870758e-01
         6         2        3.747492e-01
         7         2        1.981175e-01
         8         2        3.531147e-01
         9         2        5.372680e-01
        10         2       -1.516154e+00
        11         2       -3.286139e-01
        12         2       -7.186888e-01
        13         2       -1.437450e+00
        14         2        4.450224e-01
        15         2        4.734876e-01
        16         2       -1.826878e-01
        17         2       -2.938368e-01
        18         2       -2.009936e+00
        19         2        1.520561e+00
        20         2       -7.906167e-01
        21         2        6.680257e-01
        22         2        1.047826e+00
        23         2       -3.474504e-01
        24         2        1.399207e+00
        25         2        8.342145e-01
        26         2       -3.983335e-01
        27         2        9.336034e-01
        28         2       -8.783343e-01
        29         2       -1.412641e+00
        30         2       -2.643330e-01
        31         2        3.674545e-02
        32         2       -3.276648e-01
        33         2        1.760465e+00
        34         2        1.248634e+00
        35         2       -8.750417e-01
        36         2        3.446854e-01
        37         2        3.228849e-01
        38         2       -2.313432e+00
        39         2       -2.289902e+00
        40         2        1.783405e+00
        41         2        2.873248e+00
        42         2       -3.503560e-01
        43         2       -6.481723e-02
        44         2        3.193152e-01
        45         2       -2.423580e-01
        46         2        1.130793e+00
        47         2       -9.945075e-01
        48         2        9.994724e-01
        49         2       -9.217572e-01
        50         2        1.217516e-01
        51         2        3.203380e-01
        52         2       -1.132160e+00
        53         2       -9.526242e-01
        54         2        9.042144e-02
        55         2        2.836999e-01
        56         2        8.171252e-01
        57         2        9.086164e-01
        58         2        2.662105e+00
        59         2       -4.852166e-01
        60         2        8.473162e-01
        61         2       -9.758275e-01
        62         2        1.764887e+00
        63         2        7.148366e-01
        64         2        1.528998e+00
        65         2        1.045920e+00
        66         2       -1.823522e+00
        67         2       -3.918303e-01
        68         2       -1.965648e-01
        69         2        3.545766e-02
        70         2       -2.712205e-01
        71         2        6.886755e-01
        72         2        1.094750e+00
        73         2       -5.753757e-01
        74         2       -9.266588e-01
        75         2        1.177571e+00
        76         2       -1.376070e+00
        77         2       -1.609506e+00
        78         2       -5.728540e-01
        79         2       -4.725482e-04
        80         2        5.649125e-02
        81         2       -1.415346e+00
        82         2        2.740619e-01
        83         2        7.280692e-01
        84         2       -1.303125e-01
        85         2        4.274796e-01
        86         2        7.393697e-01
        87         2        1.008160e-02
        88         2       -9.213979e-01
        89         2        1.953672e-01
        90         2       -4.850703e-01
        91         2        1.089303e+00
        92         2       -8.280381e-01
        93         2        1.877745e+00
        94         2        1.202930e+00
        95         2        1.154644e+00
        96         2       -6.299691e-01
        97         2       -1.014621e+00
        98         2        8.094136e-01
        99         2       -2.841771e-01
       100         2       -4.017138e-01
         1         3       -4.476677e-01
         2         3        6.755470e-01
         3         3        1.138337e+00
         4         3       -1.287548e-01
         5         3       -3.258679e-01
         6         3       -1.020057e-01
         7         3        1.423630e+00
         8         3        1.114682e+00
         9         3        3.956405e-01
        10         3       -2.588296e-01
        11         3        2.152092e-02
        12         3       -3.652172e-01
        13         3        8.875937e-02
        14         3        4.291135e-01
        15         3        1.229361e+00
        16         3        4.813076e-01
        17         3       -1.101572e+00
        18         3        5.280225e-01
        19         3       -1.013006e+00
        20         3       -4.404001e-01
        21         3        1.357375e+00
        22         3       -1.120513e+00
        23         3       -2.047632e-01
        24         3       -1.227292e-01
        25         3       -1.176562e+00
        26         3       -8.504665e-01
        27         3       -8.284485e-02
        28         3        3.328978e-01
        29         3       -1.398637e+00
        30         3       -2.881043e-01
        31         3       -7.187860e-01
        32         3        3.810272e-01
        33         3        5.388868e-01
        34         3        1.229453e+00
        35         3       -4.116856e-01
        36         3       -1.182008e-01
        37         3        5.018811e-02
        38         3        6.074856e-01
        39         3       -6.686414e-01
        40         3        5.073787e-01
        41         3        1.125793e+00
        42         3       -1.551150e+00
        43         3       -2.703354e-02
        44         3       -2.011335e+00
        45         3        6.442666e-01
        46         3        1.248223e+00
        47         3       -8.427200e-02
        48         3        2.346668e+00
        49         3       -2.034334e-01
        50         3       -1.338718e-01
        51         3        9.988925e-01
        52         3       -9.010204e-02
        53         3       -1.079814e-02
        54         3        1.205390e+00
        55         3        2.161516e-01
        56         3        1.973161e-01
        57         3       -7.220025e-01
        58         3        6.475813e-01
        59         3       -1.709049e+00
        60         3        1.516058e-01
        61         3        1.471505e+00
        62         3        1.681550e-01
        63         3       -1.341142e-01
        64         3       -8.065816e-01
        65         3       -5.903625e-01
        66         3       -1.125302e+00
        67         3       -1.444780e+00
        68         3        1.143706e+00
        69         3       -3.621100e-01
        70         3       -4.104347e-01
        71         3       -1.141593e+00
        72         3       -2.249980e-01
        73         3        9.002098e-01
        74         3        3.934414e-01
        75         3        1.059546e+00
        76         3        1.848642e+00
        77         3        4.962448e-01
        78         3        1.869766e+00
        79         3       -1.201204e-01
        80         3        7.229508e-01
        81         3       -1.401248e+00
        82         3        1.962915e-01
        83         3       -2.372260e+00
        84         3        1.257728e+00
        85         3        2.351953e-01
        86         3       -2.206000e-01
        87         3       -9.996544e-01
        88         3        1.413422e+00
        89         3       -7.055922e-01
        90         3       -3.045143e-01
        91         3        1.138022e+00
        92         3       -1.280038e+00
        93         3       -9.220489e-01
        94         3        2.757501e-01
        95         3        1.930234e+00
        96         3       -1.982486e+00
        97         3        3.365475e-01
        98         3        2.053166e-01
        99         3        3.692220e-01
       100         3        2.506154e-03
         1         4        4.628532e-01
         2         4        4.016602e-01
         3         4       -6.501992e-02
         4         4        1.969370e+00
         5         4       -8.047660e-02
         6         4       -1.319517e+00
         7         4        7.205305e-01
         8         4       -1.163282e+00
         9         4        1.964617e-01
        10         4        3.919845e-01
        11         4       -1.348472e+00
        12         4       -3.104467e-01
        13         4       -2.658314e-01
        14         4        5.692711e-03
        15         4       -1.081131e+00
        16         4        2.272600e-01
        17         4        6.840553e-01
        18         4       -1.174911e+00
        19         4        1.113457e+00
        20         4        2.487815e+00
        21         4        2.372607e-01
        22         4       -9.407010e-01
        23         4       -4.843845e-01
        24         4       -2.302405e-01
        25         4       -7.278937e-01
        26         4        3.814609e-01
        27         4       -2.018781e-01
        28         4        7.077759e-01
        29         4       -1.748749e+00
        30         4        4.602547e-01
        31         4       -7.253105e-01
        32         4        3.439198e-01
        33         4        7.354988e-01
        34         4       -8.755167e-01
        35         4        7.098696e-01
        36         4       -3.653945e-01
        37         4        7.933037e-01
        38         4        2.287681e+00
        39         4        6.743582e-01
        40         4        9.599488e-01
        41         4       -1.394969e+00
        42         4       -2.405522e-02
        43         4        5.951947e-01
        44         4        7.243612e-01
        45         4        4.303981e-01
        46         4       -9.644809e-01
        47         4        5.814543e-01
        48         4        7.794881e-01
        49         4       -2.743911e-02
        50         4       -4.020299e-01
        51         4        7.862413e-01
        52         4        6.129220e-01
        53         4       -3.200617e-01
        54         4        5.565238e-01
        55         4       -9.944013e-01
        56         4        1.375664e+00
        57         4       -2.815848e-01
        58         4       -2.308254e-01
        59         4        3.866461e-01
        60         4        6.268357e-01
        61         4        9.065046e-01
        62         4       -5.414720e-01
        63         4       -2.280661e+00
        64         4       -1.227978e+00
        65         4       -1.012406e-01
        66         4        7.536466e-01
        67         4        6.312924e-01
        68         4       -1.641026e-01
        69         4       -7.610287e-01
        70         4        2.593603e-01
        71         4        2.803163e-01
        72         4        1.192732e-01
        73         4       -2.508403e-01
        74         4        2.014119e+00
        75         4       -8.826728e-01
        76         4       -3.788763e-01
        77         4        8.890209e-01
        78         4        5.987335e-01
        79         4        1.545102e+00
        80         4        9.872073e-02
        81         4        1.168331e+00
        82         4       -8.660213e-01
        83         4        7.741497e-01
        84         4       -5.278167e-01
        85         4        5.293385e-01
        86         4        9.518579e-01
        87         4       -1.750672e+00
        88         4       -1.976220e-01
        89         4       -1.421300e+00
        90         4        6.193332e-02
        91         4        1.535506e-01
        92         4        4.087987e-02
        93         4        1.023963e+00
        94         4        4.607014e-01
        95         4        4.638362e-01
        96         4        1.046864e+00
        97         4       -1.069319e-01
        98         4        5.850857e-01
        99         4       -2.839836e-02
       100         4       -1.576835e-01
         1         5       -8.215319e-01
         2         5       -5.512275e-01
         3         5       -1.709326e+00
         4         5        1.953684e-02
         5         5       -1.887448e+00
         6         5       -3.109723e-01
         7         5        1.975640e+00
         8         5        2.203797e-02
         9         5        9.873143e-01
        10         5        8.811215e-01
        11         5       -8.104416e-01
        12         5        2.694024e-01
        13         5        6.052138e-01
        14         5        1.079962e+00
        15         5        1.497514e+00
        16         5       -3.657457e-01
        17         5       -4.456082e-01
        18         5        4.279106e-01
        19         5       -1.116697e+00
        20         5       -1.986956e-01
        21         5        7.914250e-02
        22         5        1.329996e+00
        23         5        1.650589e+00
        24         5       -1.418502e-01
        25         5       -6.908790e-01
        26         5       -6.467108e-01
        27         5       -9.979287e-01
        28         5        4.607373e-01
        29         5        6.340715e-01
        30         5        7.661517e-01
        31         5        1.325019e+00
        32         5        2.072901e+00
        33         5        5.495936e-01
        34         5       -8.467869e-01
        35         5        7.019663e-01
        36         5        2.740056e-01
        37         5        8.600675e-01
        38         5       -1.983167e+00
        39         5        5.572037e-01
        40         5       -5.809921e-02
        41         5       -8.571629e-02
        42         5        9.105848e-01
        43         5        2.038807e+00
        44         5        2.589386e-02
        45         5       -5.216474e-01
        46         5        3.537632e-02
        47         5       -1.445245e+00
        48         5        6.206653e-02
        49         5       -2.203327e-01
        50         5       -9.280275e-02
        51         5       -6.329242e-01
        52         5       -1.348045e+00
        53         5       -1.549102e+00
        54         5       -6.159399e-01
        55         5        8.207288e-01
        56         5        1.179539e+00
        57         5       -8.550911e-02
        58         5       -6.303476e-01
        59         5       -1.728054e+00
        60         5       -1.184569e+00
        61         5        5.216278e-01
        62         5        1.145372e+00
        63         5        7.873279e-01
        64         5       -2.107573e+00
        65         5        1.072448e+00
        66         5        8.856772e-01
        67         5        3.094327e-01
        68         5        9.735910e-01
        69         5       -1.427760e+00
        70         5       -9.249898e-02
        71         5        1.454759e+00
        72         5       -1.821041e+00
        73         5       -8.434269e-01
        74         5        1.016716e+00
        75         5        9.611712e-01
        76         5       -3.991785e-02
        77         5        2.451625e-01
        78         5        3.659338e-01
        79         5       -4.767692e-01
        80         5       -8.302052e-01
        81         5        1.359996e+00
        82         5       -1.021421e+00
        83         5       -1.059944e+00
        84         5        1.536085e+00
        85         5        5.866985e-01
        86         5        4.191006e-01
        87         5       -6.061306e-01
        88         5        6.597758e-01
        89         5       -1.591139e+00
        90         5       -1.089739e+00
        91         5        7.903745e-01
        92         5       -5.213522e-01
        93         5        4.374153e-01
        94         5       -6.553274e-01
        95         5       -4.003427e-01
        96         5       -1.688460e-01
        97         5       -1.461396e+00
        98         5       -4.301684e-02
        99         5       -1.312584e-01
       100         5       -1.949386e-01
;
param X_Original:=
    1       -5.770897e-01
    2        8.151333e-01
    3        7.779127e-01
    4       -1.676605e+00
    5        6.064726e-01
    6       -8.347743e-03
    7       -4.372596e-01
    8       -8.349783e-02
    9       -1.582925e+00
   10       -7.140603e-01
   11        3.000160e-01
   12       -5.546690e-02
   13        1.655004e+00
   14        5.138628e-01
   15       -1.442616e+00
   16       -1.145115e-01
   17       -1.782358e+00
   18       -2.327539e-01
   19        4.907495e-01
   20       -5.580409e-01
   21        7.942653e-01
   22       -1.228949e+00
   23       -1.505373e+00
   24        9.568888e-01
   25        2.538500e-01
   26        3.256187e-01
   27       -4.980337e-01
   28       -5.577877e-01
   29        7.322254e-01
   30        1.680831e+00
   31       -6.769807e-01
   32       -1.046430e+00
   33        6.666209e-01
   34       -6.903794e-02
   35        3.840717e-01
   36       -4.334058e-01
   37       -6.870632e-01
   38        1.154378e+00
   39        8.961863e-01
   40       -7.773912e-01
   41        1.181283e+00
   42       -2.532851e-01
   43        3.900743e-01
   44        1.633309e+00
   45        1.321856e-02
   46        6.761015e-01
   47       -4.360503e-01
   48        4.491874e-01
   49        1.111420e+00
   50        6.806502e-01
   51       -1.306930e+00
   52       -7.005619e-01
   53        2.941724e-01
   54       -3.009384e-01
   55       -3.384427e-01
   56       -4.359860e-01
   57        1.155083e+00
   58       -2.957454e-01
   59        1.713600e+00
   60        8.095063e-01
   61       -3.487429e-01
   62        3.143127e-01
   63       -5.636953e-01
   64       -3.743787e-01
   65        6.625524e-01
   66       -9.500747e-01
   67        4.866006e-01
   68        1.839628e+00
   69        1.112399e+00
   70        5.598948e-01
   71       -2.056599e-01
   72       -1.824650e-01
   73       -1.219958e+00
   74        4.371403e-01
   75        1.098924e+00
   76        1.448520e-01
   77       -5.418994e-01
   78        4.729351e-01
   79        1.945493e+00
   80       -1.434801e+00
   81       -2.544128e-01
   82        5.449233e-01
   83        7.689697e-01
   84       -1.160770e+00
   85        1.120904e+00
   86       -1.345174e+00
   87        1.201055e+00
   88        3.165124e+00
   89       -1.086881e+00
   90       -1.653509e-01
   91        8.179169e-01
   92        4.087754e-01
   93        7.079677e-01
   94       -1.515447e+00
   95       -1.933078e-01
   96       -9.163556e-01
   97        1.129129e+00
   98       -2.351897e-01
   99       -1.117545e+00
  100        7.692730e-02
;
param outliervec_original :=
    1    1
    2    0
    3    1
    4    1
    5    0
    6    0
    7    1
    8    1
    9    1
   10    1
   11    1
   12    0
   13    1
   14    1
   15    1
   16    1
   17    1
   18    1
   19    1
   20    1
   21    1
   22    1
   23    1
   24    0
   25    0
   26    1
   27    1
   28    1
   29    1
   30    1
   31    0
   32    1
   33    1
   34    1
   35    1
   36    1
   37    1
   38    1
   39    1
   40    1
   41    1
   42    0
   43    1
   44    1
   45    1
   46    1
   47    0
   48    1
   49    1
   50    1
   51    1
   52    0
   53    1
   54    1
   55    1
   56    1
   57    1
   58    1
   59    1
   60    0
   61    0
   62    0
   63    1
   64    1
   65    0
   66    0
   67    1
   68    1
   69    1
   70    1
   71    1
   72    1
   73    1
   74    1
   75    1
   76    1
   77    0
   78    1
   79    1
   80    1
   81    1
   82    0
   83    1
   84    1
   85    1
   86    1
   87    1
   88    1
   89    1
   90    1
   91    1
   92    1
   93    1
   94    1
   95    1
   96    0
   97    1
   98    1
   99    1
  100    1
;
param d:= 75;
param r:=5;
param p:=0.820000;
param M:=1000;
param U:=
         1         1        5.716574e-01
         2         1        1.009460e-01
         3         1        3.362247e-01
         4         1        4.619809e-01
         5         1        7.548528e-02
         6         1       -8.859530e-01
         7         1       -1.009988e+00
         8         1       -1.050412e+00
         9         1       -4.617235e-01
        10         1        9.595804e-01
        11         1        2.980954e-01
        12         1       -1.605931e+00
        13         1       -5.909786e-02
        14         1       -1.111813e+00
        15         1        2.365378e-01
        16         1       -3.069302e-02
        17         1        7.667131e-01
        18         1        2.020393e-01
        19         1       -1.065302e+00
        20         1        8.470383e-01
        21         1        2.532177e-01
        22         1       -1.428798e+00
        23         1       -2.266902e+00
        24         1       -6.814496e-01
        25         1        1.517687e+00
        26         1       -6.358319e-01
        27         1        1.074502e+00
        28         1        3.441417e-01
        29         1       -2.409957e+00
        30         1        7.173035e-01
        31         1        1.611102e-01
        32         1       -4.525770e-01
        33         1        1.186503e+00
        34         1       -1.665331e+00
        35         1        2.154171e+00
        36         1        2.727242e-01
        37         1        4.552351e-01
        38         1       -6.642362e-01
        39         1       -2.410169e-02
        40         1        1.001438e+00
        41         1       -7.386418e-01
        42         1       -1.114940e+00
        43         1       -6.627948e-01
        44         1       -2.194584e+00
        45         1       -9.319865e-01
        46         1        6.059266e-01
        47         1        2.101035e-01
        48         1       -5.311655e-01
        49         1       -5.183136e-01
        50         1        1.024570e+00
        51         1        8.121622e-01
        52         1       -3.835093e-01
        53         1        2.720821e+00
        54         1        4.041911e-01
        55         1       -9.226889e-01
        56         1       -1.698960e-01
        57         1        6.173575e-01
        58         1       -2.816460e-01
        59         1       -1.955261e-01
        60         1       -3.451152e-02
        61         1        6.939086e-01
        62         1        7.360443e-01
        63         1        1.283845e+00
        64         1       -1.099329e-02
        65         1        5.309890e-01
        66         1       -1.581029e+00
        67         1        3.012815e-01
        68         1        3.661152e-01
        69         1        1.963917e-01
        70         1       -1.863083e+00
        71         1       -1.846580e+00
        72         1        1.015463e+00
        73         1       -3.842615e-01
        74         1       -7.755503e-01
        75         1        1.277051e+00
         1         2        7.161855e-01
         2         2       -1.508499e+00
         3         2        6.870758e-01
         4         2        3.747492e-01
         5         2        1.981175e-01
         6         2        3.531147e-01
         7         2        5.372680e-01
         8         2       -1.516154e+00
         9         2       -3.286139e-01
        10         2       -7.186888e-01
        11         2        4.450224e-01
        12         2        4.734876e-01
        13         2       -1.826878e-01
        14         2       -2.009936e+00
        15         2        1.520561e+00
        16         2       -7.906167e-01
        17         2        6.680257e-01
        18         2        1.047826e+00
        19         2       -3.474504e-01
        20         2        1.399207e+00
        21         2        8.342145e-01
        22         2       -3.983335e-01
        23         2        9.336034e-01
        24         2       -8.783343e-01
        25         2       -1.412641e+00
        26         2        3.674545e-02
        27         2       -3.276648e-01
        28         2        1.760465e+00
        29         2        1.248634e+00
        30         2       -8.750417e-01
        31         2        3.446854e-01
        32         2        3.228849e-01
        33         2       -2.313432e+00
        34         2        1.783405e+00
        35         2        2.873248e+00
        36         2       -3.503560e-01
        37         2       -2.423580e-01
        38         2       -9.945075e-01
        39         2        9.994724e-01
        40         2       -9.217572e-01
        41         2        1.217516e-01
        42         2       -1.132160e+00
        43         2       -9.526242e-01
        44         2        2.836999e-01
        45         2        8.171252e-01
        46         2       -4.852166e-01
        47         2        8.473162e-01
        48         2       -9.758275e-01
        49         2        1.764887e+00
        50         2        7.148366e-01
        51         2        1.045920e+00
        52         2       -1.823522e+00
        53         2        3.545766e-02
        54         2       -2.712205e-01
        55         2        6.886755e-01
        56         2        1.094750e+00
        57         2       -9.266588e-01
        58         2       -1.376070e+00
        59         2       -1.609506e+00
        60         2       -5.728540e-01
        61         2       -4.725482e-04
        62         2       -1.415346e+00
        63         2        2.740619e-01
        64         2        7.280692e-01
        65         2       -1.303125e-01
        66         2        1.953672e-01
        67         2       -4.850703e-01
        68         2        1.089303e+00
        69         2        1.877745e+00
        70         2        1.154644e+00
        71         2       -6.299691e-01
        72         2       -1.014621e+00
        73         2        8.094136e-01
        74         2       -2.841771e-01
        75         2       -4.017138e-01
         1         3        6.755470e-01
         2         3        1.138337e+00
         3         3       -3.258679e-01
         4         3       -1.020057e-01
         5         3        1.423630e+00
         6         3        1.114682e+00
         7         3        3.956405e-01
         8         3       -2.588296e-01
         9         3        2.152092e-02
        10         3       -3.652172e-01
        11         3        4.291135e-01
        12         3        1.229361e+00
        13         3        4.813076e-01
        14         3        5.280225e-01
        15         3       -1.013006e+00
        16         3       -4.404001e-01
        17         3        1.357375e+00
        18         3       -1.120513e+00
        19         3       -2.047632e-01
        20         3       -1.227292e-01
        21         3       -1.176562e+00
        22         3       -8.504665e-01
        23         3       -8.284485e-02
        24         3        3.328978e-01
        25         3       -1.398637e+00
        26         3       -7.187860e-01
        27         3        3.810272e-01
        28         3        5.388868e-01
        29         3        1.229453e+00
        30         3       -4.116856e-01
        31         3       -1.182008e-01
        32         3        5.018811e-02
        33         3        6.074856e-01
        34         3        5.073787e-01
        35         3        1.125793e+00
        36         3       -1.551150e+00
        37         3        6.442666e-01
        38         3       -8.427200e-02
        39         3        2.346668e+00
        40         3       -2.034334e-01
        41         3       -1.338718e-01
        42         3       -9.010204e-02
        43         3       -1.079814e-02
        44         3        2.161516e-01
        45         3        1.973161e-01
        46         3       -1.709049e+00
        47         3        1.516058e-01
        48         3        1.471505e+00
        49         3        1.681550e-01
        50         3       -1.341142e-01
        51         3       -5.903625e-01
        52         3       -1.125302e+00
        53         3       -3.621100e-01
        54         3       -4.104347e-01
        55         3       -1.141593e+00
        56         3       -2.249980e-01
        57         3        3.934414e-01
        58         3        1.848642e+00
        59         3        4.962448e-01
        60         3        1.869766e+00
        61         3       -1.201204e-01
        62         3       -1.401248e+00
        63         3        1.962915e-01
        64         3       -2.372260e+00
        65         3        1.257728e+00
        66         3       -7.055922e-01
        67         3       -3.045143e-01
        68         3        1.138022e+00
        69         3       -9.220489e-01
        70         3        1.930234e+00
        71         3       -1.982486e+00
        72         3        3.365475e-01
        73         3        2.053166e-01
        74         3        3.692220e-01
        75         3        2.506154e-03
         1         4        4.016602e-01
         2         4       -6.501992e-02
         3         4       -8.047660e-02
         4         4       -1.319517e+00
         5         4        7.205305e-01
         6         4       -1.163282e+00
         7         4        1.964617e-01
         8         4        3.919845e-01
         9         4       -1.348472e+00
        10         4       -3.104467e-01
        11         4        5.692711e-03
        12         4       -1.081131e+00
        13         4        2.272600e-01
        14         4       -1.174911e+00
        15         4        1.113457e+00
        16         4        2.487815e+00
        17         4        2.372607e-01
        18         4       -9.407010e-01
        19         4       -4.843845e-01
        20         4       -2.302405e-01
        21         4       -7.278937e-01
        22         4        3.814609e-01
        23         4       -2.018781e-01
        24         4        7.077759e-01
        25         4       -1.748749e+00
        26         4       -7.253105e-01
        27         4        3.439198e-01
        28         4        7.354988e-01
        29         4       -8.755167e-01
        30         4        7.098696e-01
        31         4       -3.653945e-01
        32         4        7.933037e-01
        33         4        2.287681e+00
        34         4        9.599488e-01
        35         4       -1.394969e+00
        36         4       -2.405522e-02
        37         4        4.303981e-01
        38         4        5.814543e-01
        39         4        7.794881e-01
        40         4       -2.743911e-02
        41         4       -4.020299e-01
        42         4        6.129220e-01
        43         4       -3.200617e-01
        44         4       -9.944013e-01
        45         4        1.375664e+00
        46         4        3.866461e-01
        47         4        6.268357e-01
        48         4        9.065046e-01
        49         4       -5.414720e-01
        50         4       -2.280661e+00
        51         4       -1.012406e-01
        52         4        7.536466e-01
        53         4       -7.610287e-01
        54         4        2.593603e-01
        55         4        2.803163e-01
        56         4        1.192732e-01
        57         4        2.014119e+00
        58         4       -3.788763e-01
        59         4        8.890209e-01
        60         4        5.987335e-01
        61         4        1.545102e+00
        62         4        1.168331e+00
        63         4       -8.660213e-01
        64         4        7.741497e-01
        65         4       -5.278167e-01
        66         4       -1.421300e+00
        67         4        6.193332e-02
        68         4        1.535506e-01
        69         4        1.023963e+00
        70         4        4.638362e-01
        71         4        1.046864e+00
        72         4       -1.069319e-01
        73         4        5.850857e-01
        74         4       -2.839836e-02
        75         4       -1.576835e-01
         1         5       -5.512275e-01
         2         5       -1.709326e+00
         3         5       -1.887448e+00
         4         5       -3.109723e-01
         5         5        1.975640e+00
         6         5        2.203797e-02
         7         5        9.873143e-01
         8         5        8.811215e-01
         9         5       -8.104416e-01
        10         5        2.694024e-01
        11         5        1.079962e+00
        12         5        1.497514e+00
        13         5       -3.657457e-01
        14         5        4.279106e-01
        15         5       -1.116697e+00
        16         5       -1.986956e-01
        17         5        7.914250e-02
        18         5        1.329996e+00
        19         5        1.650589e+00
        20         5       -1.418502e-01
        21         5       -6.908790e-01
        22         5       -6.467108e-01
        23         5       -9.979287e-01
        24         5        4.607373e-01
        25         5        6.340715e-01
        26         5        1.325019e+00
        27         5        2.072901e+00
        28         5        5.495936e-01
        29         5       -8.467869e-01
        30         5        7.019663e-01
        31         5        2.740056e-01
        32         5        8.600675e-01
        33         5       -1.983167e+00
        34         5       -5.809921e-02
        35         5       -8.571629e-02
        36         5        9.105848e-01
        37         5       -5.216474e-01
        38         5       -1.445245e+00
        39         5        6.206653e-02
        40         5       -2.203327e-01
        41         5       -9.280275e-02
        42         5       -1.348045e+00
        43         5       -1.549102e+00
        44         5        8.207288e-01
        45         5        1.179539e+00
        46         5       -1.728054e+00
        47         5       -1.184569e+00
        48         5        5.216278e-01
        49         5        1.145372e+00
        50         5        7.873279e-01
        51         5        1.072448e+00
        52         5        8.856772e-01
        53         5       -1.427760e+00
        54         5       -9.249898e-02
        55         5        1.454759e+00
        56         5       -1.821041e+00
        57         5        1.016716e+00
        58         5       -3.991785e-02
        59         5        2.451625e-01
        60         5        3.659338e-01
        61         5       -4.767692e-01
        62         5        1.359996e+00
        63         5       -1.021421e+00
        64         5       -1.059944e+00
        65         5        1.536085e+00
        66         5       -1.591139e+00
        67         5       -1.089739e+00
        68         5        7.903745e-01
        69         5        4.374153e-01
        70         5       -4.003427e-01
        71         5       -1.688460e-01
        72         5       -1.461396e+00
        73         5       -4.301684e-02
        74         5       -1.312584e-01
        75         5       -1.949386e-01
;

param theta:=
    1        4.450110e-01
    2        4.620324e-01
    3        7.372901e-02
    4        3.111828e-01
    5       -9.985254e-02
;
param X_true:=
    1        8.151333e-01
    2       -4.176771e-01
    3        6.064726e-01
    4       -8.347743e-03
    5        2.570354e-01
    6       -5.131179e-01
    7       -2.095008e-01
    8       -1.153044e+00
    9       -6.944122e-01
   10       -5.546690e-02
   11        2.638431e-01
   12       -8.912105e-01
   13        3.201949e-02
   14       -1.792834e+00
   15        1.191116e+00
   16        3.825861e-01
   17        8.158520e-01
   18        6.589130e-02
   19       -9.652493e-01
   20        9.568888e-01
   21        2.538500e-01
   22       -6.992980e-01
   23       -5.467245e-01
   24       -5.102853e-01
   25       -6.879129e-01
   26       -6.769807e-01
   27        2.549038e-01
   28        1.180267e+00
   29       -5.927937e-01
   30        3.536334e-02
   31        8.117214e-02
   32        1.124644e-01
   33        4.138273e-01
   34        4.248297e-01
   35        1.943636e+00
   36       -2.532851e-01
   37        3.241289e-01
   38       -4.360503e-01
   39        8.604463e-01
   40        1.823265e-02
   41       -3.981590e-01
   42       -7.005619e-01
   43       -6.808063e-01
   44       -1.220991e+00
   45        2.876451e-01
   46        2.123200e-01
   47        8.095063e-01
   48       -3.487429e-01
   49        3.143127e-01
   50       -1.198453e-02
   51        6.625524e-01
   52       -9.500747e-01
   53        1.106226e+00
   54        1.142406e-01
   55       -2.346166e-01
   56        6.325666e-01
   57        4.008302e-01
   58       -7.387398e-01
   59       -5.418994e-01
   60        7.597120e-03
   61        8.281379e-01
   62       -2.019347e-01
   63        5.449233e-01
   64        5.033352e-01
   65       -4.881112e-02
   66       -9.487365e-01
   67        1.558967e-02
   68        7.189853e-01
   69        1.161956e+00
   70        3.101751e-02
   71       -9.163556e-01
   72        1.205662e-01
   73        4.044764e-01
   74       -4.449356e-01
   75        3.532784e-01
;
param X:=
    1        8.151333e-01
    2        7.779127e-01
    3        6.064726e-01
    4       -8.347743e-03
    5       -4.372596e-01
    6       -8.349783e-02
    7       -1.582925e+00
    8       -7.140603e-01
    9        3.000160e-01
   10       -5.546690e-02
   11        5.138628e-01
   12       -1.442616e+00
   13       -1.145115e-01
   14       -2.327539e-01
   15        4.907495e-01
   16       -5.580409e-01
   17        7.942653e-01
   18       -1.228949e+00
   19       -1.505373e+00
   20        9.568888e-01
   21        2.538500e-01
   22        3.256187e-01
   23       -4.980337e-01
   24       -5.577877e-01
   25        7.322254e-01
   26       -6.769807e-01
   27       -1.046430e+00
   28        6.666209e-01
   29       -6.903794e-02
   30        3.840717e-01
   31       -4.334058e-01
   32       -6.870632e-01
   33        1.154378e+00
   34       -7.773912e-01
   35        1.181283e+00
   36       -2.532851e-01
   37        1.321856e-02
   38       -4.360503e-01
   39        4.491874e-01
   40        1.111420e+00
   41        6.806502e-01
   42       -7.005619e-01
   43        2.941724e-01
   44       -3.384427e-01
   45       -4.359860e-01
   46        1.713600e+00
   47        8.095063e-01
   48       -3.487429e-01
   49        3.143127e-01
   50       -5.636953e-01
   51        6.625524e-01
   52       -9.500747e-01
   53        1.112399e+00
   54        5.598948e-01
   55       -2.056599e-01
   56       -1.824650e-01
   57        4.371403e-01
   58        1.448520e-01
   59       -5.418994e-01
   60        4.729351e-01
   61        1.945493e+00
   62       -2.544128e-01
   63        5.449233e-01
   64        7.689697e-01
   65       -1.160770e+00
   66       -1.086881e+00
   67       -1.653509e-01
   68        8.179169e-01
   69        7.079677e-01
   70       -1.933078e-01
   71       -9.163556e-01
   72        1.129129e+00
   73       -2.351897e-01
   74       -1.117545e+00
   75        7.692730e-02
;
param outliervec:=
    1    0
    2    1
    3    0
    4    0
    5    1
    6    1
    7    1
    8    1
    9    1
   10    0
   11    1
   12    1
   13    1
   14    1
   15    1
   16    1
   17    1
   18    1
   19    1
   20    0
   21    0
   22    1
   23    1
   24    1
   25    1
   26    0
   27    1
   28    1
   29    1
   30    1
   31    1
   32    1
   33    1
   34    1
   35    1
   36    0
   37    1
   38    0
   39    1
   40    1
   41    1
   42    0
   43    1
   44    1
   45    1
   46    1
   47    0
   48    0
   49    0
   50    1
   51    0
   52    0
   53    1
   54    1
   55    1
   56    1
   57    1
   58    1
   59    0
   60    1
   61    1
   62    1
   63    0
   64    1
   65    1
   66    1
   67    1
   68    1
   69    1
   70    1
   71    0
   72    1
   73    1
   74    1
   75    1
; 
param greedy_time :=         2.034775e-01
;