data;


param FN:= 0;
param D:= 100;
param U_Original:=
         1         1       -1.120817e+00
         2         1        2.216661e-01
         3         1       -1.215331e+00
         4         1       -1.017507e+00
         5         1        8.092423e-01
         6         1        5.270077e-01
         7         1        7.948244e-03
         8         1       -3.195864e-01
         9         1        1.516242e+00
        10         1       -1.176003e+00
        11         1        1.978910e-01
        12         1       -1.933255e+00
        13         1        1.468603e-01
        14         1       -3.098303e-01
        15         1        9.464832e-01
        16         1       -8.133336e-01
        17         1       -1.758178e-01
        18         1       -1.626684e-01
        19         1       -9.631796e-01
        20         1       -1.487530e+00
        21         1        1.240346e+00
        22         1       -2.672588e+00
        23         1       -2.536796e-01
        24         1        9.431504e-01
        25         1       -1.941882e+00
        26         1       -1.156397e+00
        27         1       -1.170116e+00
        28         1        1.985049e-01
        29         1        2.071877e+00
        30         1       -1.471829e+00
        31         1        1.304163e+00
        32         1        1.330364e+00
        33         1        7.556315e-01
        34         1        5.843171e-01
        35         1        5.391895e-01
        36         1       -9.031496e-01
        37         1        4.975115e-01
        38         1       -1.274630e-01
        39         1       -1.115992e+00
        40         1       -6.690204e-01
        41         1        9.916356e-01
        42         1        5.879173e-01
        43         1       -1.498521e+00
        44         1        2.213003e-01
        45         1        2.186772e-01
        46         1       -2.961547e-01
        47         1        8.140750e-02
        48         1        1.242695e+00
        49         1       -1.019829e+00
        50         1       -1.571409e-01
        51         1       -1.915083e-01
        52         1        6.069995e-01
        53         1        5.660345e-01
        54         1       -1.067535e+00
        55         1       -9.173555e-01
        56         1        7.473945e-01
        57         1       -4.844638e-01
        58         1        9.020237e-01
        59         1        1.228443e+00
        60         1        1.110515e+00
        61         1        1.246066e-01
        62         1        1.394148e+00
        63         1        1.451100e+00
        64         1       -6.431788e-01
        65         1        7.328114e-01
        66         1        4.292931e-01
        67         1        2.895370e-01
        68         1       -1.802615e-01
        69         1        1.640012e-02
        70         1        3.708526e-01
        71         1       -8.395992e-01
        72         1        4.276318e-02
        73         1        7.385762e-01
        74         1       -6.699524e-01
        75         1       -2.503829e-01
        76         1        6.294799e-01
        77         1       -1.131076e+00
        78         1        1.707836e+00
        79         1        5.104492e-02
        80         1       -6.325646e-01
        81         1        2.258787e-01
        82         1        1.877879e-01
        83         1        5.789372e-01
        84         1        1.580216e-01
        85         1        1.346973e+00
        86         1        4.719504e-01
        87         1        3.576863e-01
        88         1        8.170964e-01
        89         1       -1.250472e+00
        90         1        6.534369e-01
        91         1       -1.376379e+00
        92         1        1.229076e+00
        93         1        5.790260e-01
        94         1        1.602302e-01
        95         1        1.134815e-01
        96         1        7.629799e-01
        97         1       -9.035357e-02
        98         1       -1.068744e+00
        99         1       -1.836375e+00
       100         1       -1.601143e+00
         1         2       -8.568961e-01
         2         2        2.396529e-01
         3         2       -1.104119e+00
         4         2       -2.484905e-01
         5         2       -3.569930e-01
         6         2       -5.276526e-03
         7         2       -1.299905e-01
         8         2        5.707834e-01
         9         2       -1.040869e+00
        10         2        6.653284e-01
        11         2       -1.973132e-01
        12         2       -9.278049e-01
        13         2       -4.159498e-01
        14         2        2.425876e-01
        15         2       -1.524383e+00
        16         2       -2.980354e-01
        17         2       -6.707336e-02
        18         2        1.558125e+00
        19         2       -3.267435e-02
        20         2        1.831462e+00
        21         2        1.076192e+00
        22         2        6.196696e-01
        23         2       -7.048771e-01
        24         2       -1.404293e+00
        25         2        4.469130e-01
        26         2       -7.923782e-01
        27         2        2.454337e+00
        28         2        9.431660e-02
        29         2        1.610917e+00
        30         2        2.372830e-01
        31         2       -1.635041e+00
        32         2        1.461403e-01
        33         2        1.250129e+00
        34         2       -1.421711e+00
        35         2       -9.102266e-01
        36         2        1.073854e+00
        37         2        1.734015e+00
        38         2       -1.627536e+00
        39         2       -1.813357e+00
        40         2       -5.367873e-02
        41         2        1.315966e+00
        42         2       -1.958715e+00
        43         2       -6.412457e-01
        44         2       -6.891932e-01
        45         2       -3.664776e-01
        46         2        5.597202e-01
        47         2       -2.542760e+00
        48         2        5.782146e-01
        49         2       -1.267516e+00
        50         2        1.423264e-01
        51         2        5.820780e-01
        52         2        1.018643e+00
        53         2       -6.317260e-01
        54         2        3.730696e-02
        55         2        7.319059e-01
        56         2        5.169768e-01
        57         2       -1.885762e+00
        58         2        9.905595e-01
        59         2        1.113766e+00
        60         2        9.545671e-01
        61         2       -1.936562e+00
        62         2        1.899113e-01
        63         2        1.649147e+00
        64         2        3.344911e-01
        65         2       -9.078153e-01
        66         2       -2.521295e-02
        67         2        1.245184e-01
        68         2        1.399661e+00
        69         2        3.062233e-01
        70         2        1.417115e+00
        71         2        5.340058e-01
        72         2        5.524707e-01
        73         2        1.135579e+00
        74         2        1.779583e+00
        75         2       -9.426803e-02
        76         2        3.142603e-01
        77         2        6.813815e-01
        78         2        1.154556e+00
        79         2        2.303831e+00
        80         2       -5.351778e-01
        81         2       -4.150209e-02
        82         2       -2.846070e-01
        83         2       -2.629690e-01
        84         2        7.682382e-01
        85         2       -1.798278e+00
        86         2        4.382873e-01
        87         2        2.652196e+00
        88         2        1.974282e+00
        89         2        5.437835e-01
        90         2       -1.453040e+00
        91         2       -1.203175e+00
        92         2        5.120019e-01
        93         2        1.208679e+00
        94         2        7.655592e-01
        95         2        1.447663e+00
        96         2       -5.788386e-01
        97         2       -3.221590e-01
        98         2       -7.973273e-01
        99         2       -3.957801e-01
       100         2       -1.616358e+00
         1         3        1.015126e+00
         2         3       -6.201705e-02
         3         3        4.472598e-01
         4         3       -8.012798e-01
         5         3        2.968549e-01
         6         3       -1.538008e+00
         7         3        2.386756e-01
         8         3        4.425287e-01
         9         3        6.788132e-01
        10         3       -2.262723e+00
        11         3       -1.783786e+00
        12         3       -5.800610e-01
        13         3       -2.115000e-01
        14         3       -3.014997e-01
        15         3       -2.279117e+00
        16         3       -6.307926e-01
        17         3        1.610924e+00
        18         3       -1.231077e-01
        19         3        7.424559e-01
        20         3        2.885251e-02
        21         3       -1.770522e-01
        22         3        1.645083e+00
        23         3       -1.108481e+00
        24         3       -2.534764e-01
        25         3        6.674869e-01
        26         3        9.210824e-01
        27         3        7.467411e-01
        28         3       -1.855086e-01
        29         3        3.752361e-01
        30         3        9.233857e-01
        31         3       -1.313830e+00
        32         3       -5.148618e-01
        33         3       -1.411393e+00
        34         3        6.531488e-01
        35         3       -1.880211e-01
        36         3        1.954380e-01
        37         3       -9.866289e-01
        38         3        1.707522e-01
        39         3        1.005146e+00
        40         3        5.310781e-01
        41         3        6.312481e-01
        42         3       -1.578143e-01
        43         3       -2.018017e-01
        44         3       -4.170159e-01
        45         3        5.424175e-01
        46         3       -1.010274e+00
        47         3        1.650933e+00
        48         3        1.709031e+00
        49         3       -2.878467e-01
        50         3       -2.581581e-01
        51         3       -8.715847e-02
        52         3       -4.711998e-01
        53         3        1.792175e+00
        54         3       -1.135369e+00
        55         3        1.523463e+00
        56         3        4.398202e-01
        57         3       -8.089299e-01
        58         3       -2.357839e-01
        59         3       -4.241387e-01
        60         3       -1.969116e-01
        61         3       -6.155724e-01
        62         3       -3.206155e-01
        63         3       -4.780352e-01
        64         3       -8.728634e-02
        65         3       -9.969184e-01
        66         3       -2.826741e-01
        67         3        1.271426e+00
        68         3        1.161435e+00
        69         3        1.554348e-01
        70         3       -1.842801e+00
        71         3        7.798294e-01
        72         3        6.627071e-01
        73         3       -7.650229e-02
        74         3       -1.213722e+00
        75         3       -8.284571e-01
        76         3       -1.213156e+00
        77         3        7.400247e-01
        78         3       -1.243386e-01
        79         3       -7.942643e-01
        80         3        4.988390e-01
        81         3       -1.077933e+00
        82         3        1.018615e+00
        83         3       -4.036980e-01
        84         3       -7.082992e-01
        85         3        1.035146e+00
        86         3       -5.940110e-01
        87         3       -1.352429e+00
        88         3        5.013648e-01
        89         3       -1.269140e-01
        90         3       -4.310668e-01
        91         3       -1.394058e+00
        92         3       -2.400260e-01
        93         3       -2.923317e+00
        94         3        1.890922e+00
        95         3        5.631252e-01
        96         3       -1.176348e+00
        97         3        6.836092e-01
        98         3        9.328671e-01
        99         3       -1.610908e+00
       100         3       -9.145170e-01
         1         4       -9.152622e-01
         2         4       -4.447323e-01
         3         4        1.068877e+00
         4         4       -1.812572e-01
         5         4        1.826153e-01
         6         4        1.196847e-02
         7         4       -6.401743e-01
         8         4        3.185134e+00
         9         4        1.712244e-01
        10         4        2.885254e-01
        11         4        7.785568e-01
        12         4       -8.954249e-01
        13         4        1.289184e-01
        14         4       -6.995168e-02
        15         4       -8.230431e-01
        16         4       -5.192728e-01
        17         4        5.929189e-01
        18         4       -1.563903e+00
        19         4        1.141359e-01
        20         4       -2.040321e+00
        21         4       -5.501090e-01
        22         4        1.097019e-01
        23         4        9.677575e-01
        24         4       -5.721266e-01
        25         4        1.398512e+00
        26         4       -6.984616e-01
        27         4       -5.783725e-01
        28         4        1.219564e+00
        29         4        4.826809e-01
        30         4       -3.001749e-02
        31         4       -1.166329e-01
        32         4        1.265351e+00
        33         4        1.199554e+00
        34         4        1.638853e+00
        35         4        2.457862e-01
        36         4        2.902993e-02
        37         4       -3.836096e-01
        38         4        7.643241e-02
        39         4       -4.222428e-02
        40         4       -1.340046e+00
        41         4       -1.654577e+00
        42         4        8.384191e-01
        43         4        1.462148e-02
        44         4       -1.381162e+00
        45         4       -1.121616e-01
        46         4        5.389431e-01
        47         4        1.499945e+00
        48         4       -5.825178e-01
        49         4        3.375827e-02
        50         4        9.412541e-01
        51         4        2.230979e-01
        52         4        2.885565e-01
        53         4       -3.865883e-02
        54         4        1.550043e-01
        55         4        6.002745e-01
        56         4        1.131660e+00
        57         4       -5.782458e-01
        58         4        8.717682e-02
        59         4       -1.054835e+00
        60         4       -1.446493e-01
        61         4        5.523404e-01
        62         4        5.076859e-01
        63         4       -4.217266e-01
        64         4        1.347170e+00
        65         4       -1.313241e+00
        66         4        6.862656e-01
        67         4        1.541326e+00
        68         4        1.946768e-01
        69         4        1.105044e+00
        70         4       -7.088746e-01
        71         4        2.052210e-01
        72         4        4.127172e-01
        73         4        2.493788e-01
        74         4        6.524137e-02
        75         4       -1.490298e+00
        76         4       -2.541189e+00
        77         4       -1.110849e+00
        78         4        5.388223e-02
        79         4        1.128215e+00
        80         4       -1.581555e+00
        81         4       -8.749052e-01
        82         4       -2.057888e-02
        83         4        1.373067e-01
        84         4       -8.914521e-01
        85         4       -1.385351e+00
        86         4        2.291457e-01
        87         4        8.100873e-01
        88         4       -1.868918e+00
        89         4       -3.878486e-01
        90         4       -6.080995e-02
        91         4        6.470208e-01
        92         4        9.189611e-01
        93         4       -1.465695e+00
        94         4       -9.493237e-01
        95         4       -2.031140e+00
        96         4       -9.371836e-01
        97         4       -4.493386e-01
        98         4       -3.114461e-01
        99         4        3.182458e-01
       100         4        1.224373e-01
         1         5        6.925523e-01
         2         5       -2.285917e-01
         3         5        2.060372e+00
         4         5       -7.078659e-01
         5         5       -2.066053e+00
         6         5       -1.506322e+00
         7         5       -2.260618e-01
         8         5        4.913707e-02
         9         5       -8.889158e-01
        10         5       -5.537233e-01
        11         5        7.220421e-01
        12         5       -4.610972e-01
        13         5       -1.167968e+00
        14         5        2.015603e+00
        15         5        1.607778e+00
        16         5        3.839385e-01
        17         5        2.790387e-02
        18         5       -2.203856e-01
        19         5        1.032225e+00
        20         5        9.433418e-01
        21         5       -1.270471e-03
        22         5       -4.232661e-01
        23         5       -1.194448e+00
        24         5        2.163786e-01
        25         5        7.027027e-01
        26         5        3.705915e-01
        27         5       -1.329783e+00
        28         5       -9.499569e-01
        29         5       -1.313389e+00
        30         5       -1.306834e-01
        31         5       -5.005038e-01
        32         5        7.930987e-01
        33         5       -5.965698e-01
        34         5       -5.458864e-01
        35         5        5.568020e-01
        36         5       -5.819310e-01
        37         5        8.951530e-02
        38         5        2.537225e-01
        39         5       -8.885942e-02
        40         5       -1.029326e+00
        41         5       -1.023634e+00
        42         5       -3.033360e+00
        43         5        7.030977e-02
        44         5        2.083002e+00
        45         5       -1.159766e-01
        46         5        4.653683e-01
        47         5        1.697030e+00
        48         5        3.641779e-01
        49         5        6.460309e-01
        50         5        1.771998e-01
        51         5       -5.664604e-01
        52         5        4.344044e-01
        53         5        2.978957e-01
        54         5       -3.655985e-01
        55         5       -5.862431e-01
        56         5        5.457886e-02
        57         5       -2.323171e-02
        58         5       -1.638033e+00
        59         5        3.953825e-01
        60         5       -3.198802e-01
        61         5        7.974393e-01
        62         5       -6.438486e-02
        63         5       -5.894741e-01
        64         5        1.319982e-01
        65         5       -9.340525e-01
        66         5        1.417073e+00
        67         5       -1.316844e-01
        68         5       -5.071238e-01
        69         5        8.239225e-02
        70         5        7.263372e-01
        71         5        8.882614e-01
        72         5        3.180849e-01
        73         5        2.440171e-01
        74         5       -1.846252e+00
        75         5        1.331944e+00
        76         5       -1.117984e+00
        77         5       -1.205541e+00
        78         5        1.923669e+00
        79         5       -5.772240e-01
        80         5       -2.667283e+00
        81         5       -2.891846e-01
        82         5       -4.666819e-01
        83         5        6.340910e-01
        84         5        5.149345e-02
        85         5       -9.058529e-01
        86         5        4.214475e-01
        87         5        1.843322e-01
        88         5        1.254065e+00
        89         5       -1.010862e+00
        90         5       -7.841987e-01
        91         5       -3.323494e-01
        92         5        1.513629e+00
        93         5       -2.754967e-01
        94         5       -1.031436e+00
        95         5        1.655103e+00
        96         5        8.281547e-01
        97         5        1.429061e+00
        98         5       -1.526893e+00
        99         5       -5.171498e-02
       100         5        9.606540e-01
;
param X_Original:=
    1       -1.068404e+00
    2        2.621167e-01
    3        1.216106e+00
    4       -2.420772e-01
    5       -2.512963e-01
    6       -2.343456e-01
    7        1.192910e+00
    8        5.233884e+00
    9       -6.427918e-01
   10       -3.327605e-01
   11       -2.537669e-01
   12       -9.233877e-01
   13       -1.778732e-01
   14       -6.763026e-01
   15        8.677689e-02
   16        7.058032e-01
   17        6.264843e-01
   18        3.207651e-01
   19       -1.583859e+00
   20        6.211071e-01
   21       -9.938888e-01
   22       -1.519683e+00
   23       -1.041343e+00
   24        2.072166e+00
   25        6.933381e-02
   26       -2.458976e+00
   27        3.517648e-01
   28        7.162927e-02
   29        8.771201e-01
   30        1.810406e+00
   31       -4.699216e-02
   32        3.658463e+00
   33       -4.814324e-01
   34        8.714717e-01
   35        1.484027e-01
   36        1.129532e+00
   37       -5.130525e-01
   38        7.202833e-01
   39       -2.732319e+00
   40        2.342582e-01
   41        1.591693e-01
   42       -8.739841e-01
   43        6.520308e-01
   44        6.095945e-01
   45        4.187048e-01
   46       -1.221566e+00
   47        1.218574e+00
   48        2.893000e+00
   49       -2.624435e+00
   50        5.907925e-01
   51        1.443402e+00
   52       -1.526803e+00
   53        1.528656e+00
   54       -1.043094e+00
   55       -8.583035e-01
   56        7.175916e-01
   57       -4.177985e+00
   58       -9.297655e-01
   59        1.095212e+00
   60        1.989214e+00
   61        2.596998e-01
   62       -6.248803e-01
   63        9.336865e-01
   64        1.338951e+00
   65        3.075896e-01
   66        3.179236e-02
   67        3.717885e+00
   68        2.284939e+00
   69        2.127428e+00
   70        1.119399e+00
   71        6.362821e-01
   72        1.913016e+00
   73        2.601795e+00
   74       -5.465999e-01
   75        4.500222e-01
   76       -1.342781e+00
   77        5.772084e-01
   78        1.348656e-01
   79       -6.432787e-01
   80       -3.707733e-01
   81       -1.998983e+00
   82       -7.604829e-01
   83        1.177889e+00
   84        3.620120e-01
   85        7.256837e-01
   86        1.184567e+00
   87        3.545483e+00
   88        8.446740e-01
   89        2.432836e-01
   90       -1.477697e+00
   91        9.040741e-01
   92       -1.487946e+00
   93        6.184170e-01
   94       -2.815637e-01
   95       -4.643837e-01
   96       -1.600063e+00
   97       -6.809129e-03
   98        5.139206e-01
   99       -4.889512e-01
  100        1.143175e-01
;
param outliervec_original :=
    1    1
    2    1
    3    1
    4    1
    5    1
    6    1
    7    1
    8    0
    9    1
   10    1
   11    1
   12    1
   13    1
   14    1
   15    1
   16    1
   17    1
   18    1
   19    1
   20    1
   21    1
   22    0
   23    0
   24    1
   25    1
   26    1
   27    0
   28    1
   29    1
   30    1
   31    1
   32    0
   33    1
   34    1
   35    0
   36    1
   37    1
   38    1
   39    0
   40    1
   41    1
   42    1
   43    1
   44    1
   45    1
   46    1
   47    1
   48    0
   49    0
   50    1
   51    1
   52    1
   53    0
   54    1
   55    1
   56    1
   57    0
   58    1
   59    0
   60    0
   61    1
   62    1
   63    1
   64    1
   65    1
   66    1
   67    0
   68    0
   69    0
   70    1
   71    1
   72    0
   73    0
   74    0
   75    1
   76    1
   77    1
   78    1
   79    1
   80    1
   81    0
   82    1
   83    1
   84    1
   85    1
   86    1
   87    0
   88    1
   89    1
   90    0
   91    1
   92    1
   93    1
   94    1
   95    1
   96    0
   97    0
   98    1
   99    1
  100    1
;
param d:= 77;
param r:=5;
param p:=0.760000;
param M:=1000;
param U:=
         1         1       -1.120817e+00
         2         1        2.216661e-01
         3         1       -1.215331e+00
         4         1       -1.017507e+00
         5         1        8.092423e-01
         6         1        5.270077e-01
         7         1       -3.195864e-01
         8         1        1.516242e+00
         9         1       -1.176003e+00
        10         1        1.978910e-01
        11         1        1.468603e-01
        12         1       -3.098303e-01
        13         1        9.464832e-01
        14         1       -8.133336e-01
        15         1       -1.758178e-01
        16         1       -1.626684e-01
        17         1       -9.631796e-01
        18         1       -1.487530e+00
        19         1       -2.672588e+00
        20         1       -2.536796e-01
        21         1       -1.941882e+00
        22         1       -1.156397e+00
        23         1       -1.170116e+00
        24         1        1.985049e-01
        25         1        2.071877e+00
        26         1        1.304163e+00
        27         1        1.330364e+00
        28         1        5.843171e-01
        29         1        5.391895e-01
        30         1       -9.031496e-01
        31         1       -1.115992e+00
        32         1        9.916356e-01
        33         1        5.879173e-01
        34         1        2.213003e-01
        35         1        2.186772e-01
        36         1        8.140750e-02
        37         1        1.242695e+00
        38         1       -1.019829e+00
        39         1       -1.571409e-01
        40         1       -1.915083e-01
        41         1        5.660345e-01
        42         1       -1.067535e+00
        43         1       -9.173555e-01
        44         1        7.473945e-01
        45         1       -4.844638e-01
        46         1        9.020237e-01
        47         1        1.228443e+00
        48         1        1.110515e+00
        49         1        1.246066e-01
        50         1        1.451100e+00
        51         1       -6.431788e-01
        52         1        4.292931e-01
        53         1        2.895370e-01
        54         1       -1.802615e-01
        55         1        1.640012e-02
        56         1        3.708526e-01
        57         1       -8.395992e-01
        58         1        4.276318e-02
        59         1        7.385762e-01
        60         1       -6.699524e-01
        61         1       -2.503829e-01
        62         1        6.294799e-01
        63         1        2.258787e-01
        64         1        1.877879e-01
        65         1        5.789372e-01
        66         1        1.580216e-01
        67         1        4.719504e-01
        68         1        3.576863e-01
        69         1        8.170964e-01
        70         1       -1.250472e+00
        71         1        6.534369e-01
        72         1        5.790260e-01
        73         1        1.602302e-01
        74         1        1.134815e-01
        75         1        7.629799e-01
        76         1       -9.035357e-02
        77         1       -1.836375e+00
         1         2       -8.568961e-01
         2         2        2.396529e-01
         3         2       -1.104119e+00
         4         2       -2.484905e-01
         5         2       -3.569930e-01
         6         2       -5.276526e-03
         7         2        5.707834e-01
         8         2       -1.040869e+00
         9         2        6.653284e-01
        10         2       -1.973132e-01
        11         2       -4.159498e-01
        12         2        2.425876e-01
        13         2       -1.524383e+00
        14         2       -2.980354e-01
        15         2       -6.707336e-02
        16         2        1.558125e+00
        17         2       -3.267435e-02
        18         2        1.831462e+00
        19         2        6.196696e-01
        20         2       -7.048771e-01
        21         2        4.469130e-01
        22         2       -7.923782e-01
        23         2        2.454337e+00
        24         2        9.431660e-02
        25         2        1.610917e+00
        26         2       -1.635041e+00
        27         2        1.461403e-01
        28         2       -1.421711e+00
        29         2       -9.102266e-01
        30         2        1.073854e+00
        31         2       -1.813357e+00
        32         2        1.315966e+00
        33         2       -1.958715e+00
        34         2       -6.891932e-01
        35         2       -3.664776e-01
        36         2       -2.542760e+00
        37         2        5.782146e-01
        38         2       -1.267516e+00
        39         2        1.423264e-01
        40         2        5.820780e-01
        41         2       -6.317260e-01
        42         2        3.730696e-02
        43         2        7.319059e-01
        44         2        5.169768e-01
        45         2       -1.885762e+00
        46         2        9.905595e-01
        47         2        1.113766e+00
        48         2        9.545671e-01
        49         2       -1.936562e+00
        50         2        1.649147e+00
        51         2        3.344911e-01
        52         2       -2.521295e-02
        53         2        1.245184e-01
        54         2        1.399661e+00
        55         2        3.062233e-01
        56         2        1.417115e+00
        57         2        5.340058e-01
        58         2        5.524707e-01
        59         2        1.135579e+00
        60         2        1.779583e+00
        61         2       -9.426803e-02
        62         2        3.142603e-01
        63         2       -4.150209e-02
        64         2       -2.846070e-01
        65         2       -2.629690e-01
        66         2        7.682382e-01
        67         2        4.382873e-01
        68         2        2.652196e+00
        69         2        1.974282e+00
        70         2        5.437835e-01
        71         2       -1.453040e+00
        72         2        1.208679e+00
        73         2        7.655592e-01
        74         2        1.447663e+00
        75         2       -5.788386e-01
        76         2       -3.221590e-01
        77         2       -3.957801e-01
         1         3        1.015126e+00
         2         3       -6.201705e-02
         3         3        4.472598e-01
         4         3       -8.012798e-01
         5         3        2.968549e-01
         6         3       -1.538008e+00
         7         3        4.425287e-01
         8         3        6.788132e-01
         9         3       -2.262723e+00
        10         3       -1.783786e+00
        11         3       -2.115000e-01
        12         3       -3.014997e-01
        13         3       -2.279117e+00
        14         3       -6.307926e-01
        15         3        1.610924e+00
        16         3       -1.231077e-01
        17         3        7.424559e-01
        18         3        2.885251e-02
        19         3        1.645083e+00
        20         3       -1.108481e+00
        21         3        6.674869e-01
        22         3        9.210824e-01
        23         3        7.467411e-01
        24         3       -1.855086e-01
        25         3        3.752361e-01
        26         3       -1.313830e+00
        27         3       -5.148618e-01
        28         3        6.531488e-01
        29         3       -1.880211e-01
        30         3        1.954380e-01
        31         3        1.005146e+00
        32         3        6.312481e-01
        33         3       -1.578143e-01
        34         3       -4.170159e-01
        35         3        5.424175e-01
        36         3        1.650933e+00
        37         3        1.709031e+00
        38         3       -2.878467e-01
        39         3       -2.581581e-01
        40         3       -8.715847e-02
        41         3        1.792175e+00
        42         3       -1.135369e+00
        43         3        1.523463e+00
        44         3        4.398202e-01
        45         3       -8.089299e-01
        46         3       -2.357839e-01
        47         3       -4.241387e-01
        48         3       -1.969116e-01
        49         3       -6.155724e-01
        50         3       -4.780352e-01
        51         3       -8.728634e-02
        52         3       -2.826741e-01
        53         3        1.271426e+00
        54         3        1.161435e+00
        55         3        1.554348e-01
        56         3       -1.842801e+00
        57         3        7.798294e-01
        58         3        6.627071e-01
        59         3       -7.650229e-02
        60         3       -1.213722e+00
        61         3       -8.284571e-01
        62         3       -1.213156e+00
        63         3       -1.077933e+00
        64         3        1.018615e+00
        65         3       -4.036980e-01
        66         3       -7.082992e-01
        67         3       -5.940110e-01
        68         3       -1.352429e+00
        69         3        5.013648e-01
        70         3       -1.269140e-01
        71         3       -4.310668e-01
        72         3       -2.923317e+00
        73         3        1.890922e+00
        74         3        5.631252e-01
        75         3       -1.176348e+00
        76         3        6.836092e-01
        77         3       -1.610908e+00
         1         4       -9.152622e-01
         2         4       -4.447323e-01
         3         4        1.068877e+00
         4         4       -1.812572e-01
         5         4        1.826153e-01
         6         4        1.196847e-02
         7         4        3.185134e+00
         8         4        1.712244e-01
         9         4        2.885254e-01
        10         4        7.785568e-01
        11         4        1.289184e-01
        12         4       -6.995168e-02
        13         4       -8.230431e-01
        14         4       -5.192728e-01
        15         4        5.929189e-01
        16         4       -1.563903e+00
        17         4        1.141359e-01
        18         4       -2.040321e+00
        19         4        1.097019e-01
        20         4        9.677575e-01
        21         4        1.398512e+00
        22         4       -6.984616e-01
        23         4       -5.783725e-01
        24         4        1.219564e+00
        25         4        4.826809e-01
        26         4       -1.166329e-01
        27         4        1.265351e+00
        28         4        1.638853e+00
        29         4        2.457862e-01
        30         4        2.902993e-02
        31         4       -4.222428e-02
        32         4       -1.654577e+00
        33         4        8.384191e-01
        34         4       -1.381162e+00
        35         4       -1.121616e-01
        36         4        1.499945e+00
        37         4       -5.825178e-01
        38         4        3.375827e-02
        39         4        9.412541e-01
        40         4        2.230979e-01
        41         4       -3.865883e-02
        42         4        1.550043e-01
        43         4        6.002745e-01
        44         4        1.131660e+00
        45         4       -5.782458e-01
        46         4        8.717682e-02
        47         4       -1.054835e+00
        48         4       -1.446493e-01
        49         4        5.523404e-01
        50         4       -4.217266e-01
        51         4        1.347170e+00
        52         4        6.862656e-01
        53         4        1.541326e+00
        54         4        1.946768e-01
        55         4        1.105044e+00
        56         4       -7.088746e-01
        57         4        2.052210e-01
        58         4        4.127172e-01
        59         4        2.493788e-01
        60         4        6.524137e-02
        61         4       -1.490298e+00
        62         4       -2.541189e+00
        63         4       -8.749052e-01
        64         4       -2.057888e-02
        65         4        1.373067e-01
        66         4       -8.914521e-01
        67         4        2.291457e-01
        68         4        8.100873e-01
        69         4       -1.868918e+00
        70         4       -3.878486e-01
        71         4       -6.080995e-02
        72         4       -1.465695e+00
        73         4       -9.493237e-01
        74         4       -2.031140e+00
        75         4       -9.371836e-01
        76         4       -4.493386e-01
        77         4        3.182458e-01
         1         5        6.925523e-01
         2         5       -2.285917e-01
         3         5        2.060372e+00
         4         5       -7.078659e-01
         5         5       -2.066053e+00
         6         5       -1.506322e+00
         7         5        4.913707e-02
         8         5       -8.889158e-01
         9         5       -5.537233e-01
        10         5        7.220421e-01
        11         5       -1.167968e+00
        12         5        2.015603e+00
        13         5        1.607778e+00
        14         5        3.839385e-01
        15         5        2.790387e-02
        16         5       -2.203856e-01
        17         5        1.032225e+00
        18         5        9.433418e-01
        19         5       -4.232661e-01
        20         5       -1.194448e+00
        21         5        7.027027e-01
        22         5        3.705915e-01
        23         5       -1.329783e+00
        24         5       -9.499569e-01
        25         5       -1.313389e+00
        26         5       -5.005038e-01
        27         5        7.930987e-01
        28         5       -5.458864e-01
        29         5        5.568020e-01
        30         5       -5.819310e-01
        31         5       -8.885942e-02
        32         5       -1.023634e+00
        33         5       -3.033360e+00
        34         5        2.083002e+00
        35         5       -1.159766e-01
        36         5        1.697030e+00
        37         5        3.641779e-01
        38         5        6.460309e-01
        39         5        1.771998e-01
        40         5       -5.664604e-01
        41         5        2.978957e-01
        42         5       -3.655985e-01
        43         5       -5.862431e-01
        44         5        5.457886e-02
        45         5       -2.323171e-02
        46         5       -1.638033e+00
        47         5        3.953825e-01
        48         5       -3.198802e-01
        49         5        7.974393e-01
        50         5       -5.894741e-01
        51         5        1.319982e-01
        52         5        1.417073e+00
        53         5       -1.316844e-01
        54         5       -5.071238e-01
        55         5        8.239225e-02
        56         5        7.263372e-01
        57         5        8.882614e-01
        58         5        3.180849e-01
        59         5        2.440171e-01
        60         5       -1.846252e+00
        61         5        1.331944e+00
        62         5       -1.117984e+00
        63         5       -2.891846e-01
        64         5       -4.666819e-01
        65         5        6.340910e-01
        66         5        5.149345e-02
        67         5        4.214475e-01
        68         5        1.843322e-01
        69         5        1.254065e+00
        70         5       -1.010862e+00
        71         5       -7.841987e-01
        72         5       -2.754967e-01
        73         5       -1.031436e+00
        74         5        1.655103e+00
        75         5        8.281547e-01
        76         5        1.429061e+00
        77         5       -5.171498e-02
;

param theta:=
    1        1.302786e+00
    2        1.088639e+00
    3        7.894025e-01
    4        1.462923e+00
    5        4.053867e-01
;
param X_true:=
    1       -2.649899e+00
    2       -2.425545e-01
    3       -3.330340e-02
    4       -2.780767e+00
    5        3.295731e-01
    6       -1.126407e+00
    7        5.233884e+00
    8        1.268200e+00
    9       -2.396359e+00
   10        6.655660e-02
   11       -7.133309e-01
   12        3.372073e-01
   13       -2.777855e+00
   14       -2.486015e+00
   15        1.848303e+00
   16       -9.900795e-01
   17       -1.188690e-01
   18       -2.523772e+00
   19       -1.519683e+00
   20       -1.041343e+00
   21        8.143681e-01
   22       -2.513611e+00
   23        3.517648e-01
   24        1.613875e+00
   25        4.922828e+00
   26       -1.491587e+00
   27        3.658463e+00
   28        1.905329e+00
   29        1.484027e-01
   30       -4.673109e-02
   31       -2.732319e+00
   32        3.873228e-01
   33       -1.494123e+00
   34       -1.967282e+00
   35        1.030145e-01
   36        1.523418e+00
   37        2.893000e+00
   38       -2.624435e+00
   39        1.195247e+00
   40        4.121148e-01
   41        1.528656e+00
   42       -2.167869e+00
   43        1.444789e+00
   44        3.561349e+00
   45       -4.177985e+00
   46        1.530874e+00
   47        1.095212e+00
   48        1.989214e+00
   49       -1.300513e+00
   50        2.452518e+00
   51        1.481628e+00
   52        1.887102e+00
   53        3.717885e+00
   54        2.284939e+00
   55        2.127428e+00
   56       -1.714247e-01
   57        7.634323e-01
   58        1.913016e+00
   59        2.601795e+00
   60       -5.465999e-01
   61       -2.723045e+00
   62       -3.966254e+00
   63       -1.998983e+00
   64        5.196182e-01
   65        6.071942e-01
   66       -8.001819e-01
   67        1.129145e+00
   68        3.545483e+00
   69        1.383858e+00
   70       -2.114483e+00
   71       -1.477697e+00
   72       -2.493394e+00
   73        7.279439e-01
   74       -1.320876e-01
   75       -1.600063e+00
   76       -6.809129e-03
   77       -3.650317e+00
;
param X:=
    1       -1.068404e+00
    2        2.621167e-01
    3        1.216106e+00
    4       -2.420772e-01
    5       -2.512963e-01
    6       -2.343456e-01
    7        5.233884e+00
    8       -6.427918e-01
    9       -3.327605e-01
   10       -2.537669e-01
   11       -1.778732e-01
   12       -6.763026e-01
   13        8.677689e-02
   14        7.058032e-01
   15        6.264843e-01
   16        3.207651e-01
   17       -1.583859e+00
   18        6.211071e-01
   19       -1.519683e+00
   20       -1.041343e+00
   21        6.933381e-02
   22       -2.458976e+00
   23        3.517648e-01
   24        7.162927e-02
   25        8.771201e-01
   26       -4.699216e-02
   27        3.658463e+00
   28        8.714717e-01
   29        1.484027e-01
   30        1.129532e+00
   31       -2.732319e+00
   32        1.591693e-01
   33       -8.739841e-01
   34        6.095945e-01
   35        4.187048e-01
   36        1.218574e+00
   37        2.893000e+00
   38       -2.624435e+00
   39        5.907925e-01
   40        1.443402e+00
   41        1.528656e+00
   42       -1.043094e+00
   43       -8.583035e-01
   44        7.175916e-01
   45       -4.177985e+00
   46       -9.297655e-01
   47        1.095212e+00
   48        1.989214e+00
   49        2.596998e-01
   50        9.336865e-01
   51        1.338951e+00
   52        3.179236e-02
   53        3.717885e+00
   54        2.284939e+00
   55        2.127428e+00
   56        1.119399e+00
   57        6.362821e-01
   58        1.913016e+00
   59        2.601795e+00
   60       -5.465999e-01
   61        4.500222e-01
   62       -1.342781e+00
   63       -1.998983e+00
   64       -7.604829e-01
   65        1.177889e+00
   66        3.620120e-01
   67        1.184567e+00
   68        3.545483e+00
   69        8.446740e-01
   70        2.432836e-01
   71       -1.477697e+00
   72        6.184170e-01
   73       -2.815637e-01
   74       -4.643837e-01
   75       -1.600063e+00
   76       -6.809129e-03
   77       -4.889512e-01
;
param outliervec:=
    1    1
    2    1
    3    1
    4    1
    5    1
    6    1
    7    0
    8    1
    9    1
   10    1
   11    1
   12    1
   13    1
   14    1
   15    1
   16    1
   17    1
   18    1
   19    0
   20    0
   21    1
   22    1
   23    0
   24    1
   25    1
   26    1
   27    0
   28    1
   29    0
   30    1
   31    0
   32    1
   33    1
   34    1
   35    1
   36    1
   37    0
   38    0
   39    1
   40    1
   41    0
   42    1
   43    1
   44    1
   45    0
   46    1
   47    0
   48    0
   49    1
   50    1
   51    1
   52    1
   53    0
   54    0
   55    0
   56    1
   57    1
   58    0
   59    0
   60    0
   61    1
   62    1
   63    0
   64    1
   65    1
   66    1
   67    1
   68    0
   69    1
   70    1
   71    0
   72    1
   73    1
   74    1
   75    0
   76    0
   77    1
; 
param greedy_time :=         1.381565e-01
;