data;


param FN:= 0;
param D:= 100;
param U_Original:=
         1         1       -6.914316e-01
         2         1       -1.475013e+00
         3         1        5.344288e-01
         4         1        8.735071e-01
         5         1        1.613775e+00
         6         1       -1.759584e+00
         7         1        1.249441e+00
         8         1        1.928078e-01
         9         1       -1.245406e+00
        10         1        7.834948e-01
        11         1        4.829783e-02
        12         1        1.722185e+00
        13         1       -9.304794e-01
        14         1        7.969060e-01
        15         1        3.990085e-01
        16         1        5.149285e-01
        17         1        5.979014e-01
        18         1       -2.480655e-01
        19         1       -2.352223e-01
        20         1        5.553145e-01
        21         1        1.501643e+00
        22         1        7.646804e-01
        23         1        5.153011e-01
        24         1        4.070395e-01
        25         1        1.260362e-01
        26         1       -1.093339e+00
        27         1        4.264311e-01
        28         1       -7.936416e-01
        29         1        1.096327e+00
        30         1       -1.852886e+00
        31         1       -1.382311e+00
        32         1        8.622716e-01
        33         1        8.603741e-01
        34         1       -4.963934e-01
        35         1        1.124772e+00
        36         1        1.191619e+00
        37         1        1.428772e-01
        38         1       -2.812602e-01
        39         1       -1.965174e+00
        40         1       -6.882352e-01
        41         1       -8.510147e-01
        42         1       -2.755918e-01
        43         1        1.706877e-01
        44         1       -1.217189e+00
        45         1        1.634873e+00
        46         1        5.216911e-01
        47         1       -5.362966e-02
        48         1        2.994508e-01
        49         1        7.697586e-01
        50         1       -2.639447e+00
        51         1       -3.931674e-01
        52         1       -9.808832e-01
        53         1        2.510226e-01
        54         1        1.058052e+00
        55         1       -5.470122e-01
        56         1       -4.632831e-01
        57         1       -1.240031e+00
        58         1       -1.091448e+00
        59         1        8.871499e-01
        60         1       -3.725446e-02
        61         1       -1.461242e+00
        62         1        1.121318e+00
        63         1       -3.905020e-01
        64         1        6.232038e-02
        65         1       -3.376238e-01
        66         1        1.337453e+00
        67         1        3.079981e-01
        68         1       -3.653549e-01
        69         1       -1.674786e+00
        70         1       -2.462454e-01
        71         1        3.795594e-01
        72         1        2.886961e-02
        73         1        5.059709e-01
        74         1        3.085595e-01
        75         1        1.045577e+00
        76         1        9.734441e-01
        77         1        1.766653e-03
        78         1       -3.200015e-01
        79         1        8.748583e-01
        80         1       -2.063811e+00
        81         1       -4.777446e-02
        82         1       -1.078580e+00
        83         1       -2.452413e-01
        84         1       -1.148291e+00
        85         1       -2.174122e+00
        86         1        9.561240e-01
        87         1       -1.210717e-01
        88         1       -1.720348e+00
        89         1       -4.541748e-01
        90         1       -3.320929e-01
        91         1        1.505946e+00
        92         1       -2.125528e-01
        93         1       -9.681435e-01
        94         1       -1.119698e+00
        95         1        8.516657e-01
        96         1        1.158027e+00
        97         1       -1.110728e+00
        98         1        6.466826e-03
        99         1        5.314397e-01
       100         1       -5.615220e-02
         1         2        9.127256e-01
         2         2       -1.915259e-01
         3         2        1.367185e+00
         4         2        1.062957e+00
         5         2        9.418351e-01
         6         2       -3.802744e-01
         7         2        5.714103e-01
         8         2        2.312001e-01
         9         2       -2.959107e-02
        10         2        1.255121e+00
        11         2        4.862776e-01
        12         2       -8.652297e-01
        13         2        1.194644e+00
        14         2       -6.796457e-01
        15         2       -1.484564e+00
        16         2        1.633748e-01
        17         2        1.232590e+00
        18         2       -9.475739e-01
        19         2        5.308938e-01
        20         2       -5.074852e-01
        21         2        7.213353e-01
        22         2       -1.600150e+00
        23         2        1.124651e+00
        24         2       -1.158038e+00
        25         2        7.101098e-01
        26         2        4.667096e-01
        27         2        1.452518e+00
        28         2       -1.008530e+00
        29         2        2.090280e-02
        30         2       -5.126934e-01
        31         2        1.233096e+00
        32         2       -7.504379e-01
        33         2        1.035743e+00
        34         2        8.859101e-01
        35         2        1.544470e+00
        36         2        1.275868e+00
        37         2        3.212967e-01
        38         2        1.059404e+00
        39         2        5.242458e-01
        40         2       -1.860508e+00
        41         2        1.742139e+00
        42         2        2.089446e+00
        43         2        8.976580e-02
        44         2       -2.874694e-01
        45         2       -7.306119e-02
        46         2        3.066687e-02
        47         2        9.693734e-01
        48         2        1.042241e+00
        49         2        1.504702e+00
        50         2       -6.931866e-02
        51         2       -1.484129e+00
        52         2        9.101548e-01
        53         2        1.362348e+00
        54         2       -3.564063e+00
        55         2        7.789620e-01
        56         2       -2.544766e-01
        57         2       -8.548697e-01
        58         2        1.136424e+00
        59         2       -1.211299e+00
        60         2        6.286533e-01
        61         2       -8.468521e-01
        62         2       -3.341046e-01
        63         2        2.021285e-02
        64         2       -1.459237e+00
        65         2       -2.943112e-01
        66         2        8.590011e-01
        67         2       -5.973486e-01
        68         2        7.040551e-01
        69         2        4.737983e-02
        70         2        2.519979e-01
        71         2       -9.186383e-01
        72         2       -1.958889e+00
        73         2       -3.052707e+00
        74         2       -1.198280e+00
        75         2        1.030441e-01
        76         2       -2.673044e+00
        77         2        1.007646e+00
        78         2       -7.499936e-01
        79         2       -1.228302e+00
        80         2        1.089183e-01
        81         2        1.154242e+00
        82         2       -1.725720e-01
        83         2        6.676537e-01
        84         2       -3.122118e-01
        85         2       -1.181424e+00
        86         2        1.940044e-01
        87         2       -9.174151e-01
        88         2        4.597031e-01
        89         2        1.088618e+00
        90         2        5.296434e-02
        91         2       -2.321828e-01
        92         2       -4.321039e-01
        93         2       -3.017321e-02
        94         2        5.928759e-01
        95         2        8.252164e-01
        96         2       -4.588859e-01
        97         2        6.173475e-01
        98         2       -4.670715e-01
        99         2       -1.148530e-01
       100         2       -2.823315e-01
         1         3       -2.984303e-01
         2         3        5.098647e-01
         3         3        2.469512e+00
         4         3       -6.397976e-01
         5         3       -1.007537e+00
         6         3        2.426639e-01
         7         3        1.151897e+00
         8         3       -1.118617e+00
         9         3        3.761149e-01
        10         3       -4.593377e-01
        11         3       -7.128156e-02
        12         3       -2.202413e-01
        13         3        2.036238e+00
        14         3       -3.944053e-01
        15         3       -6.909594e-01
        16         3        7.246931e-01
        17         3       -4.045626e-01
        18         3        1.188672e+00
        19         3       -6.284777e-01
        20         3        6.545869e-01
        21         3        1.608935e+00
        22         3        2.991205e-01
        23         3        3.724403e-01
        24         3       -1.185918e+00
        25         3       -2.068012e-01
        26         3       -3.212415e-01
        27         3       -2.590271e-01
        28         3       -2.590035e-01
        29         3        8.473363e-01
        30         3        8.624947e-01
        31         3        5.271256e-01
        32         3        5.319746e-01
        33         3        6.379457e-01
        34         3       -2.011441e-01
        35         3       -6.671934e-01
        36         3        3.465728e-01
        37         3        1.506643e-01
        38         3       -3.526650e-01
        39         3        9.162902e-01
        40         3       -1.068554e-01
        41         3       -1.358791e+00
        42         3       -4.289298e-01
        43         3       -8.943534e-01
        44         3       -1.728536e-01
        45         3       -3.616720e-01
        46         3       -5.891465e-01
        47         3       -1.062778e+00
        48         3        9.719906e-01
        49         3       -1.051239e+00
        50         3        1.045490e+00
        51         3       -4.580807e-01
        52         3        1.665040e+00
        53         3        3.149325e-01
        54         3       -9.565150e-01
        55         3       -1.421598e-01
        56         3        9.860570e-01
        57         3       -3.459471e-01
        58         3       -2.272611e+00
        59         3        1.499685e+00
        60         3       -5.682438e-01
        61         3        1.619401e-01
        62         3       -1.020238e+00
        63         3       -1.018682e-02
        64         3       -8.259265e-01
        65         3        7.441040e-02
        66         3       -8.797897e-01
        67         3        9.961343e-01
        68         3       -1.220608e+00
        69         3       -3.498609e-01
        70         3       -1.190005e+00
        71         3        1.954646e-01
        72         3        1.207637e+00
        73         3        2.030838e+00
        74         3       -3.988783e-01
        75         3       -1.235645e+00
        76         3       -2.884025e-01
        77         3       -6.014719e-01
        78         3       -6.874460e-01
        79         3        9.807583e-01
        80         3        6.514556e-01
        81         3       -1.538050e-01
        82         3       -9.905293e-02
        83         3       -1.701390e+00
        84         3       -1.455063e+00
        85         3       -1.039830e+00
        86         3        2.081451e-01
        87         3       -2.831616e-01
        88         3        3.738872e-01
        89         3        5.469362e-01
        90         3        1.795702e+00
        91         3        5.817424e-01
        92         3       -3.706227e-01
        93         3       -1.120982e+00
        94         3       -6.572300e-01
        95         3        8.453709e-01
        96         3       -3.578394e-01
        97         3       -6.399448e-01
        98         3        1.203965e+00
        99         3       -2.264263e+00
       100         3       -1.016710e+00
         1         4        9.576189e-01
         2         4       -1.627808e+00
         3         4       -1.931296e+00
         4         4        5.759294e-01
         5         4        7.963415e-01
         6         4        6.950248e-01
         7         4       -9.284649e-01
         8         4       -3.829792e-01
         9         4        2.196466e-01
        10         4       -1.299181e+00
        11         4       -5.922223e-01
        12         4        9.167888e-01
        13         4       -2.251553e+00
        14         4       -6.739986e-01
        15         4        3.942646e-01
        16         4        2.127256e-01
        17         4       -1.104806e+00
        18         4        2.182346e+00
        19         4        1.284760e+00
        20         4        6.223397e-01
        21         4        1.001030e+00
        22         4       -5.966906e-01
        23         4        9.414382e-04
        24         4       -5.929254e-01
        25         4       -5.881453e-01
        26         4       -1.542063e-01
        27         4        7.558765e-01
        28         4        6.845991e-01
        29         4       -3.445634e-01
        30         4        9.728752e-01
        31         4        2.123094e-01
        32         4        6.201467e-01
        33         4       -3.988640e-01
        34         4        8.576215e-01
        35         4       -5.406553e-01
        36         4       -1.305216e+00
        37         4       -3.813487e-01
        38         4       -1.009193e+00
        39         4        1.544214e-01
        40         4       -1.451897e-01
        41         4        1.084827e+00
        42         4       -6.870469e-01
        43         4       -1.500992e-01
        44         4       -5.314676e-01
        45         4       -3.602840e-01
        46         4        6.752704e-01
        47         4        6.635563e-01
        48         4       -7.618763e-01
        49         4        3.543598e-01
        50         4       -2.010685e-01
        51         4       -1.603619e-01
        52         4        6.936635e-01
        53         4       -1.934455e-01
        54         4       -1.883132e-01
        55         4        8.072749e-01
        56         4        1.258329e-01
        57         4        1.552861e-01
        58         4       -1.003120e-01
        59         4       -1.522942e+00
        60         4       -1.860317e+00
        61         4       -7.912492e-01
        62         4        2.641243e-01
        63         4        1.549072e+00
        64         4       -2.163965e-01
        65         4       -6.374614e-01
        66         4        4.769947e-02
        67         4        1.396076e+00
        68         4       -1.476469e+00
        69         4       -2.112232e-01
        70         4       -5.587372e-01
        71         4        1.222506e+00
        72         4        3.963525e-01
        73         4        3.403075e-01
        74         4       -3.994042e-01
        75         4       -1.009670e+00
        76         4        1.794140e+00
        77         4       -1.309255e-01
        78         4        4.347680e-01
        79         4       -1.233484e+00
        80         4        1.386803e+00
        81         4       -3.497500e-01
        82         4        1.757434e+00
        83         4       -5.011963e-01
        84         4        1.095930e+00
        85         4        5.763742e-01
        86         4       -4.671031e-01
        87         4        6.543015e-01
        88         4        4.750594e-01
        89         4       -2.320437e-02
        90         4        7.545240e-01
        91         4       -2.563245e-02
        92         4       -3.543660e-01
        93         4        2.510330e-01
        94         4       -2.246149e-01
        95         4       -1.114283e+00
        96         4       -1.842496e-01
        97         4       -3.295912e-01
        98         4       -8.657658e-01
        99         4       -7.536943e-01
       100         4        3.980577e-01
         1         5        1.479117e+00
         2         5       -2.402615e-01
         3         5       -9.655102e-01
         4         5        3.826447e-01
         5         5       -5.275217e-01
         6         5        3.103248e-01
         7         5        1.011758e+00
         8         5        1.440499e+00
         9         5        1.698968e+00
        10         5        7.232134e-01
        11         5        7.435425e-01
        12         5       -1.959192e+00
        13         5        8.567489e-01
        14         5        1.204719e-01
        15         5        2.266122e-01
        16         5        2.469476e-01
        17         5        2.910573e-01
        18         5       -4.425876e-01
        19         5        1.508474e+00
        20         5        1.269890e+00
        21         5        4.862608e-01
        22         5        7.527567e-01
        23         5       -5.351333e-01
        24         5       -5.245418e-01
        25         5        5.310451e-01
        26         5        1.054418e+00
        27         5       -6.056067e-01
        28         5       -6.193951e-01
        29         5        1.185414e-01
        30         5        1.601944e+00
        31         5       -4.506936e-02
        32         5        9.879583e-01
        33         5       -9.817444e-01
        34         5        1.114951e+00
        35         5       -9.911004e-01
        36         5        6.413777e-01
        37         5       -1.010239e+00
        38         5        5.481091e-02
        39         5        2.118572e+00
        40         5       -5.224829e-01
        41         5        2.055359e+00
        42         5       -9.581953e-01
        43         5        2.961419e-01
        44         5        1.001244e+00
        45         5       -4.198605e-01
        46         5       -1.991987e-01
        47         5       -2.831584e-02
        48         5        1.862897e+00
        49         5        7.337379e-01
        50         5       -6.404303e-01
        51         5       -3.438390e-01
        52         5       -5.736141e-01
        53         5       -4.368610e-02
        54         5       -1.733144e+00
        55         5       -2.497738e-01
        56         5        1.032385e+00
        57         5        4.764714e-01
        58         5       -7.915745e-01
        59         5       -4.873828e-01
        60         5        6.584667e-01
        61         5       -1.882588e+00
        62         5       -6.867996e-01
        63         5       -3.589384e-01
        64         5        8.675228e-01
        65         5       -8.703620e-01
        66         5       -2.106410e+00
        67         5       -7.707912e-01
        68         5        2.090579e-01
        69         5       -1.117826e-01
        70         5       -1.022356e+00
        71         5        2.253385e-01
        72         5       -1.021402e+00
        73         5        2.679572e+00
        74         5       -6.438778e-01
        75         5        3.787430e-01
        76         5       -6.030306e-02
        77         5        5.310760e-01
        78         5       -9.060873e-01
        79         5       -1.201859e+00
        80         5       -4.427767e-01
        81         5       -1.744510e+00
        82         5        2.900188e-04
        83         5       -3.982744e-01
        84         5        7.190739e-01
        85         5       -8.178134e-01
        86         5       -1.184681e+00
        87         5        2.773256e-01
        88         5       -1.210310e+00
        89         5       -1.350608e-02
        90         5        1.325213e+00
        91         5       -3.321363e-01
        92         5       -8.598698e-01
        93         5        6.228492e-01
        94         5       -1.815517e+00
        95         5       -5.983319e-01
        96         5        1.074737e+00
        97         5       -2.734656e-01
        98         5        6.126833e-01
        99         5       -1.938326e-01
       100         5       -1.455289e+00
;
param X_Original:=
    1       -5.060137e-01
    2        1.141205e+00
    3        1.354299e+00
    4        5.597847e-01
    5        1.318426e+00
    6        6.732933e-02
    7       -1.488060e+00
    8       -1.072340e+00
    9       -1.878006e+00
   10       -1.156266e+00
   11       -1.811004e-01
   12       -1.770166e-01
   13        1.735647e+00
   14       -1.543764e+00
   15        2.910737e+00
   16        6.467822e-01
   17        4.969953e-01
   18       -8.518783e-01
   19       -1.758879e+00
   20       -1.675826e+00
   21       -1.049313e+00
   22       -2.182270e-01
   23       -1.882298e+00
   24        2.671564e+00
   25        6.810974e-01
   26       -1.531014e+00
   27       -4.152568e-01
   28       -2.212257e+00
   29        1.143788e+00
   30       -6.296454e-01
   31       -9.113029e-01
   32       -5.286629e-01
   33       -8.996457e-01
   34        6.330009e-01
   35       -1.173113e+00
   36       -1.331403e-01
   37       -1.641413e+00
   38       -1.315190e+00
   39       -3.941414e+00
   40        3.714429e+00
   41        1.803623e-01
   42       -2.526116e-01
   43        3.653661e-01
   44        5.925076e-02
   45       -4.695434e-01
   46        1.684150e+00
   47       -1.004371e+00
   48       -7.456099e+00
   49       -1.749858e+00
   50       -2.053564e+00
   51       -3.970679e-01
   52       -5.055068e-01
   53       -2.654813e+00
   54        1.363379e-01
   55       -9.604914e-02
   56        1.498125e-01
   57        1.896687e+00
   58        3.477988e+00
   59       -2.408930e-01
   60        1.692450e+00
   61       -1.386948e+00
   62        2.682234e+00
   63       -1.146388e+00
   64        7.449213e-02
   65        7.079223e-01
   66       -9.908581e-01
   67       -8.759680e-01
   68        9.246826e-01
   69       -2.502993e-01
   70       -1.059499e+00
   71        2.842090e+00
   72        3.425390e+00
   73       -4.475468e-01
   74        2.297231e+00
   75       -1.946244e+00
   76        1.615388e+00
   77       -3.522927e-01
   78        7.719545e-01
   79       -4.134159e-01
   80       -1.511635e-01
   81       -1.496578e+00
   82        1.932988e+00
   83       -2.512534e+00
   84        3.020462e-01
   85       -2.216107e+00
   86        2.419045e-02
   87        5.074419e-01
   88        9.169381e-01
   89        1.438994e+00
   90       -4.882203e-01
   91       -2.622694e-01
   92       -4.567843e-01
   93       -4.744411e-01
   94        3.610392e+00
   95       -3.752575e+00
   96       -1.909312e+00
   97        3.443323e-02
   98        2.373140e-01
   99       -1.471713e+00
  100       -1.041631e+00
;
param outliervec_original :=
    1    1
    2    1
    3    1
    4    1
    5    0
    6    1
    7    1
    8    1
    9    1
   10    1
   11    1
   12    1
   13    1
   14    1
   15    0
   16    1
   17    1
   18    1
   19    1
   20    0
   21    1
   22    1
   23    1
   24    0
   25    1
   26    0
   27    1
   28    1
   29    1
   30    1
   31    0
   32    1
   33    1
   34    1
   35    0
   36    1
   37    1
   38    1
   39    0
   40    0
   41    1
   42    1
   43    1
   44    1
   45    0
   46    1
   47    1
   48    0
   49    0
   50    1
   51    1
   52    0
   53    0
   54    1
   55    1
   56    1
   57    0
   58    0
   59    1
   60    1
   61    1
   62    0
   63    1
   64    1
   65    1
   66    1
   67    1
   68    1
   69    1
   70    1
   71    1
   72    0
   73    1
   74    0
   75    1
   76    1
   77    1
   78    1
   79    0
   80    1
   81    1
   82    1
   83    1
   84    1
   85    1
   86    0
   87    1
   88    1
   89    1
   90    1
   91    1
   92    1
   93    1
   94    0
   95    0
   96    0
   97    1
   98    1
   99    1
  100    1
;
param d:= 77;
param r:=5;
param p:=0.760000;
param M:=1000;
param U:=
         1         1       -6.914316e-01
         2         1       -1.475013e+00
         3         1        8.735071e-01
         4         1        1.613775e+00
         5         1       -1.759584e+00
         6         1        1.249441e+00
         7         1        1.928078e-01
         8         1       -1.245406e+00
         9         1        7.834948e-01
        10         1        4.829783e-02
        11         1        7.969060e-01
        12         1        3.990085e-01
        13         1        5.149285e-01
        14         1       -2.352223e-01
        15         1        5.553145e-01
        16         1        1.501643e+00
        17         1        7.646804e-01
        18         1        5.153011e-01
        19         1        4.070395e-01
        20         1       -1.093339e+00
        21         1        4.264311e-01
        22         1       -1.852886e+00
        23         1       -1.382311e+00
        24         1        8.622716e-01
        25         1        8.603741e-01
        26         1       -4.963934e-01
        27         1        1.124772e+00
        28         1        1.428772e-01
        29         1       -2.812602e-01
        30         1       -1.965174e+00
        31         1       -6.882352e-01
        32         1       -8.510147e-01
        33         1       -2.755918e-01
        34         1        1.706877e-01
        35         1       -1.217189e+00
        36         1        1.634873e+00
        37         1        5.216911e-01
        38         1       -5.362966e-02
        39         1        2.994508e-01
        40         1        7.697586e-01
        41         1       -9.808832e-01
        42         1        2.510226e-01
        43         1       -5.470122e-01
        44         1       -4.632831e-01
        45         1       -1.240031e+00
        46         1       -1.091448e+00
        47         1        8.871499e-01
        48         1        1.121318e+00
        49         1        6.232038e-02
        50         1       -3.376238e-01
        51         1       -3.653549e-01
        52         1       -1.674786e+00
        53         1        3.795594e-01
        54         1        2.886961e-02
        55         1        5.059709e-01
        56         1        3.085595e-01
        57         1        1.045577e+00
        58         1        9.734441e-01
        59         1        1.766653e-03
        60         1       -3.200015e-01
        61         1        8.748583e-01
        62         1       -2.063811e+00
        63         1       -4.777446e-02
        64         1       -1.078580e+00
        65         1       -1.148291e+00
        66         1        9.561240e-01
        67         1       -1.210717e-01
        68         1       -1.720348e+00
        69         1       -3.320929e-01
        70         1        1.505946e+00
        71         1       -2.125528e-01
        72         1       -9.681435e-01
        73         1       -1.119698e+00
        74         1        8.516657e-01
        75         1        1.158027e+00
        76         1       -1.110728e+00
        77         1        6.466826e-03
         1         2        9.127256e-01
         2         2       -1.915259e-01
         3         2        1.062957e+00
         4         2        9.418351e-01
         5         2       -3.802744e-01
         6         2        5.714103e-01
         7         2        2.312001e-01
         8         2       -2.959107e-02
         9         2        1.255121e+00
        10         2        4.862776e-01
        11         2       -6.796457e-01
        12         2       -1.484564e+00
        13         2        1.633748e-01
        14         2        5.308938e-01
        15         2       -5.074852e-01
        16         2        7.213353e-01
        17         2       -1.600150e+00
        18         2        1.124651e+00
        19         2       -1.158038e+00
        20         2        4.667096e-01
        21         2        1.452518e+00
        22         2       -5.126934e-01
        23         2        1.233096e+00
        24         2       -7.504379e-01
        25         2        1.035743e+00
        26         2        8.859101e-01
        27         2        1.544470e+00
        28         2        3.212967e-01
        29         2        1.059404e+00
        30         2        5.242458e-01
        31         2       -1.860508e+00
        32         2        1.742139e+00
        33         2        2.089446e+00
        34         2        8.976580e-02
        35         2       -2.874694e-01
        36         2       -7.306119e-02
        37         2        3.066687e-02
        38         2        9.693734e-01
        39         2        1.042241e+00
        40         2        1.504702e+00
        41         2        9.101548e-01
        42         2        1.362348e+00
        43         2        7.789620e-01
        44         2       -2.544766e-01
        45         2       -8.548697e-01
        46         2        1.136424e+00
        47         2       -1.211299e+00
        48         2       -3.341046e-01
        49         2       -1.459237e+00
        50         2       -2.943112e-01
        51         2        7.040551e-01
        52         2        4.737983e-02
        53         2       -9.186383e-01
        54         2       -1.958889e+00
        55         2       -3.052707e+00
        56         2       -1.198280e+00
        57         2        1.030441e-01
        58         2       -2.673044e+00
        59         2        1.007646e+00
        60         2       -7.499936e-01
        61         2       -1.228302e+00
        62         2        1.089183e-01
        63         2        1.154242e+00
        64         2       -1.725720e-01
        65         2       -3.122118e-01
        66         2        1.940044e-01
        67         2       -9.174151e-01
        68         2        4.597031e-01
        69         2        5.296434e-02
        70         2       -2.321828e-01
        71         2       -4.321039e-01
        72         2       -3.017321e-02
        73         2        5.928759e-01
        74         2        8.252164e-01
        75         2       -4.588859e-01
        76         2        6.173475e-01
        77         2       -4.670715e-01
         1         3       -2.984303e-01
         2         3        5.098647e-01
         3         3       -6.397976e-01
         4         3       -1.007537e+00
         5         3        2.426639e-01
         6         3        1.151897e+00
         7         3       -1.118617e+00
         8         3        3.761149e-01
         9         3       -4.593377e-01
        10         3       -7.128156e-02
        11         3       -3.944053e-01
        12         3       -6.909594e-01
        13         3        7.246931e-01
        14         3       -6.284777e-01
        15         3        6.545869e-01
        16         3        1.608935e+00
        17         3        2.991205e-01
        18         3        3.724403e-01
        19         3       -1.185918e+00
        20         3       -3.212415e-01
        21         3       -2.590271e-01
        22         3        8.624947e-01
        23         3        5.271256e-01
        24         3        5.319746e-01
        25         3        6.379457e-01
        26         3       -2.011441e-01
        27         3       -6.671934e-01
        28         3        1.506643e-01
        29         3       -3.526650e-01
        30         3        9.162902e-01
        31         3       -1.068554e-01
        32         3       -1.358791e+00
        33         3       -4.289298e-01
        34         3       -8.943534e-01
        35         3       -1.728536e-01
        36         3       -3.616720e-01
        37         3       -5.891465e-01
        38         3       -1.062778e+00
        39         3        9.719906e-01
        40         3       -1.051239e+00
        41         3        1.665040e+00
        42         3        3.149325e-01
        43         3       -1.421598e-01
        44         3        9.860570e-01
        45         3       -3.459471e-01
        46         3       -2.272611e+00
        47         3        1.499685e+00
        48         3       -1.020238e+00
        49         3       -8.259265e-01
        50         3        7.441040e-02
        51         3       -1.220608e+00
        52         3       -3.498609e-01
        53         3        1.954646e-01
        54         3        1.207637e+00
        55         3        2.030838e+00
        56         3       -3.988783e-01
        57         3       -1.235645e+00
        58         3       -2.884025e-01
        59         3       -6.014719e-01
        60         3       -6.874460e-01
        61         3        9.807583e-01
        62         3        6.514556e-01
        63         3       -1.538050e-01
        64         3       -9.905293e-02
        65         3       -1.455063e+00
        66         3        2.081451e-01
        67         3       -2.831616e-01
        68         3        3.738872e-01
        69         3        1.795702e+00
        70         3        5.817424e-01
        71         3       -3.706227e-01
        72         3       -1.120982e+00
        73         3       -6.572300e-01
        74         3        8.453709e-01
        75         3       -3.578394e-01
        76         3       -6.399448e-01
        77         3        1.203965e+00
         1         4        9.576189e-01
         2         4       -1.627808e+00
         3         4        5.759294e-01
         4         4        7.963415e-01
         5         4        6.950248e-01
         6         4       -9.284649e-01
         7         4       -3.829792e-01
         8         4        2.196466e-01
         9         4       -1.299181e+00
        10         4       -5.922223e-01
        11         4       -6.739986e-01
        12         4        3.942646e-01
        13         4        2.127256e-01
        14         4        1.284760e+00
        15         4        6.223397e-01
        16         4        1.001030e+00
        17         4       -5.966906e-01
        18         4        9.414382e-04
        19         4       -5.929254e-01
        20         4       -1.542063e-01
        21         4        7.558765e-01
        22         4        9.728752e-01
        23         4        2.123094e-01
        24         4        6.201467e-01
        25         4       -3.988640e-01
        26         4        8.576215e-01
        27         4       -5.406553e-01
        28         4       -3.813487e-01
        29         4       -1.009193e+00
        30         4        1.544214e-01
        31         4       -1.451897e-01
        32         4        1.084827e+00
        33         4       -6.870469e-01
        34         4       -1.500992e-01
        35         4       -5.314676e-01
        36         4       -3.602840e-01
        37         4        6.752704e-01
        38         4        6.635563e-01
        39         4       -7.618763e-01
        40         4        3.543598e-01
        41         4        6.936635e-01
        42         4       -1.934455e-01
        43         4        8.072749e-01
        44         4        1.258329e-01
        45         4        1.552861e-01
        46         4       -1.003120e-01
        47         4       -1.522942e+00
        48         4        2.641243e-01
        49         4       -2.163965e-01
        50         4       -6.374614e-01
        51         4       -1.476469e+00
        52         4       -2.112232e-01
        53         4        1.222506e+00
        54         4        3.963525e-01
        55         4        3.403075e-01
        56         4       -3.994042e-01
        57         4       -1.009670e+00
        58         4        1.794140e+00
        59         4       -1.309255e-01
        60         4        4.347680e-01
        61         4       -1.233484e+00
        62         4        1.386803e+00
        63         4       -3.497500e-01
        64         4        1.757434e+00
        65         4        1.095930e+00
        66         4       -4.671031e-01
        67         4        6.543015e-01
        68         4        4.750594e-01
        69         4        7.545240e-01
        70         4       -2.563245e-02
        71         4       -3.543660e-01
        72         4        2.510330e-01
        73         4       -2.246149e-01
        74         4       -1.114283e+00
        75         4       -1.842496e-01
        76         4       -3.295912e-01
        77         4       -8.657658e-01
         1         5        1.479117e+00
         2         5       -2.402615e-01
         3         5        3.826447e-01
         4         5       -5.275217e-01
         5         5        3.103248e-01
         6         5        1.011758e+00
         7         5        1.440499e+00
         8         5        1.698968e+00
         9         5        7.232134e-01
        10         5        7.435425e-01
        11         5        1.204719e-01
        12         5        2.266122e-01
        13         5        2.469476e-01
        14         5        1.508474e+00
        15         5        1.269890e+00
        16         5        4.862608e-01
        17         5        7.527567e-01
        18         5       -5.351333e-01
        19         5       -5.245418e-01
        20         5        1.054418e+00
        21         5       -6.056067e-01
        22         5        1.601944e+00
        23         5       -4.506936e-02
        24         5        9.879583e-01
        25         5       -9.817444e-01
        26         5        1.114951e+00
        27         5       -9.911004e-01
        28         5       -1.010239e+00
        29         5        5.481091e-02
        30         5        2.118572e+00
        31         5       -5.224829e-01
        32         5        2.055359e+00
        33         5       -9.581953e-01
        34         5        2.961419e-01
        35         5        1.001244e+00
        36         5       -4.198605e-01
        37         5       -1.991987e-01
        38         5       -2.831584e-02
        39         5        1.862897e+00
        40         5        7.337379e-01
        41         5       -5.736141e-01
        42         5       -4.368610e-02
        43         5       -2.497738e-01
        44         5        1.032385e+00
        45         5        4.764714e-01
        46         5       -7.915745e-01
        47         5       -4.873828e-01
        48         5       -6.867996e-01
        49         5        8.675228e-01
        50         5       -8.703620e-01
        51         5        2.090579e-01
        52         5       -1.117826e-01
        53         5        2.253385e-01
        54         5       -1.021402e+00
        55         5        2.679572e+00
        56         5       -6.438778e-01
        57         5        3.787430e-01
        58         5       -6.030306e-02
        59         5        5.310760e-01
        60         5       -9.060873e-01
        61         5       -1.201859e+00
        62         5       -4.427767e-01
        63         5       -1.744510e+00
        64         5        2.900188e-04
        65         5        7.190739e-01
        66         5       -1.184681e+00
        67         5        2.773256e-01
        68         5       -1.210310e+00
        69         5        1.325213e+00
        70         5       -3.321363e-01
        71         5       -8.598698e-01
        72         5        6.228492e-01
        73         5       -1.815517e+00
        74         5       -5.983319e-01
        75         5        1.074737e+00
        76         5       -2.734656e-01
        77         5        6.126833e-01
;

param theta:=
    1       -6.919145e-01
    2       -1.316365e+00
    3       -1.331656e+00
    4        1.784480e+00
    5       -1.730689e+00
;
param X_true:=
    1       -1.176333e+00
    2       -1.894552e+00
    3       -7.867775e-01
    4        1.318426e+00
    5        2.098726e+00
    6       -6.558870e+00
    7       -2.125185e+00
    8       -2.148181e+00
    9       -5.152867e+00
   10       -2.923461e+00
   11       -5.429535e-01
   12        2.910737e+00
   13       -1.584939e+00
   14       -1.747847e-02
   15       -1.675826e+00
   16       -3.187436e+00
   17       -1.186744e+00
   18       -1.405637e+00
   19        2.671564e+00
   20       -1.531014e+00
   21        5.341880e-01
   22       -2.295562e-01
   23       -9.113029e-01
   24       -9.200283e-01
   25       -1.821223e+00
   26       -9.558517e-01
   27       -1.173113e+00
   28        3.459330e-01
   29       -2.626628e+00
   30       -3.941414e+00
   31        3.714429e+00
   32       -1.515968e+00
   33       -1.556612e+00
   34        1.741987e-01
   35       -1.230018e+00
   36       -4.695434e-01
   37        1.933652e+00
   38        1.410226e+00
   39       -7.456099e+00
   40       -1.749858e+00
   41       -5.055068e-01
   42       -2.654813e+00
   43        1.415169e+00
   44       -2.221179e+00
   45        1.896687e+00
   46        3.477988e+00
   47       -2.889760e+00
   48        2.682234e+00
   49        1.089218e+00
   50        8.903602e-01
   51       -2.044933e+00
   52        1.378905e+00
   53        2.476821e+00
   54        3.425390e+00
   55       -3.065230e+00
   56        2.297231e+00
   57       -1.670455e+00
   58        6.534003e+00
   59       -1.679234e+00
   60        4.467337e+00
   61       -4.134159e-01
   62        3.657878e+00
   63        1.113373e+00
   64        4.239323e+00
   65        3.855414e+00
   66        2.419045e-02
   67        2.356649e+00
   68        3.028230e+00
   69       -3.178400e+00
   70       -9.827011e-01
   71        2.065064e+00
   72        1.571324e+00
   73        3.610392e+00
   74       -3.752575e+00
   75       -1.909312e+00
   76        6.929793e-01
   77       -3.598125e+00
;
param X:=
    1       -5.060137e-01
    2        1.141205e+00
    3        5.597847e-01
    4        1.318426e+00
    5        6.732933e-02
    6       -1.488060e+00
    7       -1.072340e+00
    8       -1.878006e+00
    9       -1.156266e+00
   10       -1.811004e-01
   11       -1.543764e+00
   12        2.910737e+00
   13        6.467822e-01
   14       -1.758879e+00
   15       -1.675826e+00
   16       -1.049313e+00
   17       -2.182270e-01
   18       -1.882298e+00
   19        2.671564e+00
   20       -1.531014e+00
   21       -4.152568e-01
   22       -6.296454e-01
   23       -9.113029e-01
   24       -5.286629e-01
   25       -8.996457e-01
   26        6.330009e-01
   27       -1.173113e+00
   28       -1.641413e+00
   29       -1.315190e+00
   30       -3.941414e+00
   31        3.714429e+00
   32        1.803623e-01
   33       -2.526116e-01
   34        3.653661e-01
   35        5.925076e-02
   36       -4.695434e-01
   37        1.684150e+00
   38       -1.004371e+00
   39       -7.456099e+00
   40       -1.749858e+00
   41       -5.055068e-01
   42       -2.654813e+00
   43       -9.604914e-02
   44        1.498125e-01
   45        1.896687e+00
   46        3.477988e+00
   47       -2.408930e-01
   48        2.682234e+00
   49        7.449213e-02
   50        7.079223e-01
   51        9.246826e-01
   52       -2.502993e-01
   53        2.842090e+00
   54        3.425390e+00
   55       -4.475468e-01
   56        2.297231e+00
   57       -1.946244e+00
   58        1.615388e+00
   59       -3.522927e-01
   60        7.719545e-01
   61       -4.134159e-01
   62       -1.511635e-01
   63       -1.496578e+00
   64        1.932988e+00
   65        3.020462e-01
   66        2.419045e-02
   67        5.074419e-01
   68        9.169381e-01
   69       -4.882203e-01
   70       -2.622694e-01
   71       -4.567843e-01
   72       -4.744411e-01
   73        3.610392e+00
   74       -3.752575e+00
   75       -1.909312e+00
   76        3.443323e-02
   77        2.373140e-01
;
param outliervec:=
    1    1
    2    1
    3    1
    4    0
    5    1
    6    1
    7    1
    8    1
    9    1
   10    1
   11    1
   12    0
   13    1
   14    1
   15    0
   16    1
   17    1
   18    1
   19    0
   20    0
   21    1
   22    1
   23    0
   24    1
   25    1
   26    1
   27    0
   28    1
   29    1
   30    0
   31    0
   32    1
   33    1
   34    1
   35    1
   36    0
   37    1
   38    1
   39    0
   40    0
   41    0
   42    0
   43    1
   44    1
   45    0
   46    0
   47    1
   48    0
   49    1
   50    1
   51    1
   52    1
   53    1
   54    0
   55    1
   56    0
   57    1
   58    1
   59    1
   60    1
   61    0
   62    1
   63    1
   64    1
   65    1
   66    0
   67    1
   68    1
   69    1
   70    1
   71    1
   72    1
   73    0
   74    0
   75    0
   76    1
   77    1
; 
param greedy_time :=         1.401308e-01
;