data;


param FN:= 2;
param D:= 100;
param U_Original:=
         1         1       -3.797965e-01
         2         1        4.175591e-01
         3         1        1.042290e-01
         4         1       -4.216320e-01
         5         1        1.799635e-01
         6         1       -1.253734e+00
         7         1       -3.930459e-01
         8         1        3.994166e-02
         9         1        2.140145e-01
        10         1       -5.994226e-02
        11         1        9.144931e-01
        12         1       -1.821250e+00
        13         1       -1.226410e+00
        14         1        4.557278e-01
        15         1        2.419018e-03
        16         1        4.868626e-01
        17         1       -6.472995e-02
        18         1       -8.396960e-01
        19         1       -1.964537e+00
        20         1        4.053956e-01
        21         1       -1.991158e-01
        22         1        1.972958e+00
        23         1       -8.397312e-01
        24         1        5.762132e-02
        25         1        4.456808e-01
        26         1        6.679257e-02
        27         1        6.354630e-01
        28         1       -1.409403e+00
        29         1        2.285811e+00
        30         1        2.751442e-01
        31         1        5.980471e-01
        32         1       -2.402926e-01
        33         1        9.958850e-01
        34         1        4.187771e-01
        35         1        8.513641e-01
        36         1        1.121702e+00
        37         1        6.697116e-02
        38         1        7.962641e-01
        39         1        3.296655e-01
        40         1       -1.058809e+00
        41         1        1.431253e-01
        42         1       -3.980298e-01
        43         1        9.961816e-01
        44         1       -7.746512e-01
        45         1       -1.543595e+00
        46         1        1.246065e+00
        47         1        2.400003e-01
        48         1        1.603438e+00
        49         1       -7.902371e-01
        50         1       -5.065144e-02
        51         1        8.213921e-02
        52         1        2.709939e+00
        53         1        7.129525e-01
        54         1       -2.834623e+00
        55         1        1.764518e-01
        56         1       -1.356745e+00
        57         1       -4.094877e-01
        58         1        1.289401e+00
        59         1       -1.399968e+00
        60         1        1.182910e+00
        61         1       -1.039025e-01
        62         1       -9.062883e-02
        63         1       -1.871803e-01
        64         1       -2.404664e-01
        65         1        6.451524e-02
        66         1        4.155846e-01
        67         1        4.320694e-01
        68         1       -1.629845e+00
        69         1       -5.949538e-01
        70         1        1.073132e-02
        71         1       -8.879619e-01
        72         1        1.844861e+00
        73         1       -1.049080e+00
        74         1       -8.360015e-01
        75         1       -6.838737e-01
        76         1        3.256495e-01
        77         1       -5.385640e-01
        78         1       -1.757126e-01
        79         1        8.002318e-01
        80         1        1.280893e+00
        81         1       -1.076754e+00
        82         1        2.838956e-01
        83         1       -3.653097e-01
        84         1       -5.658047e-01
        85         1        6.638631e-01
        86         1        2.209754e+00
        87         1        2.515062e-01
        88         1       -8.785012e-01
        89         1       -4.681801e-01
        90         1        4.121206e-01
        91         1       -1.486548e-01
        92         1        4.700652e-01
        93         1        4.772143e-02
        94         1       -9.794728e-01
        95         1       -1.437109e+00
        96         1       -1.214420e+00
        97         1        1.042057e-01
        98         1       -7.110439e-02
        99         1       -7.586206e-01
       100         1        7.916843e-01
         1         2       -6.775128e-01
         2         2        9.021588e-02
         3         2        4.219334e-01
         4         2        1.802348e+00
         5         2        1.947555e-01
         6         2        5.095854e-01
         7         2       -1.466822e+00
         8         2        8.946596e-01
         9         2       -1.679864e-01
        10         2        9.324285e-01
        11         2       -3.028900e-01
        12         2        2.151851e-01
        13         2       -1.003765e+00
        14         2        1.362804e+00
        15         2        6.943949e-01
        16         2        1.863558e+00
        17         2       -1.091412e-01
        18         2       -1.438207e+00
        19         2       -1.194697e+00
        20         2       -1.135802e+00
        21         2       -2.746247e-01
        22         2       -4.345501e-01
        23         2       -3.562606e-01
        24         2        2.822706e+00
        25         2        3.602326e-01
        26         2        4.270224e-01
        27         2       -4.161474e-01
        28         2        5.144137e-01
        29         2        1.374622e-01
        30         2       -1.119530e+00
        31         2        8.565943e-01
        32         2        4.941212e-01
        33         2       -1.410075e+00
        34         2        1.978407e+00
        35         2       -1.399883e+00
        36         2        6.933665e-01
        37         2       -7.981986e-01
        38         2       -3.774354e-01
        39         2        4.674615e-02
        40         2       -9.265958e-02
        41         2        7.209719e-02
        42         2       -7.466539e-01
        43         2       -2.800006e-01
        44         2       -2.532229e-01
        45         2       -1.642844e+00
        46         2        3.081869e-01
        47         2       -7.002308e-03
        48         2        8.350543e-01
        49         2        7.285090e-01
        50         2        1.243720e-01
        51         2       -1.109405e+00
        52         2       -1.133921e+00
        53         2        1.196965e+00
        54         2        1.128836e+00
        55         2        9.663865e-01
        56         2        4.689818e-01
        57         2        3.589107e-01
        58         2        1.304731e+00
        59         2        7.652297e-02
        60         2       -9.710039e-02
        61         2       -7.235991e-01
        62         2       -3.606547e-01
        63         2       -1.133108e+00
        64         2       -1.271084e+00
        65         2       -3.610604e-01
        66         2       -1.770195e+00
        67         2        1.178204e+00
        68         2        2.074281e+00
        69         2        3.568751e-01
        70         2       -5.165252e-01
        71         2        7.982239e-01
        72         2       -1.557153e-01
        73         2       -1.757467e+00
        74         2        1.062478e+00
        75         2        1.341247e+00
        76         2        8.508399e-01
        77         2        1.265437e+00
        78         2        2.036707e+00
        79         2        1.073786e+00
        80         2       -5.060515e-01
        81         2       -1.558727e+00
        82         2        4.915666e-01
        83         2        8.164482e-01
        84         2        7.019723e-01
        85         2       -9.987575e-01
        86         2        2.113173e+00
        87         2       -1.163271e+00
        88         2        5.142862e-01
        89         2       -1.511755e-01
        90         2        7.799271e-01
        91         2       -1.480344e+00
        92         2       -3.466640e-01
        93         2       -2.476101e+00
        94         2       -8.898569e-01
        95         2        1.022937e+00
        96         2        9.216133e-01
        97         2       -6.815102e-01
        98         2       -1.393057e+00
        99         2       -8.918023e-01
       100         2       -1.732623e+00
         1         3       -7.672026e-01
         2         3        2.225730e+00
         3         3        2.312255e+00
         4         3       -1.286472e+00
         5         3       -1.156167e+00
         6         3       -1.150073e+00
         7         3       -1.112204e+00
         8         3       -4.502064e-01
         9         3       -4.969037e-01
        10         3       -7.484586e-01
        11         3       -1.895849e-01
        12         3       -8.129254e-01
        13         3       -3.803017e-01
        14         3       -8.158594e-01
        15         3        3.043682e-01
        16         3       -7.305358e-01
        17         3       -8.007291e-02
        18         3        1.148355e+00
        19         3        1.083024e-01
        20         3       -2.642869e-01
        21         3        7.883263e-01
        22         3        3.947982e-01
        23         3       -1.122403e+00
        24         3       -1.179389e+00
        25         3        1.090959e-01
        26         3        5.605874e-01
        27         3        1.432631e+00
        28         3        1.344794e+00
        29         3        1.092901e+00
        30         3        4.110251e-01
        31         3       -1.154663e+00
        32         3       -1.003805e+00
        33         3       -9.340452e-01
        34         3       -1.349739e+00
        35         3       -6.228334e-01
        36         3        9.005136e-01
        37         3       -1.274328e+00
        38         3       -4.985088e-01
        39         3        3.656380e-01
        40         3        1.299687e+00
        41         3        4.121802e-01
        42         3        1.812476e+00
        43         3        3.820056e-01
        44         3        2.658710e-01
        45         3       -6.244607e-01
        46         3        6.873542e-01
        47         3       -2.927286e-01
        48         3       -8.369760e-01
        49         3       -6.209143e-01
        50         3       -1.190413e+00
        51         3        6.692011e-02
        52         3       -1.287583e+00
        53         3        1.411906e-02
        54         3       -8.889776e-01
        55         3       -6.949044e-01
        56         3       -2.147061e+00
        57         3        1.203492e-01
        58         3       -1.827509e+00
        59         3        1.667064e-01
        60         3       -2.129874e+00
        61         3       -7.983277e-01
        62         3       -2.345861e-01
        63         3       -1.202514e+00
        64         3        3.318378e-01
        65         3        4.392094e-01
        66         3        1.211549e-01
        67         3        9.846816e-01
        68         3       -1.994885e+00
        69         3        6.543697e-01
        70         3        5.204987e-01
        71         3       -9.259965e-02
        72         3        9.304281e-01
        73         3       -2.472634e-01
        74         3        1.680532e+00
        75         3       -1.396248e+00
        76         3       -7.463490e-01
        77         3       -1.863428e+00
        78         3        2.231400e-01
        79         3        7.301355e-02
        80         3       -1.568661e+00
        81         3       -1.446871e+00
        82         3        7.839548e-02
        83         3       -1.492690e-02
        84         3       -5.879629e-01
        85         3        4.435163e-01
        86         3        3.511209e-01
        87         3       -2.153104e+00
        88         3        3.980666e-01
        89         3        9.090813e-01
        90         3       -5.543797e-02
        91         3        1.151255e+00
        92         3       -2.265762e+00
        93         3       -1.205755e+00
        94         3        3.070439e+00
        95         3       -2.907167e+00
        96         3        3.260473e-01
        97         3       -1.436501e+00
        98         3        2.130344e-01
        99         3        3.264181e-01
       100         3        1.314445e+00
         1         4       -6.486204e-02
         2         4        1.763914e+00
         3         4        4.474130e-01
         4         4        1.634283e-01
         5         4        1.940179e-01
         6         4       -6.525855e-01
         7         4       -9.065361e-01
         8         4       -2.324287e+00
         9         4        1.035191e+00
        10         4       -1.433736e-02
        11         4       -1.393697e-01
        12         4        1.157928e-01
        13         4       -1.163581e+00
        14         4       -5.405831e-01
        15         4        1.017265e+00
        16         4        2.329265e-01
        17         4       -1.690366e+00
        18         4       -2.875910e+00
        19         4       -7.342566e-02
        20         4        4.567035e-01
        21         4        1.182966e-01
        22         4        5.106139e-01
        23         4       -1.363079e-01
        24         4       -7.657968e-01
        25         4       -1.404948e+00
        26         4       -2.821798e-01
        27         4       -1.548504e-01
        28         4       -9.622091e-01
        29         4        9.890898e-01
        30         4        8.838243e-01
        31         4       -3.201631e-01
        32         4        2.017279e-01
        33         4       -7.716185e-02
        34         4        1.254765e+00
        35         4        5.817220e-01
        36         4       -5.745744e-01
        37         4       -1.638701e-01
        38         4       -1.182710e+00
        39         4        1.115329e+00
        40         4       -7.158370e-01
        41         4       -4.370127e-01
        42         4       -1.651632e+00
        43         4       -6.967494e-01
        44         4        4.665285e-01
        45         4        1.027625e+00
        46         4        8.220657e-01
        47         4       -1.636421e+00
        48         4       -2.098983e-01
        49         4        2.359637e+00
        50         4        4.027493e-01
        51         4       -3.895620e-01
        52         4        2.815276e-01
        53         4       -6.797582e-01
        54         4       -1.283431e+00
        55         4        7.212194e-01
        56         4        1.473088e-01
        57         4       -1.539158e+00
        58         4       -4.290346e-01
        59         4        1.116345e-01
        60         4       -5.303663e-01
        61         4        6.020065e-01
        62         4        5.277891e-01
        63         4        1.221785e+00
        64         4        7.659045e-01
        65         4        1.189709e+00
        66         4       -1.954738e-01
        67         4        2.173587e-01
        68         4       -1.307475e+00
        69         4       -7.714112e-01
        70         4        9.237829e-01
        71         4       -9.716764e-01
        72         4        1.811168e-01
        73         4       -1.853014e+00
        74         4        1.152487e+00
        75         4       -7.027803e-01
        76         4       -7.877600e-01
        77         4        6.508250e-01
        78         4       -2.321554e+00
        79         4       -5.162188e-01
        80         4       -1.595471e-01
        81         4       -3.770843e-01
        82         4        9.350334e-02
        83         4       -1.444875e+00
        84         4       -4.202923e-01
        85         4       -3.045495e-01
        86         4        1.331978e+00
        87         4       -4.517239e-01
        88         4       -2.208461e-01
        89         4        3.957532e-01
        90         4       -5.146902e-01
        91         4        1.143693e-01
        92         4        5.452623e-01
        93         4        1.240763e+00
        94         4        3.921897e-01
        95         4        1.078218e+00
        96         4        1.093257e+00
        97         4        5.011193e-01
        98         4       -3.454203e-01
        99         4        2.033151e+00
       100         4        4.906473e-01
         1         5        1.109873e+00
         2         5        3.134775e-01
         3         5        7.194267e-01
         4         5       -6.741384e-01
         5         5        4.806908e-01
         6         5        2.304843e-01
         7         5       -9.281661e-01
         8         5       -7.196849e-01
         9         5       -7.821893e-01
        10         5       -8.487795e-02
        11         5        8.769191e-01
        12         5        4.253612e-01
        13         5       -1.401383e+00
        14         5       -1.420996e+00
        15         5        5.301291e-01
        16         5        6.062779e-01
        17         5       -1.687883e+00
        18         5        9.791120e-01
        19         5       -2.989417e-01
        20         5       -1.444496e+00
        21         5       -8.610212e-01
        22         5        4.579709e-01
        23         5       -5.646246e-01
        24         5        8.408293e-01
        25         5        1.966165e-01
        26         5       -8.740869e-02
        27         5       -1.607945e-02
        28         5        9.850644e-02
        29         5        3.913690e-02
        30         5        4.467854e-01
        31         5        1.085949e+00
        32         5        1.319167e+00
        33         5        1.065219e+00
        34         5       -5.115129e-02
        35         5        3.762307e-01
        36         5       -2.959954e-01
        37         5        1.046773e+00
        38         5       -1.292722e+00
        39         5       -3.562565e-01
        40         5       -2.671898e-01
        41         5        6.669380e-01
        42         5       -2.052684e+00
        43         5       -1.460342e+00
        44         5        5.164282e-01
        45         5        1.624525e-01
        46         5        1.015342e+00
        47         5       -5.071472e-01
        48         5        1.569959e+00
        49         5       -2.251736e+00
        50         5        3.594786e-01
        51         5       -1.177381e+00
        52         5       -1.059933e+00
        53         5       -9.542388e-02
        54         5       -7.631483e-01
        55         5        9.883585e-01
        56         5       -5.546231e-01
        57         5        5.722667e-01
        58         5        1.594576e-01
        59         5       -1.007381e+00
        60         5       -7.608185e-01
        61         5        1.617435e+00
        62         5       -3.096112e-01
        63         5        1.915309e-01
        64         5       -3.135819e-01
        65         5       -7.140027e-01
        66         5        1.016711e+00
        67         5       -9.150840e-01
        68         5        1.847757e+00
        69         5       -1.360795e+00
        70         5       -7.799638e-01
        71         5       -1.380255e+00
        72         5       -2.478195e-01
        73         5       -7.802188e-01
        74         5       -1.741857e+00
        75         5       -7.132359e-01
        76         5        4.324026e-01
        77         5        2.871396e-01
        78         5        4.765322e-01
        79         5        1.528620e+00
        80         5       -3.528987e-01
        81         5       -7.345747e-01
        82         5       -5.408407e-01
        83         5       -2.659119e+00
        84         5        8.470814e-01
        85         5        4.165954e-01
        86         5       -9.393109e-01
        87         5       -5.054995e-01
        88         5        1.231874e+00
        89         5       -6.408683e-01
        90         5        6.505901e-01
        91         5        1.342095e+00
        92         5        7.113177e-01
        93         5        3.545025e-01
        94         5       -5.202231e-01
        95         5       -1.011975e+00
        96         5        6.856326e-01
        97         5        2.988765e-02
        98         5        2.670764e-01
        99         5       -1.414020e+00
       100         5        3.167324e-01
;
param X_Original:=
    1        5.128746e-01
    2        4.459105e-01
    3        1.751571e-01
    4        5.592122e-01
    5        1.544230e+00
    6        1.208205e+00
    7       -1.479761e+00
    8       -1.489609e+00
    9       -1.852413e+00
   10        9.432341e-01
   11       -8.909153e-01
   12        5.663622e-01
   13        1.988416e+00
   14       -1.907810e+00
   15       -4.570696e-01
   16        4.409322e-01
   17       -1.524186e-01
   18        1.095093e+00
   19        4.155276e-01
   20       -1.654007e-01
   21        6.110688e-01
   22        1.400451e-01
   23       -1.119916e+00
   24        1.883006e-01
   25        3.668971e-01
   26        3.227397e-01
   27       -6.288671e-01
   28        2.683206e+00
   29       -1.895778e-01
   30       -1.188631e+00
   31       -1.571241e-01
   32        1.358914e+00
   33        5.776738e-01
   34       -1.093202e+00
   35        1.411679e-01
   36       -1.123876e+00
   37        2.631818e-01
   38       -1.502546e+00
   39        1.337330e-01
   40        6.717827e-01
   41        9.394761e-01
   42       -2.082042e-01
   43       -1.213565e+00
   44       -1.177189e+00
   45        4.153716e+00
   46        2.728150e-01
   47       -1.283656e+00
   48       -1.899634e+00
   49        3.205012e+00
   50        1.061774e-01
   51       -1.785639e-01
   52        1.054083e+00
   53       -1.910960e+00
   54        4.627983e-02
   55       -8.208322e-01
   56       -5.075632e-01
   57       -2.202607e-01
   58       -2.152765e+00
   59        6.634880e-01
   60       -2.510073e+00
   61        6.977403e-02
   62        1.913781e-01
   63        1.003432e-01
   64       -2.929846e-01
   65       -7.963624e-01
   66        2.401717e-01
   67        9.683304e-01
   68        1.791846e+00
   69       -2.219966e+00
   70        2.836670e-02
   71       -1.195345e-01
   72        1.209639e+00
   73       -8.415407e-01
   74        8.277573e-01
   75        3.841511e-01
   76        5.088085e-01
   77        4.636946e-01
   78       -3.757476e-01
   79       -4.557155e-01
   80       -2.449573e-03
   81       -4.885922e-02
   82       -6.641597e-02
   83       -7.526703e-01
   84        3.817527e-02
   85        1.450158e+00
   86       -5.574671e-01
   87       -1.445062e+00
   88        2.164874e-01
   89        3.834058e-01
   90       -1.052069e-01
   91       -9.326199e-01
   92       -1.041008e+00
   93       -6.542516e-01
   94        9.496113e-01
   95        3.765374e-01
   96       -1.728517e-01
   97        1.001434e+00
   98        9.699431e-01
   99       -1.310913e+00
  100       -8.715761e-01
;
param outliervec_original :=
    1    1
    2    1
    3    1
    4    0
    5    1
    6    1
    7    1
    8    1
    9    1
   10    1
   11    0
   12    1
   13    1
   14    0
   15    1
   16    1
   17    1
   18    1
   19    1
   20    1
   21    1
   22    1
   23    1
   24    1
   25    1
   26    1
   27    1
   28    1
   29    1
   30    1
   31    1
   32    1
   33    1
   34    1
   35    1
   36    1
   37    1
   38    1
   39    1
   40    1
   41    1
   42    1
   43    1
   44    1
   45    0
   46    1
   47    1
   48    0
   49    1
   50    1
   51    1
   52    1
   53    1
   54    1
   55    1
   56    1
   57    1
   58    0
   59    1
   60    1
   61    1
   62    1
   63    1
   64    1
   65    1
   66    1
   67    1
   68    1
   69    1
   70    1
   71    1
   72    1
   73    1
   74    1
   75    0
   76    1
   77    1
   78    1
   79    1
   80    1
   81    1
   82    1
   83    1
   84    1
   85    1
   86    1
   87    1
   88    1
   89    0
   90    1
   91    1
   92    1
   93    1
   94    1
   95    1
   96    1
   97    0
   98    1
   99    1
  100    0
;
param d:= 73;
param r:=5;
param p:=0.900000;
param M:=1000;
param U:=
         1         1       -3.797965e-01
         2         1        4.175591e-01
         3         1       -4.216320e-01
         4         1       -1.253734e+00
         5         1       -3.930459e-01
         6         1        3.994166e-02
         7         1        2.140145e-01
         8         1       -5.994226e-02
         9         1        9.144931e-01
        10         1       -1.821250e+00
        11         1        4.557278e-01
        12         1        4.868626e-01
        13         1       -6.472995e-02
        14         1       -8.396960e-01
        15         1       -1.964537e+00
        16         1       -1.991158e-01
        17         1       -8.397312e-01
        18         1        5.762132e-02
        19         1        4.456808e-01
        20         1        6.679257e-02
        21         1        6.354630e-01
        22         1       -1.409403e+00
        23         1        5.980471e-01
        24         1       -2.402926e-01
        25         1        4.187771e-01
        26         1        1.121702e+00
        27         1        6.697116e-02
        28         1        7.962641e-01
        29         1        3.296655e-01
        30         1       -1.058809e+00
        31         1        1.431253e-01
        32         1       -3.980298e-01
        33         1        9.961816e-01
        34         1        1.246065e+00
        35         1        2.400003e-01
        36         1        1.603438e+00
        37         1       -5.065144e-02
        38         1        8.213921e-02
        39         1        7.129525e-01
        40         1       -1.356745e+00
        41         1       -4.094877e-01
        42         1        1.289401e+00
        43         1       -1.399968e+00
        44         1        1.182910e+00
        45         1       -1.039025e-01
        46         1       -9.062883e-02
        47         1       -1.871803e-01
        48         1       -2.404664e-01
        49         1        6.451524e-02
        50         1        4.155846e-01
        51         1       -1.629845e+00
        52         1        1.073132e-02
        53         1       -8.879619e-01
        54         1       -1.049080e+00
        55         1       -8.360015e-01
        56         1       -6.838737e-01
        57         1        3.256495e-01
        58         1       -5.385640e-01
        59         1       -1.757126e-01
        60         1        8.002318e-01
        61         1       -1.076754e+00
        62         1        2.838956e-01
        63         1       -3.653097e-01
        64         1       -5.658047e-01
        65         1        2.515062e-01
        66         1       -4.681801e-01
        67         1        4.121206e-01
        68         1        4.700652e-01
        69         1        4.772143e-02
        70         1       -9.794728e-01
        71         1       -1.437109e+00
        72         1       -7.110439e-02
        73         1        7.916843e-01
         1         2       -6.775128e-01
         2         2        9.021588e-02
         3         2        1.802348e+00
         4         2        5.095854e-01
         5         2       -1.466822e+00
         6         2        8.946596e-01
         7         2       -1.679864e-01
         8         2        9.324285e-01
         9         2       -3.028900e-01
        10         2        2.151851e-01
        11         2        1.362804e+00
        12         2        1.863558e+00
        13         2       -1.091412e-01
        14         2       -1.438207e+00
        15         2       -1.194697e+00
        16         2       -2.746247e-01
        17         2       -3.562606e-01
        18         2        2.822706e+00
        19         2        3.602326e-01
        20         2        4.270224e-01
        21         2       -4.161474e-01
        22         2        5.144137e-01
        23         2        8.565943e-01
        24         2        4.941212e-01
        25         2        1.978407e+00
        26         2        6.933665e-01
        27         2       -7.981986e-01
        28         2       -3.774354e-01
        29         2        4.674615e-02
        30         2       -9.265958e-02
        31         2        7.209719e-02
        32         2       -7.466539e-01
        33         2       -2.800006e-01
        34         2        3.081869e-01
        35         2       -7.002308e-03
        36         2        8.350543e-01
        37         2        1.243720e-01
        38         2       -1.109405e+00
        39         2        1.196965e+00
        40         2        4.689818e-01
        41         2        3.589107e-01
        42         2        1.304731e+00
        43         2        7.652297e-02
        44         2       -9.710039e-02
        45         2       -7.235991e-01
        46         2       -3.606547e-01
        47         2       -1.133108e+00
        48         2       -1.271084e+00
        49         2       -3.610604e-01
        50         2       -1.770195e+00
        51         2        2.074281e+00
        52         2       -5.165252e-01
        53         2        7.982239e-01
        54         2       -1.757467e+00
        55         2        1.062478e+00
        56         2        1.341247e+00
        57         2        8.508399e-01
        58         2        1.265437e+00
        59         2        2.036707e+00
        60         2        1.073786e+00
        61         2       -1.558727e+00
        62         2        4.915666e-01
        63         2        8.164482e-01
        64         2        7.019723e-01
        65         2       -1.163271e+00
        66         2       -1.511755e-01
        67         2        7.799271e-01
        68         2       -3.466640e-01
        69         2       -2.476101e+00
        70         2       -8.898569e-01
        71         2        1.022937e+00
        72         2       -1.393057e+00
        73         2       -1.732623e+00
         1         3       -7.672026e-01
         2         3        2.225730e+00
         3         3       -1.286472e+00
         4         3       -1.150073e+00
         5         3       -1.112204e+00
         6         3       -4.502064e-01
         7         3       -4.969037e-01
         8         3       -7.484586e-01
         9         3       -1.895849e-01
        10         3       -8.129254e-01
        11         3       -8.158594e-01
        12         3       -7.305358e-01
        13         3       -8.007291e-02
        14         3        1.148355e+00
        15         3        1.083024e-01
        16         3        7.883263e-01
        17         3       -1.122403e+00
        18         3       -1.179389e+00
        19         3        1.090959e-01
        20         3        5.605874e-01
        21         3        1.432631e+00
        22         3        1.344794e+00
        23         3       -1.154663e+00
        24         3       -1.003805e+00
        25         3       -1.349739e+00
        26         3        9.005136e-01
        27         3       -1.274328e+00
        28         3       -4.985088e-01
        29         3        3.656380e-01
        30         3        1.299687e+00
        31         3        4.121802e-01
        32         3        1.812476e+00
        33         3        3.820056e-01
        34         3        6.873542e-01
        35         3       -2.927286e-01
        36         3       -8.369760e-01
        37         3       -1.190413e+00
        38         3        6.692011e-02
        39         3        1.411906e-02
        40         3       -2.147061e+00
        41         3        1.203492e-01
        42         3       -1.827509e+00
        43         3        1.667064e-01
        44         3       -2.129874e+00
        45         3       -7.983277e-01
        46         3       -2.345861e-01
        47         3       -1.202514e+00
        48         3        3.318378e-01
        49         3        4.392094e-01
        50         3        1.211549e-01
        51         3       -1.994885e+00
        52         3        5.204987e-01
        53         3       -9.259965e-02
        54         3       -2.472634e-01
        55         3        1.680532e+00
        56         3       -1.396248e+00
        57         3       -7.463490e-01
        58         3       -1.863428e+00
        59         3        2.231400e-01
        60         3        7.301355e-02
        61         3       -1.446871e+00
        62         3        7.839548e-02
        63         3       -1.492690e-02
        64         3       -5.879629e-01
        65         3       -2.153104e+00
        66         3        9.090813e-01
        67         3       -5.543797e-02
        68         3       -2.265762e+00
        69         3       -1.205755e+00
        70         3        3.070439e+00
        71         3       -2.907167e+00
        72         3        2.130344e-01
        73         3        1.314445e+00
         1         4       -6.486204e-02
         2         4        1.763914e+00
         3         4        1.634283e-01
         4         4       -6.525855e-01
         5         4       -9.065361e-01
         6         4       -2.324287e+00
         7         4        1.035191e+00
         8         4       -1.433736e-02
         9         4       -1.393697e-01
        10         4        1.157928e-01
        11         4       -5.405831e-01
        12         4        2.329265e-01
        13         4       -1.690366e+00
        14         4       -2.875910e+00
        15         4       -7.342566e-02
        16         4        1.182966e-01
        17         4       -1.363079e-01
        18         4       -7.657968e-01
        19         4       -1.404948e+00
        20         4       -2.821798e-01
        21         4       -1.548504e-01
        22         4       -9.622091e-01
        23         4       -3.201631e-01
        24         4        2.017279e-01
        25         4        1.254765e+00
        26         4       -5.745744e-01
        27         4       -1.638701e-01
        28         4       -1.182710e+00
        29         4        1.115329e+00
        30         4       -7.158370e-01
        31         4       -4.370127e-01
        32         4       -1.651632e+00
        33         4       -6.967494e-01
        34         4        8.220657e-01
        35         4       -1.636421e+00
        36         4       -2.098983e-01
        37         4        4.027493e-01
        38         4       -3.895620e-01
        39         4       -6.797582e-01
        40         4        1.473088e-01
        41         4       -1.539158e+00
        42         4       -4.290346e-01
        43         4        1.116345e-01
        44         4       -5.303663e-01
        45         4        6.020065e-01
        46         4        5.277891e-01
        47         4        1.221785e+00
        48         4        7.659045e-01
        49         4        1.189709e+00
        50         4       -1.954738e-01
        51         4       -1.307475e+00
        52         4        9.237829e-01
        53         4       -9.716764e-01
        54         4       -1.853014e+00
        55         4        1.152487e+00
        56         4       -7.027803e-01
        57         4       -7.877600e-01
        58         4        6.508250e-01
        59         4       -2.321554e+00
        60         4       -5.162188e-01
        61         4       -3.770843e-01
        62         4        9.350334e-02
        63         4       -1.444875e+00
        64         4       -4.202923e-01
        65         4       -4.517239e-01
        66         4        3.957532e-01
        67         4       -5.146902e-01
        68         4        5.452623e-01
        69         4        1.240763e+00
        70         4        3.921897e-01
        71         4        1.078218e+00
        72         4       -3.454203e-01
        73         4        4.906473e-01
         1         5        1.109873e+00
         2         5        3.134775e-01
         3         5       -6.741384e-01
         4         5        2.304843e-01
         5         5       -9.281661e-01
         6         5       -7.196849e-01
         7         5       -7.821893e-01
         8         5       -8.487795e-02
         9         5        8.769191e-01
        10         5        4.253612e-01
        11         5       -1.420996e+00
        12         5        6.062779e-01
        13         5       -1.687883e+00
        14         5        9.791120e-01
        15         5       -2.989417e-01
        16         5       -8.610212e-01
        17         5       -5.646246e-01
        18         5        8.408293e-01
        19         5        1.966165e-01
        20         5       -8.740869e-02
        21         5       -1.607945e-02
        22         5        9.850644e-02
        23         5        1.085949e+00
        24         5        1.319167e+00
        25         5       -5.115129e-02
        26         5       -2.959954e-01
        27         5        1.046773e+00
        28         5       -1.292722e+00
        29         5       -3.562565e-01
        30         5       -2.671898e-01
        31         5        6.669380e-01
        32         5       -2.052684e+00
        33         5       -1.460342e+00
        34         5        1.015342e+00
        35         5       -5.071472e-01
        36         5        1.569959e+00
        37         5        3.594786e-01
        38         5       -1.177381e+00
        39         5       -9.542388e-02
        40         5       -5.546231e-01
        41         5        5.722667e-01
        42         5        1.594576e-01
        43         5       -1.007381e+00
        44         5       -7.608185e-01
        45         5        1.617435e+00
        46         5       -3.096112e-01
        47         5        1.915309e-01
        48         5       -3.135819e-01
        49         5       -7.140027e-01
        50         5        1.016711e+00
        51         5        1.847757e+00
        52         5       -7.799638e-01
        53         5       -1.380255e+00
        54         5       -7.802188e-01
        55         5       -1.741857e+00
        56         5       -7.132359e-01
        57         5        4.324026e-01
        58         5        2.871396e-01
        59         5        4.765322e-01
        60         5        1.528620e+00
        61         5       -7.345747e-01
        62         5       -5.408407e-01
        63         5       -2.659119e+00
        64         5        8.470814e-01
        65         5       -5.054995e-01
        66         5       -6.408683e-01
        67         5        6.505901e-01
        68         5        7.113177e-01
        69         5        3.545025e-01
        70         5       -5.202231e-01
        71         5       -1.011975e+00
        72         5        2.670764e-01
        73         5        3.167324e-01
;

param theta:=
    1       -1.640881e+00
    2       -2.952670e-01
    3       -3.784103e-01
    4        7.999005e-01
    5        5.079110e-01
;
param X_true:=
    1        1.672114e+00
    2       -3.623352e-02
    3        5.592122e-01
    4        2.077265e+00
    5        1.974922e-01
    6       -2.288111e+00
    7        2.292734e-01
    8        1.325281e-01
    9       -8.909153e-01
   10        3.428074e+00
   11       -1.907810e+00
   12       -4.320802e-01
   13       -1.933391e+00
   14       -5.823076e-01
   15        3.299449e+00
   16       -3.361732e-01
   17        1.479916e+00
   18       -5.629006e-01
   19       -1.910220e+00
   20       -5.758591e-01
   21       -1.642310e+00
   22        9.783762e-01
   23       -4.698408e-01
   24        1.365984e+00
   25        2.302798e-01
   26       -3.096932e+00
   27        1.257564e+00
   28       -2.618037e+00
   29        9.473848e-02
   30        6.275489e-01
   31       -5.973405e-01
   32       -2.248048e+00
   33       -2.910753e+00
   34       -9.635991e-01
   35       -1.611889e+00
   36       -1.899634e+00
   37        1.047997e+00
   38       -7.413349e-01
   39       -2.211035e+00
   40        2.687053e+00
   41       -4.436543e-01
   42       -2.152765e+00
   43        1.749804e+00
   44       -1.884883e+00
   45        1.980973e+00
   46        7.129422e-01
   47        1.993366e+00
   48        8.322795e-01
   49        4.897456e-01
   50        2.623679e-01
   51        2.701479e+00
   52        4.567516e-01
   53       -2.157550e-01
   54        5.500550e-01
   55        3.283406e-01
   56        3.841511e-01
   57       -8.819085e-01
   58        1.942205e+00
   59       -2.047115e+00
   60       -1.373077e+00
   61        2.034133e+00
   62       -8.297984e-01
   63       -2.127923e+00
   64        9.600877e-01
   65        1.545764e-01
   66        3.834058e-01
   67       -1.043727e+00
   68        1.213295e+00
   69        2.215023e+00
   70        7.519647e-01
   71        3.544049e+00
   72        3.299404e-01
   73       -8.715761e-01
;
param X:=
    1        5.128746e-01
    2        4.459105e-01
    3        5.592122e-01
    4        1.208205e+00
    5       -1.479761e+00
    6       -1.489609e+00
    7       -1.852413e+00
    8        9.432341e-01
    9       -8.909153e-01
   10        5.663622e-01
   11       -1.907810e+00
   12        4.409322e-01
   13       -1.524186e-01
   14        1.095093e+00
   15        4.155276e-01
   16        6.110688e-01
   17       -1.119916e+00
   18        1.883006e-01
   19        3.668971e-01
   20        3.227397e-01
   21       -6.288671e-01
   22        2.683206e+00
   23       -1.571241e-01
   24        1.358914e+00
   25       -1.093202e+00
   26       -1.123876e+00
   27        2.631818e-01
   28       -1.502546e+00
   29        1.337330e-01
   30        6.717827e-01
   31        9.394761e-01
   32       -2.082042e-01
   33       -1.213565e+00
   34        2.728150e-01
   35       -1.283656e+00
   36       -1.899634e+00
   37        1.061774e-01
   38       -1.785639e-01
   39       -1.910960e+00
   40       -5.075632e-01
   41       -2.202607e-01
   42       -2.152765e+00
   43        6.634880e-01
   44       -2.510073e+00
   45        6.977403e-02
   46        1.913781e-01
   47        1.003432e-01
   48       -2.929846e-01
   49       -7.963624e-01
   50        2.401717e-01
   51        1.791846e+00
   52        2.836670e-02
   53       -1.195345e-01
   54       -8.415407e-01
   55        8.277573e-01
   56        3.841511e-01
   57        5.088085e-01
   58        4.636946e-01
   59       -3.757476e-01
   60       -4.557155e-01
   61       -4.885922e-02
   62       -6.641597e-02
   63       -7.526703e-01
   64        3.817527e-02
   65       -1.445062e+00
   66        3.834058e-01
   67       -1.052069e-01
   68       -1.041008e+00
   69       -6.542516e-01
   70        9.496113e-01
   71        3.765374e-01
   72        9.699431e-01
   73       -8.715761e-01
;
param outliervec:=
    1    1
    2    1
    3    0
    4    1
    5    1
    6    1
    7    1
    8    1
    9    0
   10    1
   11    0
   12    1
   13    1
   14    1
   15    1
   16    1
   17    1
   18    1
   19    1
   20    1
   21    1
   22    1
   23    1
   24    1
   25    1
   26    1
   27    1
   28    1
   29    1
   30    1
   31    1
   32    1
   33    1
   34    1
   35    1
   36    0
   37    1
   38    1
   39    1
   40    1
   41    1
   42    0
   43    1
   44    1
   45    1
   46    1
   47    1
   48    1
   49    1
   50    1
   51    1
   52    1
   53    1
   54    1
   55    1
   56    0
   57    1
   58    1
   59    1
   60    1
   61    1
   62    1
   63    1
   64    1
   65    1
   66    0
   67    1
   68    1
   69    1
   70    1
   71    1
   72    1
   73    0
; 
param greedy_time :=         2.446618e-01
;