data;


param FN:= 5;
param D:= 100;
param U_Original:=
         1         1        1.724291e+00
         2         1        3.717962e-01
         3         1       -8.075428e-01
         4         1       -6.740890e-01
         5         1       -4.791668e-01
         6         1       -5.196126e-01
         7         1       -6.544369e-01
         8         1        1.728027e+00
         9         1        8.797802e-01
        10         1       -1.668186e-01
        11         1       -4.387768e-02
        12         1        7.428480e-01
        13         1        5.217506e-01
        14         1        9.496058e-01
        15         1        5.266787e-01
        16         1       -3.018998e-01
        17         1        7.440162e-01
        18         1        6.625183e-01
        19         1        3.297403e-01
        20         1       -2.084974e-01
        21         1        1.178429e-01
        22         1       -4.710472e-01
        23         1       -1.102814e-01
        24         1       -8.163450e-01
        25         1       -9.587377e-01
        26         1        1.940730e+00
        27         1       -3.143869e-01
        28         1        3.524773e-01
        29         1       -5.631774e-02
        30         1       -8.625865e-01
        31         1        3.933028e-01
        32         1       -1.183991e+00
        33         1        1.103635e+00
        34         1       -1.319469e+00
        35         1        1.108316e+00
        36         1        1.157852e+00
        37         1        9.069645e-01
        38         1       -5.584387e-01
        39         1        2.530890e-01
        40         1       -1.430591e+00
        41         1       -3.389974e-01
        42         1        5.551909e-01
        43         1        7.077215e-01
        44         1       -1.941000e+00
        45         1        1.450583e-01
        46         1        4.919303e-01
        47         1       -3.681432e-01
        48         1       -7.675284e-01
        49         1       -8.770995e-01
        50         1        7.470317e-01
        51         1        2.623935e-01
        52         1       -1.260667e+00
        53         1        4.969915e-01
        54         1        1.281276e+00
        55         1        2.500222e+00
        56         1       -6.491892e-01
        57         1        1.161184e+00
        58         1       -1.874101e+00
        59         1       -4.005534e-01
        60         1        9.319940e-01
        61         1        2.547164e-01
        62         1        2.738200e-01
        63         1       -8.155622e-01
        64         1       -1.732238e+00
        65         1        8.084552e-01
        66         1        8.305103e-01
        67         1        1.781192e+00
        68         1        5.449846e-01
        69         1       -2.100159e-02
        70         1       -1.486498e+00
        71         1       -2.153088e+00
        72         1        5.279621e-01
        73         1       -8.656289e-02
        74         1        6.819538e-01
        75         1       -1.821942e+00
        76         1        1.361000e+00
        77         1       -2.000910e+00
        78         1        1.608341e-01
        79         1        7.776215e-01
        80         1        3.145164e+00
        81         1        7.454704e-01
        82         1       -6.194300e-01
        83         1        9.373069e-02
        84         1       -1.101574e+00
        85         1       -2.816539e-01
        86         1        5.239679e-01
        87         1        6.059552e-01
        88         1       -1.152830e+00
        89         1        3.851163e-01
        90         1        6.555735e-01
        91         1        7.147888e-01
        92         1        1.072583e+00
        93         1       -1.244127e+00
        94         1        2.763971e-01
        95         1       -1.252852e+00
        96         1        2.353015e-01
        97         1       -1.002120e-01
        98         1        5.282890e-01
        99         1        2.621718e+00
       100         1        1.704880e-01
         1         2        4.470259e-01
         2         2       -1.431804e-01
         3         2        3.296957e-01
         4         2       -1.029427e+00
         5         2        8.026715e-01
         6         2       -9.159337e-02
         7         2        1.626473e-01
         8         2        5.602997e-01
         9         2        7.382940e-01
        10         2       -2.262043e+00
        11         2        4.640043e-01
        12         2        1.152816e+00
        13         2       -4.526184e-01
        14         2        2.054347e-01
        15         2        1.140595e+00
        16         2       -3.880888e-01
        17         2        5.885599e-01
        18         2       -8.748406e-01
        19         2       -3.264120e-01
        20         2        1.333376e-01
        21         2        3.389788e-02
        22         2       -1.719158e+00
        23         2       -3.156603e-01
        24         2       -4.471403e-01
        25         2        2.842549e-02
        26         2        1.615798e+00
        27         2       -2.722568e-01
        28         2        3.720016e-01
        29         2       -7.492717e-02
        30         2       -6.180243e-02
        31         2        2.657957e-02
        32         2       -9.232645e-01
        33         2       -2.644946e-01
        34         2       -1.378964e+00
        35         2        7.401287e-01
        36         2        3.422274e-01
        37         2       -1.210891e+00
        38         2        3.799234e-01
        39         2       -9.321027e-01
        40         2        7.477484e-01
        41         2        8.888329e-02
        42         2        7.571810e-01
        43         2        3.385320e-01
        44         2        2.300044e+00
        45         2       -1.397443e+00
        46         2       -8.001862e-01
        47         2        2.024065e+00
        48         2       -1.218917e+00
        49         2       -8.225932e-01
        50         2        9.944024e-01
        51         2       -1.588306e+00
        52         2        1.247282e-01
        53         2       -5.951750e-01
        54         2       -2.613192e-01
        55         2       -1.081059e+00
        56         2        8.713674e-01
        57         2        6.869524e-01
        58         2       -1.337547e+00
        59         2       -6.527017e-01
        60         2       -3.816321e-01
        61         2       -1.588905e-01
        62         2       -5.551435e-01
        63         2       -6.507977e-01
        64         2        2.506974e+00
        65         2       -2.721585e+00
        66         2       -8.918103e-01
        67         2        3.110415e-01
        68         2       -1.743840e-01
        69         2        1.855102e-01
        70         2       -3.555930e-01
        71         2        4.183708e-01
        72         2       -3.063093e+00
        73         2        1.108956e+00
        74         2       -1.996295e-01
        75         2        1.074254e+00
        76         2       -2.022312e-01
        77         2       -4.273295e-01
        78         2       -3.569895e-01
        79         2        2.001479e-01
        80         2       -4.388747e-01
        81         2        4.595106e-01
        82         2        8.617576e-01
        83         2        1.413217e+00
        84         2        1.500288e-01
        85         2        7.647990e-01
        86         2       -1.353501e+00
        87         2        9.016047e-01
        88         2       -5.621669e-01
        89         2        4.953947e-01
        90         2       -1.084799e+00
        91         2       -6.597918e-01
        92         2        1.321045e-01
        93         2        4.347719e-01
        94         2       -5.486539e-01
        95         2       -7.085533e-02
        96         2        9.623503e-01
        97         2        2.902976e-01
        98         2       -3.482308e-01
        99         2       -5.375272e-01
       100         2       -7.518088e-04
         1         3        5.085403e-01
         2         3        2.184529e+00
         3         3        7.985843e-01
         4         3        2.174399e+00
         5         3        1.991894e+00
         6         3        8.381518e-02
         7         3        1.924982e+00
         8         3       -8.730666e-01
         9         3        1.336270e+00
        10         3        3.897614e-01
        11         3       -7.272359e-01
        12         3       -5.307413e-01
        13         3        2.850658e+00
        14         3       -9.018500e-01
        15         3       -1.116082e+00
        16         3        7.926887e-01
        17         3        9.670267e-02
        18         3       -5.957324e-01
        19         3       -5.014659e-02
        20         3        8.618314e-02
        21         3        1.351023e-01
        22         3       -7.689241e-01
        23         3        1.280655e-01
        24         3        8.339010e-01
        25         3        2.685591e-01
        26         3        1.722914e+00
        27         3        8.095749e-01
        28         3        4.342039e-02
        29         3        1.093978e+00
        30         3        1.550832e-01
        31         3       -2.376555e-01
        32         3        3.444203e-01
        33         3       -1.830394e+00
        34         3        1.805974e-01
        35         3        7.332671e-02
        36         3       -8.140599e-01
        37         3       -7.687106e-01
        38         3        2.863408e-01
        39         3       -9.583849e-01
        40         3       -1.307158e+00
        41         3        3.264864e-01
        42         3        7.646276e-01
        43         3       -1.517916e-01
        44         3        3.169968e-01
        45         3       -1.866255e+00
        46         3       -6.946874e-01
        47         3        4.383977e-01
        48         3        4.702894e-01
        49         3       -9.633391e-01
        50         3       -8.998958e-01
        51         3       -1.619978e+00
        52         3        2.156661e-01
        53         3        4.168411e-01
        54         3       -1.046259e+00
        55         3        1.185852e+00
        56         3       -1.950072e+00
        57         3       -6.959222e-01
        58         3        6.657928e-01
        59         3       -3.804538e-01
        60         3       -6.232303e-01
        61         3       -5.916842e-01
        62         3        1.167834e+00
        63         3        8.489643e-01
        64         3       -4.038711e-01
        65         3       -1.151868e+00
        66         3        6.761746e-01
        67         3        2.976191e-01
        68         3        1.961168e+00
        69         3        1.302225e+00
        70         3       -1.076146e-01
        71         3        3.899166e-01
        72         3       -1.020359e+00
        73         3       -1.367933e+00
        74         3       -1.406113e+00
        75         3       -1.788351e+00
        76         3        7.654467e-01
        77         3       -6.111070e-02
        78         3        1.946088e+00
        79         3        5.103766e-01
        80         3        5.932452e-02
        81         3       -1.283185e+00
        82         3       -1.563026e+00
        83         3        3.959116e-01
        84         3        2.409503e+00
        85         3        1.782734e-01
        86         3        2.886135e+00
        87         3       -3.511439e-01
        88         3       -9.564457e-01
        89         3        1.900570e-01
        90         3        7.414775e-01
        91         3        1.581587e-02
        92         3        7.386646e-01
        93         3        5.229627e-02
        94         3        1.628217e-02
        95         3       -8.008398e-02
        96         3       -7.677333e-01
        97         3       -1.522688e+00
        98         3        9.454016e-02
        99         3       -8.437381e-02
       100         3        9.493910e-01
         1         4       -4.219556e-01
         2         4       -3.527699e-02
         3         4        2.730452e-01
         4         4        8.851020e-01
         5         4       -7.237955e-01
         6         4       -8.338476e-01
         7         4       -3.798292e-01
         8         4        2.257871e-01
         9         4        7.969707e-01
        10         4        1.215445e+00
        11         4        2.013140e-01
        12         4       -4.486362e-01
        13         4        1.129115e+00
        14         4       -6.243167e-02
        15         4       -5.620713e-01
        16         4       -1.994468e+00
        17         4       -2.004863e+00
        18         4       -1.215296e+00
        19         4       -2.968525e-01
        20         4       -1.255180e-01
        21         4       -8.586670e-01
        22         4        5.699741e-01
        23         4        4.164260e-01
        24         4       -3.524787e-01
        25         4        9.268058e-01
        26         4        2.981941e-01
        27         4        7.519762e-01
        28         4       -2.586408e-01
        29         4       -4.722194e-01
        30         4        1.935986e+00
        31         4        1.195434e+00
        32         4        1.021355e-01
        33         4       -2.366818e-01
        34         4       -3.946969e-01
        35         4        1.100117e+00
        36         4       -1.093101e+00
        37         4       -1.730346e+00
        38         4       -3.884008e-02
        39         4       -9.314706e-01
        40         4       -4.722135e-01
        41         4        9.175609e-01
        42         4        6.977430e-01
        43         4       -1.320422e+00
        44         4       -9.099808e-01
        45         4       -2.400938e-01
        46         4        1.487416e+00
        47         4       -1.442590e-01
        48         4        5.661817e-01
        49         4       -1.374342e+00
        50         4       -3.233712e-01
        51         4       -1.127774e+00
        52         4        8.095403e-01
        53         4       -3.522165e-01
        54         4        2.073884e+00
        55         4        2.422315e-01
        56         4       -6.198975e-01
        57         4        5.581051e-01
        58         4       -3.957434e-01
        59         4       -1.055740e+00
        60         4       -4.873610e-01
        61         4       -8.575625e-01
        62         4        3.019824e-01
        63         4       -4.879613e-01
        64         4        4.508692e-02
        65         4        1.189784e+00
        66         4        6.271934e-01
        67         4        8.260421e-01
        68         4        1.264597e-01
        69         4       -2.985491e+00
        70         4        3.340627e-01
        71         4        1.405023e+00
        72         4       -6.408200e-01
        73         4        1.743687e+00
        74         4       -6.355893e-01
        75         4        2.905906e-01
        76         4       -5.153800e-01
        77         4        3.288319e-01
        78         4        5.445167e-01
        79         4       -1.585913e+00
        80         4       -1.724260e+00
        81         4       -1.545699e-01
        82         4        4.532994e-01
        83         4        8.755461e-01
        84         4        3.694030e-01
        85         4        4.418868e-01
        86         4       -5.826350e-01
        87         4        2.540337e-01
        88         4       -1.422639e+00
        89         4       -3.460196e-01
        90         4        8.209981e-01
        91         4       -1.700133e+00
        92         4        1.664123e+00
        93         4        1.184770e+00
        94         4       -9.996912e-01
        95         4        1.882725e+00
        96         4        4.163626e-01
        97         4        7.075578e-01
        98         4        6.525539e-01
        99         4       -2.160852e-01
       100         4       -8.774300e-01
         1         5        1.678610e+00
         2         5        1.039842e-01
         3         5        3.248171e-01
         4         5        4.890185e-01
         5         5        1.808419e+00
         6         5       -1.719616e+00
         7         5       -6.266108e-01
         8         5        6.862795e-01
         9         5        5.952956e-01
        10         5       -9.384008e-01
        11         5       -1.211458e-02
        12         5        6.196957e-01
        13         5        3.174081e-01
        14         5        9.437222e-01
        15         5       -3.488345e-01
        16         5       -2.520477e-01
        17         5        1.616534e+00
        18         5       -7.308964e-01
        19         5       -2.940227e-01
        20         5       -1.892374e-01
        21         5       -1.605913e+00
        22         5        4.985796e-01
        23         5        7.337527e-01
        24         5        6.768226e-02
        25         5       -1.520734e+00
        26         5       -5.350334e-01
        27         5       -2.055036e-01
        28         5        1.118367e+00
        29         5        6.713993e-01
        30         5       -4.181616e-01
        31         5        9.188805e-01
        32         5        1.625638e+00
        33         5       -1.424112e+00
        34         5       -5.923376e-01
        35         5       -2.757649e-01
        36         5       -1.031791e+00
        37         5       -2.090260e+00
        38         5       -1.439607e+00
        39         5        1.892624e+00
        40         5       -1.866600e-02
        41         5       -2.888484e-01
        42         5       -1.559110e-01
        43         5        3.188707e-01
        44         5       -1.808605e-01
        45         5        1.378490e+00
        46         5        1.585036e+00
        47         5        4.469356e-01
        48         5        1.217783e+00
        49         5       -3.206176e-01
        50         5       -1.525546e-01
        51         5       -8.545702e-01
        52         5        9.651245e-01
        53         5        1.206680e+00
        54         5       -4.813225e-02
        55         5        1.798250e+00
        56         5       -1.318699e+00
        57         5       -9.430137e-01
        58         5       -3.384922e-02
        59         5       -2.908966e-01
        60         5        8.907717e-01
        61         5       -1.862524e+00
        62         5       -4.344408e-01
        63         5       -1.658855e+00
        64         5       -1.914528e+00
        65         5       -7.321183e-01
        66         5        9.538965e-01
        67         5       -7.744870e-01
        68         5       -3.399761e-01
        69         5        1.291664e-01
        70         5       -6.731123e-01
        71         5       -2.366782e-01
        72         5       -1.335175e+00
        73         5        1.165107e+00
        74         5        3.694528e-01
        75         5       -2.200581e-01
        76         5       -1.297720e-01
        77         5        5.103662e-01
        78         5        1.333227e+00
        79         5        1.579219e+00
        80         5        8.105742e-01
        81         5        1.176736e+00
        82         5        3.862821e-01
        83         5        8.264528e-01
        84         5       -1.406897e+00
        85         5        5.430370e-01
        86         5       -9.073247e-01
        87         5       -7.532012e-01
        88         5        1.817842e-01
        89         5       -3.261321e-01
        90         5        3.548231e-02
        91         5        8.999686e-01
        92         5        2.252669e-01
        93         5        1.792062e+00
        94         5       -5.104062e-01
        95         5        1.921761e-01
        96         5       -2.641186e-01
        97         5        3.742446e-01
        98         5       -3.261490e-01
        99         5        4.611468e-01
       100         5       -1.837170e+00
;
param X_Original:=
    1        5.296021e-01
    2        1.534819e+00
    3        4.668482e-01
    4        8.319624e-02
    5        3.926868e-01
    6        2.657953e+00
    7        5.385829e-01
    8        3.124646e+00
    9        2.400817e-02
   10       -7.372939e-01
   11        9.520728e-01
   12       -2.360436e+00
   13        1.343030e+00
   14       -2.454179e-01
   15        4.505587e+00
   16        5.126903e-01
   17        1.606936e+00
   18        6.344015e-01
   19        7.545655e-01
   20       -2.036941e-01
   21       -8.887294e-01
   22       -4.237163e-02
   23       -2.431025e+00
   24        4.172595e-01
   25        2.111209e+00
   26       -2.494669e+00
   27       -1.577190e-01
   28        2.938408e-01
   29       -2.172000e-02
   30        8.153518e-01
   31       -1.529455e+00
   32       -1.153483e+00
   33       -1.079371e+00
   34       -3.055650e-01
   35       -4.296742e-02
   36       -2.067295e+00
   37        1.235951e-01
   38       -2.019069e-01
   39       -7.584420e-01
   40       -8.137338e-01
   41       -1.418944e+00
   42       -7.746490e-01
   43       -1.570352e-01
   44       -2.895038e-01
   45        9.771521e-01
   46       -1.576465e-01
   47       -1.659288e-01
   48        1.028977e+00
   49        8.979730e-01
   50        1.076748e+00
   51        8.231790e-01
   52        1.559106e+00
   53        1.781950e-01
   54        3.506797e+00
   55       -1.001567e-01
   56       -1.004161e+00
   57        7.980781e-01
   58       -9.433273e-01
   59        1.136336e+00
   60       -1.932910e-01
   61       -3.265316e-01
   62        1.971225e+00
   63       -9.736736e-01
   64        3.876626e-01
   65       -9.353638e-01
   66        1.273317e-01
   67       -5.101849e-01
   68        2.520231e+00
   69        1.264622e+00
   70        9.459594e-01
   71       -1.204516e-02
   72       -1.005181e+00
   73       -2.190248e-01
   74        1.437501e+00
   75        5.227730e-01
   76        9.908395e-02
   77       -5.989453e-01
   78       -1.379832e+00
   79       -1.138009e+00
   80       -2.999506e-01
   81        2.079548e+00
   82       -1.397041e+00
   83        7.751521e-01
   84        1.497113e+00
   85        6.897953e-01
   86        1.415273e+00
   87       -5.624443e-02
   88       -6.401088e-01
   89       -7.349230e-01
   90       -1.257063e+00
   91       -8.960058e-01
   92       -8.888099e-01
   93       -4.231188e-01
   94        5.485975e-01
   95       -7.203219e-01
   96        5.309944e-01
   97       -9.847064e-01
   98        1.193773e+00
   99       -7.239963e-01
  100        3.425858e+00
;
param outliervec_original :=
    1    1
    2    1
    3    1
    4    1
    5    1
    6    0
    7    1
    8    0
    9    1
   10    1
   11    1
   12    1
   13    1
   14    1
   15    0
   16    1
   17    1
   18    1
   19    1
   20    1
   21    1
   22    1
   23    0
   24    1
   25    0
   26    1
   27    1
   28    1
   29    1
   30    1
   31    1
   32    1
   33    1
   34    1
   35    1
   36    1
   37    1
   38    1
   39    1
   40    1
   41    1
   42    1
   43    1
   44    1
   45    1
   46    1
   47    1
   48    1
   49    1
   50    1
   51    0
   52    1
   53    1
   54    0
   55    1
   56    1
   57    1
   58    1
   59    1
   60    1
   61    1
   62    1
   63    1
   64    1
   65    1
   66    1
   67    1
   68    1
   69    1
   70    1
   71    1
   72    1
   73    1
   74    1
   75    1
   76    1
   77    1
   78    1
   79    1
   80    1
   81    1
   82    1
   83    1
   84    1
   85    1
   86    1
   87    1
   88    1
   89    1
   90    0
   91    1
   92    1
   93    1
   94    1
   95    1
   96    1
   97    1
   98    0
   99    1
  100    0
;
param d:= 73;
param r:=5;
param p:=0.900000;
param M:=1000;
param U:=
         1         1        1.724291e+00
         2         1        3.717962e-01
         3         1       -8.075428e-01
         4         1       -6.740890e-01
         5         1       -4.791668e-01
         6         1       -5.196126e-01
         7         1       -6.544369e-01
         8         1        8.797802e-01
         9         1       -1.668186e-01
        10         1        5.217506e-01
        11         1        9.496058e-01
        12         1       -3.018998e-01
        13         1        6.625183e-01
        14         1        3.297403e-01
        15         1       -2.084974e-01
        16         1       -4.710472e-01
        17         1       -1.102814e-01
        18         1       -8.163450e-01
        19         1       -9.587377e-01
        20         1       -3.143869e-01
        21         1        3.524773e-01
        22         1       -5.631774e-02
        23         1       -8.625865e-01
        24         1        3.933028e-01
        25         1       -1.183991e+00
        26         1        1.103635e+00
        27         1       -1.319469e+00
        28         1        1.108316e+00
        29         1        9.069645e-01
        30         1        2.530890e-01
        31         1       -1.430591e+00
        32         1        7.077215e-01
        33         1       -1.941000e+00
        34         1       -3.681432e-01
        35         1        7.470317e-01
        36         1        4.969915e-01
        37         1        2.500222e+00
        38         1       -6.491892e-01
        39         1        1.161184e+00
        40         1       -1.874101e+00
        41         1       -4.005534e-01
        42         1        9.319940e-01
        43         1        2.738200e-01
        44         1       -1.732238e+00
        45         1        8.084552e-01
        46         1        8.305103e-01
        47         1        5.449846e-01
        48         1       -2.100159e-02
        49         1       -1.486498e+00
        50         1       -2.153088e+00
        51         1        5.279621e-01
        52         1        1.361000e+00
        53         1       -2.000910e+00
        54         1        7.776215e-01
        55         1        3.145164e+00
        56         1       -6.194300e-01
        57         1        9.373069e-02
        58         1       -1.101574e+00
        59         1       -2.816539e-01
        60         1        5.239679e-01
        61         1        6.059552e-01
        62         1       -1.152830e+00
        63         1        3.851163e-01
        64         1        7.147888e-01
        65         1        1.072583e+00
        66         1       -1.244127e+00
        67         1        2.763971e-01
        68         1       -1.252852e+00
        69         1        2.353015e-01
        70         1       -1.002120e-01
        71         1        5.282890e-01
        72         1        2.621718e+00
        73         1        1.704880e-01
         1         2        4.470259e-01
         2         2       -1.431804e-01
         3         2        3.296957e-01
         4         2       -1.029427e+00
         5         2        8.026715e-01
         6         2       -9.159337e-02
         7         2        1.626473e-01
         8         2        7.382940e-01
         9         2       -2.262043e+00
        10         2       -4.526184e-01
        11         2        2.054347e-01
        12         2       -3.880888e-01
        13         2       -8.748406e-01
        14         2       -3.264120e-01
        15         2        1.333376e-01
        16         2       -1.719158e+00
        17         2       -3.156603e-01
        18         2       -4.471403e-01
        19         2        2.842549e-02
        20         2       -2.722568e-01
        21         2        3.720016e-01
        22         2       -7.492717e-02
        23         2       -6.180243e-02
        24         2        2.657957e-02
        25         2       -9.232645e-01
        26         2       -2.644946e-01
        27         2       -1.378964e+00
        28         2        7.401287e-01
        29         2       -1.210891e+00
        30         2       -9.321027e-01
        31         2        7.477484e-01
        32         2        3.385320e-01
        33         2        2.300044e+00
        34         2        2.024065e+00
        35         2        9.944024e-01
        36         2       -5.951750e-01
        37         2       -1.081059e+00
        38         2        8.713674e-01
        39         2        6.869524e-01
        40         2       -1.337547e+00
        41         2       -6.527017e-01
        42         2       -3.816321e-01
        43         2       -5.551435e-01
        44         2        2.506974e+00
        45         2       -2.721585e+00
        46         2       -8.918103e-01
        47         2       -1.743840e-01
        48         2        1.855102e-01
        49         2       -3.555930e-01
        50         2        4.183708e-01
        51         2       -3.063093e+00
        52         2       -2.022312e-01
        53         2       -4.273295e-01
        54         2        2.001479e-01
        55         2       -4.388747e-01
        56         2        8.617576e-01
        57         2        1.413217e+00
        58         2        1.500288e-01
        59         2        7.647990e-01
        60         2       -1.353501e+00
        61         2        9.016047e-01
        62         2       -5.621669e-01
        63         2        4.953947e-01
        64         2       -6.597918e-01
        65         2        1.321045e-01
        66         2        4.347719e-01
        67         2       -5.486539e-01
        68         2       -7.085533e-02
        69         2        9.623503e-01
        70         2        2.902976e-01
        71         2       -3.482308e-01
        72         2       -5.375272e-01
        73         2       -7.518088e-04
         1         3        5.085403e-01
         2         3        2.184529e+00
         3         3        7.985843e-01
         4         3        2.174399e+00
         5         3        1.991894e+00
         6         3        8.381518e-02
         7         3        1.924982e+00
         8         3        1.336270e+00
         9         3        3.897614e-01
        10         3        2.850658e+00
        11         3       -9.018500e-01
        12         3        7.926887e-01
        13         3       -5.957324e-01
        14         3       -5.014659e-02
        15         3        8.618314e-02
        16         3       -7.689241e-01
        17         3        1.280655e-01
        18         3        8.339010e-01
        19         3        2.685591e-01
        20         3        8.095749e-01
        21         3        4.342039e-02
        22         3        1.093978e+00
        23         3        1.550832e-01
        24         3       -2.376555e-01
        25         3        3.444203e-01
        26         3       -1.830394e+00
        27         3        1.805974e-01
        28         3        7.332671e-02
        29         3       -7.687106e-01
        30         3       -9.583849e-01
        31         3       -1.307158e+00
        32         3       -1.517916e-01
        33         3        3.169968e-01
        34         3        4.383977e-01
        35         3       -8.998958e-01
        36         3        4.168411e-01
        37         3        1.185852e+00
        38         3       -1.950072e+00
        39         3       -6.959222e-01
        40         3        6.657928e-01
        41         3       -3.804538e-01
        42         3       -6.232303e-01
        43         3        1.167834e+00
        44         3       -4.038711e-01
        45         3       -1.151868e+00
        46         3        6.761746e-01
        47         3        1.961168e+00
        48         3        1.302225e+00
        49         3       -1.076146e-01
        50         3        3.899166e-01
        51         3       -1.020359e+00
        52         3        7.654467e-01
        53         3       -6.111070e-02
        54         3        5.103766e-01
        55         3        5.932452e-02
        56         3       -1.563026e+00
        57         3        3.959116e-01
        58         3        2.409503e+00
        59         3        1.782734e-01
        60         3        2.886135e+00
        61         3       -3.511439e-01
        62         3       -9.564457e-01
        63         3        1.900570e-01
        64         3        1.581587e-02
        65         3        7.386646e-01
        66         3        5.229627e-02
        67         3        1.628217e-02
        68         3       -8.008398e-02
        69         3       -7.677333e-01
        70         3       -1.522688e+00
        71         3        9.454016e-02
        72         3       -8.437381e-02
        73         3        9.493910e-01
         1         4       -4.219556e-01
         2         4       -3.527699e-02
         3         4        2.730452e-01
         4         4        8.851020e-01
         5         4       -7.237955e-01
         6         4       -8.338476e-01
         7         4       -3.798292e-01
         8         4        7.969707e-01
         9         4        1.215445e+00
        10         4        1.129115e+00
        11         4       -6.243167e-02
        12         4       -1.994468e+00
        13         4       -1.215296e+00
        14         4       -2.968525e-01
        15         4       -1.255180e-01
        16         4        5.699741e-01
        17         4        4.164260e-01
        18         4       -3.524787e-01
        19         4        9.268058e-01
        20         4        7.519762e-01
        21         4       -2.586408e-01
        22         4       -4.722194e-01
        23         4        1.935986e+00
        24         4        1.195434e+00
        25         4        1.021355e-01
        26         4       -2.366818e-01
        27         4       -3.946969e-01
        28         4        1.100117e+00
        29         4       -1.730346e+00
        30         4       -9.314706e-01
        31         4       -4.722135e-01
        32         4       -1.320422e+00
        33         4       -9.099808e-01
        34         4       -1.442590e-01
        35         4       -3.233712e-01
        36         4       -3.522165e-01
        37         4        2.422315e-01
        38         4       -6.198975e-01
        39         4        5.581051e-01
        40         4       -3.957434e-01
        41         4       -1.055740e+00
        42         4       -4.873610e-01
        43         4        3.019824e-01
        44         4        4.508692e-02
        45         4        1.189784e+00
        46         4        6.271934e-01
        47         4        1.264597e-01
        48         4       -2.985491e+00
        49         4        3.340627e-01
        50         4        1.405023e+00
        51         4       -6.408200e-01
        52         4       -5.153800e-01
        53         4        3.288319e-01
        54         4       -1.585913e+00
        55         4       -1.724260e+00
        56         4        4.532994e-01
        57         4        8.755461e-01
        58         4        3.694030e-01
        59         4        4.418868e-01
        60         4       -5.826350e-01
        61         4        2.540337e-01
        62         4       -1.422639e+00
        63         4       -3.460196e-01
        64         4       -1.700133e+00
        65         4        1.664123e+00
        66         4        1.184770e+00
        67         4       -9.996912e-01
        68         4        1.882725e+00
        69         4        4.163626e-01
        70         4        7.075578e-01
        71         4        6.525539e-01
        72         4       -2.160852e-01
        73         4       -8.774300e-01
         1         5        1.678610e+00
         2         5        1.039842e-01
         3         5        3.248171e-01
         4         5        4.890185e-01
         5         5        1.808419e+00
         6         5       -1.719616e+00
         7         5       -6.266108e-01
         8         5        5.952956e-01
         9         5       -9.384008e-01
        10         5        3.174081e-01
        11         5        9.437222e-01
        12         5       -2.520477e-01
        13         5       -7.308964e-01
        14         5       -2.940227e-01
        15         5       -1.892374e-01
        16         5        4.985796e-01
        17         5        7.337527e-01
        18         5        6.768226e-02
        19         5       -1.520734e+00
        20         5       -2.055036e-01
        21         5        1.118367e+00
        22         5        6.713993e-01
        23         5       -4.181616e-01
        24         5        9.188805e-01
        25         5        1.625638e+00
        26         5       -1.424112e+00
        27         5       -5.923376e-01
        28         5       -2.757649e-01
        29         5       -2.090260e+00
        30         5        1.892624e+00
        31         5       -1.866600e-02
        32         5        3.188707e-01
        33         5       -1.808605e-01
        34         5        4.469356e-01
        35         5       -1.525546e-01
        36         5        1.206680e+00
        37         5        1.798250e+00
        38         5       -1.318699e+00
        39         5       -9.430137e-01
        40         5       -3.384922e-02
        41         5       -2.908966e-01
        42         5        8.907717e-01
        43         5       -4.344408e-01
        44         5       -1.914528e+00
        45         5       -7.321183e-01
        46         5        9.538965e-01
        47         5       -3.399761e-01
        48         5        1.291664e-01
        49         5       -6.731123e-01
        50         5       -2.366782e-01
        51         5       -1.335175e+00
        52         5       -1.297720e-01
        53         5        5.103662e-01
        54         5        1.579219e+00
        55         5        8.105742e-01
        56         5        3.862821e-01
        57         5        8.264528e-01
        58         5       -1.406897e+00
        59         5        5.430370e-01
        60         5       -9.073247e-01
        61         5       -7.532012e-01
        62         5        1.817842e-01
        63         5       -3.261321e-01
        64         5        8.999686e-01
        65         5        2.252669e-01
        66         5        1.792062e+00
        67         5       -5.104062e-01
        68         5        1.921761e-01
        69         5       -2.641186e-01
        70         5        3.742446e-01
        71         5       -3.261490e-01
        72         5        4.611468e-01
        73         5       -1.837170e+00
;

param theta:=
    1        1.670958e+00
    2        1.723108e+00
    3       -9.283244e-01
    4        3.530591e-01
    5       -2.358438e+00
;
param X_true:=
    1       -9.271412e-01
    2       -1.911718e+00
    3       -2.191235e+00
    4       -5.760308e+00
    5       -5.787575e+00
    6        2.657953e+00
    7       -1.257408e+00
    8        3.780632e-01
    9       -1.895788e+00
   10       -2.904353e+00
   11        5.298127e-01
   12       -2.019429e+00
   13        1.449322e+00
   14        6.232966e-01
   15        2.047093e-01
   16       -4.010401e+00
   17       -2.431025e+00
   18       -3.193526e+00
   19        2.111209e+00
   20       -9.968175e-01
   21       -1.539669e+00
   22       -2.987894e+00
   23       -2.351987e-02
   24       -8.219181e-01
   25       -7.688393e+00
   26        6.362434e+00
   27       -3.491427e+00
   28        4.098041e+00
   29        4.462406e+00
   30       -5.086660e+00
   31       -1.247658e-02
   32        6.898905e-01
   33        5.310511e-01
   34        1.359904e+00
   35        4.043655e+00
   36       -3.552162e+00
   37       -2.941923e+00
   38        5.116922e+00
   39        6.192165e+00
   40       -6.115774e+00
   41       -1.126574e+00
   42       -7.940736e-01
   43       -4.508648e-01
   44        6.331548e+00
   45       -1.243349e-01
   46       -2.804713e+00
   47       -3.663603e-01
   48       -2.283554e+00
   49       -1.292643e+00
   50       -2.184977e+00
   51       -5.259139e-01
   52        1.339646e+00
   53       -5.111804e+00
   54       -3.112816e+00
   55        1.924732e+00
   56        1.150041e+00
   57        5.834673e-01
   58       -3.690564e-01
   59       -4.426101e-01
   60       -2.203364e+00
   61        4.757098e+00
   62       -2.938089e+00
   63        1.967910e+00
   64       -2.679856e+00
   65        1.393227e+00
   66       -5.187127e+00
   67        3.518990e-01
   68       -1.929800e+00
   69        3.533707e+00
   70        1.115399e+00
   71        1.193773e+00
   72        2.368573e+00
   73        3.425858e+00
;
param X:=
    1        5.296021e-01
    2        1.534819e+00
    3        4.668482e-01
    4        8.319624e-02
    5        3.926868e-01
    6        2.657953e+00
    7        5.385829e-01
    8        2.400817e-02
    9       -7.372939e-01
   10        1.343030e+00
   11       -2.454179e-01
   12        5.126903e-01
   13        6.344015e-01
   14        7.545655e-01
   15       -2.036941e-01
   16       -4.237163e-02
   17       -2.431025e+00
   18        4.172595e-01
   19        2.111209e+00
   20       -1.577190e-01
   21        2.938408e-01
   22       -2.172000e-02
   23        8.153518e-01
   24       -1.529455e+00
   25       -1.153483e+00
   26       -1.079371e+00
   27       -3.055650e-01
   28       -4.296742e-02
   29        1.235951e-01
   30       -7.584420e-01
   31       -8.137338e-01
   32       -1.570352e-01
   33       -2.895038e-01
   34       -1.659288e-01
   35        1.076748e+00
   36        1.781950e-01
   37       -1.001567e-01
   38       -1.004161e+00
   39        7.980781e-01
   40       -9.433273e-01
   41        1.136336e+00
   42       -1.932910e-01
   43        1.971225e+00
   44        3.876626e-01
   45       -9.353638e-01
   46        1.273317e-01
   47        2.520231e+00
   48        1.264622e+00
   49        9.459594e-01
   50       -1.204516e-02
   51       -1.005181e+00
   52        9.908395e-02
   53       -5.989453e-01
   54       -1.138009e+00
   55       -2.999506e-01
   56       -1.397041e+00
   57        7.751521e-01
   58        1.497113e+00
   59        6.897953e-01
   60        1.415273e+00
   61       -5.624443e-02
   62       -6.401088e-01
   63       -7.349230e-01
   64       -8.960058e-01
   65       -8.888099e-01
   66       -4.231188e-01
   67        5.485975e-01
   68       -7.203219e-01
   69        5.309944e-01
   70       -9.847064e-01
   71        1.193773e+00
   72       -7.239963e-01
   73        3.425858e+00
;
param outliervec:=
    1    1
    2    1
    3    1
    4    1
    5    1
    6    0
    7    1
    8    1
    9    1
   10    1
   11    1
   12    1
   13    1
   14    1
   15    1
   16    1
   17    0
   18    1
   19    0
   20    1
   21    1
   22    1
   23    1
   24    1
   25    1
   26    1
   27    1
   28    1
   29    1
   30    1
   31    1
   32    1
   33    1
   34    1
   35    1
   36    1
   37    1
   38    1
   39    1
   40    1
   41    1
   42    1
   43    1
   44    1
   45    1
   46    1
   47    1
   48    1
   49    1
   50    1
   51    1
   52    1
   53    1
   54    1
   55    1
   56    1
   57    1
   58    1
   59    1
   60    1
   61    1
   62    1
   63    1
   64    1
   65    1
   66    1
   67    1
   68    1
   69    1
   70    1
   71    0
   72    1
   73    0
; 
param greedy_time :=         3.856864e-01
;