data;


param FN:= 1;
param D:= 100;
param U_Original:=
         1         1        8.315678e-01
         2         1       -7.128455e-01
         3         1        5.338865e-03
         4         1        1.396330e+00
         5         1       -2.670824e-01
         6         1       -2.912943e-01
         7         1       -9.251395e-01
         8         1        1.607908e+00
         9         1       -1.528609e+00
        10         1       -3.678414e-01
        11         1       -5.476210e-02
        12         1       -9.009552e-01
        13         1       -4.323643e-01
        14         1        3.846782e-01
        15         1        6.921168e-01
        16         1       -6.568443e-02
        17         1        4.854204e-01
        18         1        6.009812e-01
        19         1        6.389554e-01
        20         1       -3.742361e-01
        21         1       -1.218854e-02
        22         1        4.972787e-02
        23         1       -4.409079e-01
        24         1        9.124408e-01
        25         1        1.234104e+00
        26         1       -3.374722e-01
        27         1        8.853521e-02
        28         1       -3.435117e-01
        29         1        5.203295e-01
        30         1        4.078960e-01
        31         1       -7.065123e-01
        32         1       -3.515712e-01
        33         1        1.125608e-01
        34         1       -9.753372e-01
        35         1        7.334787e-01
        36         1        1.418491e+00
        37         1       -5.206370e-02
        38         1        1.084019e+00
        39         1        6.425362e-01
        40         1       -5.109886e-01
        41         1       -2.049099e+00
        42         1       -2.320603e+00
        43         1        1.663296e+00
        44         1        9.236477e-01
        45         1        2.236269e+00
        46         1        1.203334e+00
        47         1        8.374499e-01
        48         1       -1.148932e+00
        49         1       -3.676744e-02
        50         1        4.046945e-01
        51         1       -1.313471e+00
        52         1       -1.023173e-01
        53         1       -1.519426e-01
        54         1        9.327544e-02
        55         1       -4.899312e-01
        56         1        1.191947e+00
        57         1       -1.518374e+00
        58         1        9.679713e-01
        59         1        8.152552e-01
        60         1        2.065364e-02
        61         1        4.696095e-01
        62         1        8.870928e-01
        63         1       -1.074526e-01
        64         1        1.243461e+00
        65         1       -5.918141e-02
        66         1        7.042349e-01
        67         1        1.369084e+00
        68         1        7.355839e-01
        69         1        1.772150e-01
        70         1        8.888944e-02
        71         1        1.313131e-01
        72         1        1.561471e+00
        73         1        3.663255e-01
        74         1        8.926531e-01
        75         1       -1.122155e+00
        76         1        1.084583e+00
        77         1        3.020375e-03
        78         1        1.081612e+00
        79         1       -1.147362e+00
        80         1       -1.101979e+00
        81         1       -1.286499e+00
        82         1        1.476657e+00
        83         1        9.402398e-01
        84         1       -8.708027e-01
        85         1       -1.383984e+00
        86         1       -1.511023e+00
        87         1       -1.388310e-01
        88         1        6.080086e-01
        89         1       -8.989952e-01
        90         1       -9.890526e-01
        91         1       -2.104438e+00
        92         1       -7.777801e-01
        93         1       -7.297257e-01
        94         1        1.807512e-01
        95         1       -1.575914e+00
        96         1       -7.592089e-01
        97         1        2.164679e+00
        98         1        8.118721e-01
        99         1        1.391272e-02
       100         1       -1.458934e+00
         1         2       -6.825056e-01
         2         2        7.159792e-01
         3         2       -5.097154e-01
         4         2        1.960166e-01
         5         2        7.162447e-01
         6         2        3.613856e-01
         7         2        2.077298e-01
         8         2        1.235199e+00
         9         2       -4.340369e-01
        10         2       -1.971720e+00
        11         2        1.192479e+00
        12         2       -1.107498e-01
        13         2       -1.355565e+00
        14         2       -8.034053e-01
        15         2        7.677034e-01
        16         2       -8.492912e-01
        17         2        1.355305e-01
        18         2        3.516301e-01
        19         2        6.353340e-01
        20         2        2.098083e-01
        21         2        3.642246e-01
        22         2        3.171589e-01
        23         2        2.100727e-01
        24         2       -1.372872e+00
        25         2        5.454725e-01
        26         2       -4.679542e-01
        27         2        3.597641e-01
        28         2        2.078673e-01
        29         2       -1.428918e+00
        30         2        5.700715e-01
        31         2       -8.295628e-02
        32         2        5.927044e-01
        33         2        2.691070e-01
        34         2        5.933000e-01
        35         2       -1.494756e-01
        36         2       -1.638447e+00
        37         2        1.534009e+00
        38         2        4.425117e-01
        39         2        9.712838e-02
        40         2       -1.061782e+00
        41         2        4.838383e-01
        42         2       -2.579111e-01
        43         2       -1.007339e+00
        44         2       -9.809824e-03
        45         2        7.849926e-01
        46         2       -3.105644e-01
        47         2        1.574133e+00
        48         2       -3.044411e-01
        49         2       -1.087874e-01
        50         2       -5.942591e-01
        51         2       -5.824618e-01
        52         2       -1.524843e+00
        53         2       -1.719675e+00
        54         2        8.391212e-01
        55         2        4.799298e-01
        56         2       -4.705875e-01
        57         2        5.596950e-01
        58         2        8.558831e-01
        59         2        2.040871e-01
        60         2       -8.743149e-01
        61         2        2.469577e-01
        62         2       -6.675883e-01
        63         2       -7.401896e-01
        64         2       -6.768823e-03
        65         2       -7.820196e-02
        66         2        4.258792e-01
        67         2       -1.141127e+00
        68         2        7.952982e-01
        69         2       -9.442768e-01
        70         2        1.006562e-01
        71         2       -1.277417e+00
        72         2       -5.666360e-01
        73         2        7.359917e-01
        74         2       -3.461461e-01
        75         2       -7.508624e-01
        76         2        8.785534e-01
        77         2        1.842410e+00
        78         2        6.754410e-01
        79         2        5.980576e-03
        80         2        1.201812e+00
        81         2       -7.660102e-01
        82         2        1.283126e-01
        83         2        1.145368e-01
        84         2        1.026320e+00
        85         2        8.509694e-01
        86         2       -9.822714e-01
        87         2        9.005394e-01
        88         2        1.684155e+00
        89         2        5.261971e-01
        90         2       -1.201522e+00
        91         2       -8.361102e-01
        92         2        7.837195e-02
        93         2       -5.913629e-01
        94         2        6.277603e-01
        95         2       -1.052431e-01
        96         2       -1.518132e-01
        97         2        1.236183e+00
        98         2       -5.862863e-01
        99         2       -6.242479e-01
       100         2        5.550786e-01
         1         3       -2.257808e+00
         2         3       -6.050992e-01
         3         3        4.136143e-02
         4         3        1.720089e-01
         5         3        1.130324e+00
         6         3        1.156271e+00
         7         3        9.733803e-01
         8         3        9.015326e-01
         9         3       -2.095629e-01
        10         3        2.187742e+00
        11         3       -9.022984e-01
        12         3       -1.566886e-01
        13         3        8.886426e-01
        14         3        2.907845e-01
        15         3       -2.239509e-01
        16         3       -1.462050e+00
        17         3        1.081139e+00
        18         3       -2.234107e+00
        19         3       -1.419857e+00
        20         3        3.736217e-01
        21         3       -6.074779e-01
        22         3        6.920174e-01
        23         3       -3.718204e-01
        24         3        8.066201e-02
        25         3       -5.607735e-01
        26         3        1.204606e+00
        27         3        1.699045e+00
        28         3       -3.423166e-01
        29         3        3.685020e-01
        30         3       -9.677545e-01
        31         3        7.010718e-01
        32         3       -2.758985e-01
        33         3       -1.894655e+00
        34         3       -9.186033e-01
        35         3       -5.182440e-01
        36         3       -2.616430e-01
        37         3        1.245738e+00
        38         3        3.423752e-01
        39         3       -4.029224e-01
        40         3       -1.287647e+00
        41         3        1.191414e+00
        42         3        9.873761e-01
        43         3        9.119455e-01
        44         3       -1.928948e+00
        45         3        8.040626e-01
        46         3        1.992943e+00
        47         3        9.397453e-01
        48         3        1.037673e+00
        49         3       -1.229442e+00
        50         3        1.339946e-01
        51         3        1.075654e+00
        52         3        2.324195e-01
        53         3        8.930550e-01
        54         3        1.087242e+00
        55         3        6.735046e-01
        56         3       -9.279668e-01
        57         3       -1.066695e-01
        58         3        1.346631e-02
        59         3       -1.029258e+00
        60         3        7.880437e-01
        61         3       -1.710586e+00
        62         3       -3.636209e-01
        63         3       -2.680369e-02
        64         3       -3.202011e-01
        65         3       -6.351982e-01
        66         3       -2.391218e-01
        67         3        3.625350e-01
        68         3       -8.302452e-01
        69         3       -2.981498e-01
        70         3        1.472100e+00
        71         3        1.388588e+00
        72         3        3.979698e-01
        73         3       -1.348596e+00
        74         3       -6.114092e-02
        75         3       -1.311148e+00
        76         3        8.563576e-01
        77         3        4.499869e-01
        78         3       -1.060454e-01
        79         3        8.959455e-01
        80         3       -8.256233e-01
        81         3        3.128337e-02
        82         3        2.097476e+00
        83         3       -5.509981e-01
        84         3        2.720945e-01
        85         3        1.238444e+00
        86         3       -1.306468e+00
        87         3        6.383797e-01
        88         3       -1.483443e+00
        89         3        3.809095e-02
        90         3        3.681667e-01
        91         3        7.113432e-01
        92         3        7.309025e-01
        93         3        4.079107e-01
        94         3       -8.460736e-01
        95         3        8.691169e-01
        96         3        1.504072e+00
        97         3       -1.049536e+00
        98         3       -9.458991e-01
        99         3        3.046897e-02
       100         3       -3.963481e-01
         1         4        4.579864e-01
         2         4       -1.234890e+00
         3         4        3.596008e-01
         4         4        1.046359e+00
         5         4       -1.826809e+00
         6         4        1.263361e+00
         7         4        1.182750e+00
         8         4        9.327309e-01
         9         4       -1.150951e-01
        10         4       -1.062695e+00
        11         4       -1.773228e+00
        12         4        5.337278e-01
        13         4        3.594334e-01
        14         4       -1.214337e-01
        15         4       -7.666950e-01
        16         4        2.236855e-02
        17         4        8.707041e-02
        18         4        1.043625e+00
        19         4        4.411450e-01
        20         4       -2.279781e+00
        21         4       -7.753131e-02
        22         4       -8.583175e-01
        23         4       -1.133707e+00
        24         4        3.138429e-01
        25         4        9.500719e-01
        26         4        1.653663e+00
        27         4        1.573814e+00
        28         4        2.148177e-01
        29         4        8.621110e-01
        30         4        7.311255e-01
        31         4        7.332470e-01
        32         4        7.418718e-01
        33         4       -2.665827e-01
        34         4       -1.272187e+00
        35         4        3.094562e+00
        36         4        1.397857e+00
        37         4       -2.210401e+00
        38         4       -8.005957e-01
        39         4       -1.662764e-02
        40         4        1.819808e-01
        41         4       -8.700301e-02
        42         4       -4.277562e-01
        43         4       -1.103003e+00
        44         4        1.003688e+00
        45         4       -1.186168e+00
        46         4       -4.996107e-01
        47         4       -1.545751e-01
        48         4       -1.222912e+00
        49         4        1.077348e+00
        50         4        2.418645e+00
        51         4        1.473293e+00
        52         4        7.342048e-02
        53         4        5.520843e-01
        54         4       -1.211963e+00
        55         4       -1.611403e+00
        56         4        2.506671e+00
        57         4       -4.687414e-01
        58         4       -1.122552e+00
        59         4        1.967419e-02
        60         4       -1.732469e+00
        61         4       -1.039877e+00
        62         4        1.269055e-01
        63         4        3.454824e-02
        64         4        1.537819e+00
        65         4       -1.131922e+00
        66         4       -1.243370e+00
        67         4       -9.317191e-02
        68         4       -6.808455e-03
        69         4       -1.067609e-01
        70         4        5.621687e-01
        71         4       -7.380718e-01
        72         4       -4.583003e-01
        73         4        1.024302e+00
        74         4       -2.042134e-01
        75         4        6.655213e-01
        76         4        8.635315e-01
        77         4        2.142076e-01
        78         4        4.029381e-01
        79         4        1.458836e+00
        80         4        4.400778e-02
        81         4        1.401278e+00
        82         4        1.719286e+00
        83         4       -1.256750e+00
        84         4        6.120577e-01
        85         4       -7.169662e-01
        86         4        1.363046e-01
        87         4        8.320724e-01
        88         4        3.478329e-01
        89         4        4.615323e-01
        90         4        1.268653e+00
        91         4        1.826616e+00
        92         4       -9.355804e-01
        93         4        1.120304e+00
        94         4        7.523787e-02
        95         4        7.577784e-01
        96         4        6.180821e-01
        97         4        2.113133e-01
        98         4       -6.898881e-01
        99         4       -4.225117e-01
       100         4       -2.673132e+00
         1         5        4.184160e-01
         2         5        1.545855e+00
         3         5        3.343148e-01
         4         5        6.104380e-01
         5         5        1.284369e+00
         6         5        7.686866e-02
         7         5        2.249957e-02
         8         5        5.317137e-01
         9         5        1.147906e+00
        10         5       -4.379385e-01
        11         5       -2.715705e-02
        12         5       -1.503940e+00
        13         5       -2.010489e-01
        14         5        9.137605e-01
        15         5       -1.562432e+00
        16         5        5.219008e-01
        17         5       -2.763015e+00
        18         5        3.123181e-01
        19         5       -6.139945e-01
        20         5       -1.278828e+00
        21         5       -7.409499e-01
        22         5        2.227911e-01
        23         5       -2.106998e+00
        24         5        1.199836e+00
        25         5        1.831595e-01
        26         5       -1.315909e-01
        27         5        1.495994e+00
        28         5        4.665848e-01
        29         5        6.409865e-01
        30         5       -1.314141e+00
        31         5        4.017561e-01
        32         5       -2.293020e+00
        33         5        2.826077e-01
        34         5        1.482763e-01
        35         5       -1.037266e-01
        36         5        1.651907e+00
        37         5       -1.179483e+00
        38         5       -1.195632e+00
        39         5       -9.206853e-01
        40         5        9.871633e-02
        41         5        2.094733e-01
        42         5       -1.864358e+00
        43         5        7.896215e-01
        44         5        3.815921e-01
        45         5        6.603861e-01
        46         5        6.520548e-01
        47         5        1.006899e+00
        48         5       -3.607730e-02
        49         5       -1.224520e+00
        50         5       -9.452022e-01
        51         5       -4.968628e-01
        52         5        2.472296e-01
        53         5       -5.809196e-01
        54         5       -6.415545e-01
        55         5        1.117333e+00
        56         5       -9.178583e-02
        57         5        1.562072e-01
        58         5       -5.018701e-01
        59         5        3.245062e-01
        60         5        8.058490e-02
        61         5        7.582124e-01
        62         5       -2.170550e-01
        63         5       -3.744363e-01
        64         5        4.515398e-01
        65         5       -1.187902e+00
        66         5       -2.743504e-01
        67         5        1.727060e-01
        68         5       -1.809796e-01
        69         5       -2.399979e-01
        70         5        2.356857e-01
        71         5       -1.177966e+00
        72         5        3.810889e-01
        73         5       -3.514586e-01
        74         5       -1.764607e+00
        75         5       -6.389914e-02
        76         5        2.983315e+00
        77         5        3.423161e-01
        78         5        2.708627e-01
        79         5        4.414450e-01
        80         5       -4.990173e-01
        81         5       -3.506135e-01
        82         5        6.895288e-01
        83         5        1.935147e+00
        84         5       -1.369040e-01
        85         5        4.873781e-01
        86         5       -2.571569e-02
        87         5       -4.337687e-01
        88         5        8.557584e-02
        89         5        1.536443e+00
        90         5        1.097528e+00
        91         5        5.767459e-01
        92         5       -4.529412e-01
        93         5       -1.667560e+00
        94         5        7.911574e-02
        95         5        8.068527e-01
        96         5       -7.319272e-02
        97         5       -2.469548e+00
        98         5        6.250022e-02
        99         5        1.094891e+00
       100         5       -1.748622e-01
;
param X_Original:=
    1        8.365467e-01
    2        5.171474e-01
    3       -2.271850e-01
    4        2.335782e-01
    5       -8.521201e-01
    6        1.202162e+00
    7       -7.558053e-01
    8        2.105843e+00
    9        3.609835e-01
   10       -1.232537e+00
   11       -1.779257e+00
   12       -2.106537e+00
   13       -8.269331e-01
   14       -9.329314e-01
   15       -2.376121e+00
   16        6.090455e-01
   17        5.616702e+00
   18       -1.323171e-01
   19       -4.288041e-01
   20        1.383428e+00
   21       -4.687202e-01
   22       -8.335954e-01
   23        3.894379e-02
   24        2.331288e-01
   25       -6.137501e-01
   26       -8.737314e-01
   27       -9.880477e-01
   28       -4.686754e-01
   29        1.800392e+00
   30        2.342686e+00
   31       -1.841581e+00
   32        3.978577e-03
   33       -1.284738e+00
   34        8.806283e-02
   35        1.452375e+00
   36        4.282096e-01
   37        1.623675e+00
   38       -1.395794e+00
   39        2.295213e+00
   40       -1.284345e-01
   41        1.473732e+00
   42       -4.653846e-01
   43       -2.087663e-02
   44        1.132876e+00
   45       -1.445060e-01
   46       -1.067454e+00
   47        5.987282e-01
   48        1.474674e+00
   49        9.806190e-01
   50       -1.321182e+00
   51       -2.804212e-01
   52       -7.923073e-01
   53       -9.228673e-01
   54        1.592518e+00
   55       -3.562194e+00
   56        4.675129e-01
   57       -5.262106e-01
   58       -1.076348e+00
   59       -7.058148e-01
   60        5.820977e-02
   61       -5.649039e-01
   62       -3.590699e-01
   63       -1.616832e+00
   64        2.088152e+00
   65       -1.110011e+00
   66       -1.388233e+00
   67       -1.734833e-01
   68       -3.039393e-01
   69       -3.564002e-01
   70        5.146641e-01
   71        1.607269e+00
   72       -8.546774e-01
   73        7.600092e-01
   74       -3.568379e-01
   75       -3.407699e-01
   76       -2.950759e-01
   77       -1.980493e+00
   78       -9.182341e-01
   79        8.059994e-01
   80       -3.298067e-01
   81       -1.196195e+00
   82       -1.118036e+00
   83       -2.752158e+00
   84       -2.684180e-01
   85       -1.210550e+00
   86       -2.692901e-01
   87        1.741764e+00
   88       -4.132498e-01
   89       -1.548458e+00
   90       -1.224215e-01
   91        2.139723e+00
   92        5.526451e-01
   93        2.372377e+00
   94        3.791322e-02
   95        1.650656e-01
   96        1.893731e+00
   97        1.446340e+00
   98        2.323579e-02
   99        4.016956e-01
  100       -1.729025e+00
;
param outliervec_original :=
    1    1
    2    1
    3    1
    4    1
    5    1
    6    0
    7    1
    8    1
    9    1
   10    1
   11    0
   12    1
   13    1
   14    1
   15    1
   16    1
   17    0
   18    1
   19    1
   20    1
   21    1
   22    1
   23    1
   24    1
   25    1
   26    1
   27    1
   28    1
   29    1
   30    1
   31    1
   32    1
   33    0
   34    1
   35    1
   36    1
   37    1
   38    1
   39    0
   40    1
   41    1
   42    1
   43    1
   44    1
   45    1
   46    1
   47    0
   48    1
   49    1
   50    1
   51    1
   52    0
   53    1
   54    1
   55    0
   56    1
   57    1
   58    1
   59    1
   60    1
   61    1
   62    1
   63    1
   64    1
   65    1
   66    1
   67    1
   68    1
   69    1
   70    1
   71    0
   72    1
   73    1
   74    1
   75    1
   76    1
   77    1
   78    1
   79    1
   80    1
   81    1
   82    1
   83    0
   84    0
   85    1
   86    1
   87    0
   88    1
   89    1
   90    1
   91    1
   92    1
   93    0
   94    0
   95    1
   96    1
   97    1
   98    0
   99    1
  100    1
;
param d:= 74;
param r:=5;
param p:=0.840000;
param M:=1000;
param U:=
         1         1        5.338865e-03
         2         1        1.396330e+00
         3         1       -2.670824e-01
         4         1       -2.912943e-01
         5         1        1.607908e+00
         6         1       -5.476210e-02
         7         1        3.846782e-01
         8         1       -6.568443e-02
         9         1        4.854204e-01
        10         1        6.009812e-01
        11         1        6.389554e-01
        12         1       -3.742361e-01
        13         1       -1.218854e-02
        14         1        4.972787e-02
        15         1       -4.409079e-01
        16         1        9.124408e-01
        17         1        1.234104e+00
        18         1        8.853521e-02
        19         1       -3.435117e-01
        20         1        5.203295e-01
        21         1        4.078960e-01
        22         1        1.125608e-01
        23         1        7.334787e-01
        24         1        1.418491e+00
        25         1       -5.206370e-02
        26         1        6.425362e-01
        27         1       -5.109886e-01
        28         1        1.663296e+00
        29         1        9.236477e-01
        30         1        2.236269e+00
        31         1        1.203334e+00
        32         1       -3.676744e-02
        33         1       -1.023173e-01
        34         1        9.327544e-02
        35         1       -4.899312e-01
        36         1        1.191947e+00
        37         1       -1.518374e+00
        38         1        9.679713e-01
        39         1        8.152552e-01
        40         1        2.065364e-02
        41         1        4.696095e-01
        42         1        8.870928e-01
        43         1        1.243461e+00
        44         1       -5.918141e-02
        45         1        7.042349e-01
        46         1        1.369084e+00
        47         1        7.355839e-01
        48         1        1.772150e-01
        49         1        8.888944e-02
        50         1        1.313131e-01
        51         1        1.561471e+00
        52         1        3.663255e-01
        53         1       -1.122155e+00
        54         1        3.020375e-03
        55         1        1.081612e+00
        56         1       -1.147362e+00
        57         1       -1.101979e+00
        58         1        9.402398e-01
        59         1       -8.708027e-01
        60         1       -1.383984e+00
        61         1       -1.511023e+00
        62         1       -1.388310e-01
        63         1        6.080086e-01
        64         1       -8.989952e-01
        65         1       -9.890526e-01
        66         1       -2.104438e+00
        67         1       -7.777801e-01
        68         1       -7.297257e-01
        69         1        1.807512e-01
        70         1       -1.575914e+00
        71         1       -7.592089e-01
        72         1        2.164679e+00
        73         1        8.118721e-01
        74         1       -1.458934e+00
         1         2       -5.097154e-01
         2         2        1.960166e-01
         3         2        7.162447e-01
         4         2        3.613856e-01
         5         2        1.235199e+00
         6         2        1.192479e+00
         7         2       -8.034053e-01
         8         2       -8.492912e-01
         9         2        1.355305e-01
        10         2        3.516301e-01
        11         2        6.353340e-01
        12         2        2.098083e-01
        13         2        3.642246e-01
        14         2        3.171589e-01
        15         2        2.100727e-01
        16         2       -1.372872e+00
        17         2        5.454725e-01
        18         2        3.597641e-01
        19         2        2.078673e-01
        20         2       -1.428918e+00
        21         2        5.700715e-01
        22         2        2.691070e-01
        23         2       -1.494756e-01
        24         2       -1.638447e+00
        25         2        1.534009e+00
        26         2        9.712838e-02
        27         2       -1.061782e+00
        28         2       -1.007339e+00
        29         2       -9.809824e-03
        30         2        7.849926e-01
        31         2       -3.105644e-01
        32         2       -1.087874e-01
        33         2       -1.524843e+00
        34         2        8.391212e-01
        35         2        4.799298e-01
        36         2       -4.705875e-01
        37         2        5.596950e-01
        38         2        8.558831e-01
        39         2        2.040871e-01
        40         2       -8.743149e-01
        41         2        2.469577e-01
        42         2       -6.675883e-01
        43         2       -6.768823e-03
        44         2       -7.820196e-02
        45         2        4.258792e-01
        46         2       -1.141127e+00
        47         2        7.952982e-01
        48         2       -9.442768e-01
        49         2        1.006562e-01
        50         2       -1.277417e+00
        51         2       -5.666360e-01
        52         2        7.359917e-01
        53         2       -7.508624e-01
        54         2        1.842410e+00
        55         2        6.754410e-01
        56         2        5.980576e-03
        57         2        1.201812e+00
        58         2        1.145368e-01
        59         2        1.026320e+00
        60         2        8.509694e-01
        61         2       -9.822714e-01
        62         2        9.005394e-01
        63         2        1.684155e+00
        64         2        5.261971e-01
        65         2       -1.201522e+00
        66         2       -8.361102e-01
        67         2        7.837195e-02
        68         2       -5.913629e-01
        69         2        6.277603e-01
        70         2       -1.052431e-01
        71         2       -1.518132e-01
        72         2        1.236183e+00
        73         2       -5.862863e-01
        74         2        5.550786e-01
         1         3        4.136143e-02
         2         3        1.720089e-01
         3         3        1.130324e+00
         4         3        1.156271e+00
         5         3        9.015326e-01
         6         3       -9.022984e-01
         7         3        2.907845e-01
         8         3       -1.462050e+00
         9         3        1.081139e+00
        10         3       -2.234107e+00
        11         3       -1.419857e+00
        12         3        3.736217e-01
        13         3       -6.074779e-01
        14         3        6.920174e-01
        15         3       -3.718204e-01
        16         3        8.066201e-02
        17         3       -5.607735e-01
        18         3        1.699045e+00
        19         3       -3.423166e-01
        20         3        3.685020e-01
        21         3       -9.677545e-01
        22         3       -1.894655e+00
        23         3       -5.182440e-01
        24         3       -2.616430e-01
        25         3        1.245738e+00
        26         3       -4.029224e-01
        27         3       -1.287647e+00
        28         3        9.119455e-01
        29         3       -1.928948e+00
        30         3        8.040626e-01
        31         3        1.992943e+00
        32         3       -1.229442e+00
        33         3        2.324195e-01
        34         3        1.087242e+00
        35         3        6.735046e-01
        36         3       -9.279668e-01
        37         3       -1.066695e-01
        38         3        1.346631e-02
        39         3       -1.029258e+00
        40         3        7.880437e-01
        41         3       -1.710586e+00
        42         3       -3.636209e-01
        43         3       -3.202011e-01
        44         3       -6.351982e-01
        45         3       -2.391218e-01
        46         3        3.625350e-01
        47         3       -8.302452e-01
        48         3       -2.981498e-01
        49         3        1.472100e+00
        50         3        1.388588e+00
        51         3        3.979698e-01
        52         3       -1.348596e+00
        53         3       -1.311148e+00
        54         3        4.499869e-01
        55         3       -1.060454e-01
        56         3        8.959455e-01
        57         3       -8.256233e-01
        58         3       -5.509981e-01
        59         3        2.720945e-01
        60         3        1.238444e+00
        61         3       -1.306468e+00
        62         3        6.383797e-01
        63         3       -1.483443e+00
        64         3        3.809095e-02
        65         3        3.681667e-01
        66         3        7.113432e-01
        67         3        7.309025e-01
        68         3        4.079107e-01
        69         3       -8.460736e-01
        70         3        8.691169e-01
        71         3        1.504072e+00
        72         3       -1.049536e+00
        73         3       -9.458991e-01
        74         3       -3.963481e-01
         1         4        3.596008e-01
         2         4        1.046359e+00
         3         4       -1.826809e+00
         4         4        1.263361e+00
         5         4        9.327309e-01
         6         4       -1.773228e+00
         7         4       -1.214337e-01
         8         4        2.236855e-02
         9         4        8.707041e-02
        10         4        1.043625e+00
        11         4        4.411450e-01
        12         4       -2.279781e+00
        13         4       -7.753131e-02
        14         4       -8.583175e-01
        15         4       -1.133707e+00
        16         4        3.138429e-01
        17         4        9.500719e-01
        18         4        1.573814e+00
        19         4        2.148177e-01
        20         4        8.621110e-01
        21         4        7.311255e-01
        22         4       -2.665827e-01
        23         4        3.094562e+00
        24         4        1.397857e+00
        25         4       -2.210401e+00
        26         4       -1.662764e-02
        27         4        1.819808e-01
        28         4       -1.103003e+00
        29         4        1.003688e+00
        30         4       -1.186168e+00
        31         4       -4.996107e-01
        32         4        1.077348e+00
        33         4        7.342048e-02
        34         4       -1.211963e+00
        35         4       -1.611403e+00
        36         4        2.506671e+00
        37         4       -4.687414e-01
        38         4       -1.122552e+00
        39         4        1.967419e-02
        40         4       -1.732469e+00
        41         4       -1.039877e+00
        42         4        1.269055e-01
        43         4        1.537819e+00
        44         4       -1.131922e+00
        45         4       -1.243370e+00
        46         4       -9.317191e-02
        47         4       -6.808455e-03
        48         4       -1.067609e-01
        49         4        5.621687e-01
        50         4       -7.380718e-01
        51         4       -4.583003e-01
        52         4        1.024302e+00
        53         4        6.655213e-01
        54         4        2.142076e-01
        55         4        4.029381e-01
        56         4        1.458836e+00
        57         4        4.400778e-02
        58         4       -1.256750e+00
        59         4        6.120577e-01
        60         4       -7.169662e-01
        61         4        1.363046e-01
        62         4        8.320724e-01
        63         4        3.478329e-01
        64         4        4.615323e-01
        65         4        1.268653e+00
        66         4        1.826616e+00
        67         4       -9.355804e-01
        68         4        1.120304e+00
        69         4        7.523787e-02
        70         4        7.577784e-01
        71         4        6.180821e-01
        72         4        2.113133e-01
        73         4       -6.898881e-01
        74         4       -2.673132e+00
         1         5        3.343148e-01
         2         5        6.104380e-01
         3         5        1.284369e+00
         4         5        7.686866e-02
         5         5        5.317137e-01
         6         5       -2.715705e-02
         7         5        9.137605e-01
         8         5        5.219008e-01
         9         5       -2.763015e+00
        10         5        3.123181e-01
        11         5       -6.139945e-01
        12         5       -1.278828e+00
        13         5       -7.409499e-01
        14         5        2.227911e-01
        15         5       -2.106998e+00
        16         5        1.199836e+00
        17         5        1.831595e-01
        18         5        1.495994e+00
        19         5        4.665848e-01
        20         5        6.409865e-01
        21         5       -1.314141e+00
        22         5        2.826077e-01
        23         5       -1.037266e-01
        24         5        1.651907e+00
        25         5       -1.179483e+00
        26         5       -9.206853e-01
        27         5        9.871633e-02
        28         5        7.896215e-01
        29         5        3.815921e-01
        30         5        6.603861e-01
        31         5        6.520548e-01
        32         5       -1.224520e+00
        33         5        2.472296e-01
        34         5       -6.415545e-01
        35         5        1.117333e+00
        36         5       -9.178583e-02
        37         5        1.562072e-01
        38         5       -5.018701e-01
        39         5        3.245062e-01
        40         5        8.058490e-02
        41         5        7.582124e-01
        42         5       -2.170550e-01
        43         5        4.515398e-01
        44         5       -1.187902e+00
        45         5       -2.743504e-01
        46         5        1.727060e-01
        47         5       -1.809796e-01
        48         5       -2.399979e-01
        49         5        2.356857e-01
        50         5       -1.177966e+00
        51         5        3.810889e-01
        52         5       -3.514586e-01
        53         5       -6.389914e-02
        54         5        3.423161e-01
        55         5        2.708627e-01
        56         5        4.414450e-01
        57         5       -4.990173e-01
        58         5        1.935147e+00
        59         5       -1.369040e-01
        60         5        4.873781e-01
        61         5       -2.571569e-02
        62         5       -4.337687e-01
        63         5        8.557584e-02
        64         5        1.536443e+00
        65         5        1.097528e+00
        66         5        5.767459e-01
        67         5       -4.529412e-01
        68         5       -1.667560e+00
        69         5        7.911574e-02
        70         5        8.068527e-01
        71         5       -7.319272e-02
        72         5       -2.469548e+00
        73         5        6.250022e-02
        74         5       -1.748622e-01
;

param theta:=
    1        1.669746e+00
    2        2.771331e-01
    3        4.608212e-01
    4        9.267655e-01
    5       -1.516559e+00
;
param X_true:=
    1       -2.891538e-01
    2        2.508407e+00
    3       -3.368747e+00
    4        1.202162e+00
    5        3.501785e+00
    6       -1.779257e+00
    7       -9.444216e-01
    8       -1.789688e+00
    9        5.616702e+00
   10        5.626894e-01
   11        1.927782e+00
   12       -5.684394e-01
   13        8.533048e-01
   14       -6.445022e-01
   15        1.295151e+00
   16       -3.486805e-01
   17        2.556273e+00
   18        2.202088e-01
   19       -1.183378e+00
   20        4.693138e-01
   21        3.064747e+00
   22       -1.284738e+00
   23        3.970302e+00
   24        5.857337e-01
   25        6.525832e-01
   26        2.295213e+00
   27       -1.722630e+00
   28        7.008323e-01
   29        1.002605e+00
   30        2.222528e+00
   31        1.389144e+00
   32        2.197106e+00
   33       -7.923073e-01
   34        7.387059e-01
   35       -3.562194e+00
   36        3.896147e+00
   37       -3.099931e+00
   38        1.581790e+00
   39        4.694430e-01
   40       -1.572288e+00
   41       -2.048966e+00
   42        1.576456e+00
   43        2.669028e+00
   44        3.402334e-01
   45        4.479664e-01
   46        1.788471e+00
   47        1.333283e+00
   48        1.608775e-01
   49        1.018795e+00
   50        1.607269e+00
   51        1.631943e+00
   52        1.676079e+00
   53       -1.972375e+00
   54        4.026539e-01
   55        1.904255e+00
   56       -8.191385e-01
   57       -1.089767e+00
   58       -2.752158e+00
   59       -2.684180e-01
   60       -2.908285e+00
   61       -3.231064e+00
   62        1.741764e+00
   63        9.894952e-01
   64       -3.238617e+00
   65       -2.304557e+00
   66       -2.598861e+00
   67       -1.119125e+00
   68        2.372377e+00
   69        3.791322e-02
   70       -2.780337e+00
   71        6.799428e-02
   72        7.414377e+00
   73        2.323579e-02
   74       -4.676631e+00
;
param X:=
    1       -2.271850e-01
    2        2.335782e-01
    3       -8.521201e-01
    4        1.202162e+00
    5        2.105843e+00
    6       -1.779257e+00
    7       -9.329314e-01
    8        6.090455e-01
    9        5.616702e+00
   10       -1.323171e-01
   11       -4.288041e-01
   12        1.383428e+00
   13       -4.687202e-01
   14       -8.335954e-01
   15        3.894379e-02
   16        2.331288e-01
   17       -6.137501e-01
   18       -9.880477e-01
   19       -4.686754e-01
   20        1.800392e+00
   21        2.342686e+00
   22       -1.284738e+00
   23        1.452375e+00
   24        4.282096e-01
   25        1.623675e+00
   26        2.295213e+00
   27       -1.284345e-01
   28       -2.087663e-02
   29        1.132876e+00
   30       -1.445060e-01
   31       -1.067454e+00
   32        9.806190e-01
   33       -7.923073e-01
   34        1.592518e+00
   35       -3.562194e+00
   36        4.675129e-01
   37       -5.262106e-01
   38       -1.076348e+00
   39       -7.058148e-01
   40        5.820977e-02
   41       -5.649039e-01
   42       -3.590699e-01
   43        2.088152e+00
   44       -1.110011e+00
   45       -1.388233e+00
   46       -1.734833e-01
   47       -3.039393e-01
   48       -3.564002e-01
   49        5.146641e-01
   50        1.607269e+00
   51       -8.546774e-01
   52        7.600092e-01
   53       -3.407699e-01
   54       -1.980493e+00
   55       -9.182341e-01
   56        8.059994e-01
   57       -3.298067e-01
   58       -2.752158e+00
   59       -2.684180e-01
   60       -1.210550e+00
   61       -2.692901e-01
   62        1.741764e+00
   63       -4.132498e-01
   64       -1.548458e+00
   65       -1.224215e-01
   66        2.139723e+00
   67        5.526451e-01
   68        2.372377e+00
   69        3.791322e-02
   70        1.650656e-01
   71        1.893731e+00
   72        1.446340e+00
   73        2.323579e-02
   74       -1.729025e+00
;
param outliervec:=
    1    1
    2    1
    3    1
    4    0
    5    1
    6    0
    7    1
    8    1
    9    0
   10    1
   11    1
   12    1
   13    1
   14    1
   15    1
   16    1
   17    1
   18    1
   19    1
   20    1
   21    1
   22    0
   23    1
   24    1
   25    1
   26    0
   27    1
   28    1
   29    1
   30    1
   31    1
   32    1
   33    0
   34    1
   35    0
   36    1
   37    1
   38    1
   39    1
   40    1
   41    1
   42    1
   43    1
   44    1
   45    1
   46    1
   47    1
   48    1
   49    1
   50    0
   51    1
   52    1
   53    1
   54    1
   55    1
   56    1
   57    1
   58    0
   59    0
   60    1
   61    1
   62    0
   63    1
   64    1
   65    1
   66    1
   67    1
   68    0
   69    0
   70    1
   71    1
   72    1
   73    0
   74    1
; 
param greedy_time :=         2.794394e-01
;