data;


param FN:= 0;
param D:= 100;
param U_Original:=
         1         1        2.532623e-01
         2         1        2.353577e-01
         3         1        1.381477e+00
         4         1        8.704085e-01
         5         1        2.266502e-01
         6         1        9.897201e-01
         7         1        2.085170e-01
         8         1        1.983110e+00
         9         1        1.951598e-01
        10         1       -1.668641e+00
        11         1       -1.001353e+00
        12         1        1.384241e+00
        13         1        1.449210e-01
        14         1       -1.852454e+00
        15         1        1.141035e+00
        16         1        1.754076e-01
        17         1       -2.370167e+00
        18         1        2.248606e-02
        19         1       -1.851771e-02
        20         1       -1.731942e-01
        21         1        1.008063e+00
        22         1        1.497922e+00
        23         1       -3.172326e-01
        24         1        1.126053e+00
        25         1       -9.040018e-01
        26         1        4.246661e-01
        27         1       -1.071345e+00
        28         1       -7.824718e-02
        29         1        9.066592e-01
        30         1        3.297827e-01
        31         1       -6.058643e-01
        32         1       -5.153080e-01
        33         1       -2.161337e-01
        34         1       -6.483810e-01
        35         1       -2.080619e+00
        36         1       -7.246037e-01
        37         1        6.684689e-01
        38         1        1.669730e+00
        39         1        1.761502e+00
        40         1        1.120377e+00
        41         1        3.061906e-02
        42         1       -6.241581e-01
        43         1        7.302541e-01
        44         1        3.295910e-01
        45         1        6.257383e-01
        46         1        8.182710e-02
        47         1        7.892275e-02
        48         1        5.793491e-01
        49         1       -6.309245e-01
        50         1       -9.799957e-01
        51         1       -9.425285e-01
        52         1       -2.335013e-01
        53         1        1.259716e-01
        54         1        1.089131e-02
        55         1       -5.138758e-01
        56         1       -8.022617e-01
        57         1       -7.952021e-02
        58         1        2.632086e+00
        59         1        8.909571e-01
        60         1       -7.392207e-01
        61         1        1.210320e-01
        62         1       -1.455891e+00
        63         1        2.358362e+00
        64         1        1.477057e+00
        65         1       -4.620742e-01
        66         1       -7.247636e-01
        67         1        6.928636e-01
        68         1       -1.469776e+00
        69         1        1.280381e-01
        70         1       -6.449980e-02
        71         1        1.763231e+00
        72         1        1.125530e-01
        73         1       -1.030990e+00
        74         1        6.926004e-01
        75         1       -1.220577e-02
        76         1       -3.308482e-01
        77         1       -2.727204e-01
        78         1       -8.979237e-01
        79         1        1.556621e+00
        80         1       -8.116007e-01
        81         1       -1.107800e+00
        82         1        9.372206e-01
        83         1        9.432487e-01
        84         1       -1.871909e+00
        85         1       -7.666334e-01
        86         1       -1.443765e+00
        87         1        1.103294e+00
        88         1       -1.490171e-01
        89         1        2.199730e+00
        90         1        1.032632e+00
        91         1        1.195534e+00
        92         1       -3.365940e-01
        93         1       -3.737260e-01
        94         1       -9.314959e-01
        95         1       -4.868831e-01
        96         1        1.765094e-01
        97         1       -2.674710e+00
        98         1       -9.400118e-01
        99         1       -1.523570e+00
       100         1        7.635954e-02
         1         2        1.601629e+00
         2         2        3.735327e-01
         3         2       -4.393461e-01
         4         2       -3.718169e-01
         5         2       -1.161398e+00
         6         2        5.043507e-01
         7         2        1.019743e+00
         8         2        4.311891e-01
         9         2       -1.472010e+00
        10         2       -9.117367e-01
        11         2        9.326607e-01
        12         2       -1.677007e-01
        13         2       -4.100655e-01
        14         2        7.479219e-02
        15         2       -9.950421e-01
        16         2       -3.178833e-01
        17         2        3.621558e-01
        18         2        8.858410e-01
        19         2        9.188538e-01
        20         2       -5.859806e-01
        21         2       -1.576544e+00
        22         2        1.112559e+00
        23         2        1.173102e-01
        24         2       -1.814054e+00
        25         2        4.593202e-01
        26         2        7.648829e-01
        27         2       -8.333942e-01
        28         2       -1.288776e+00
        29         2        9.442533e-01
        30         2       -1.745354e+00
        31         2        1.650627e+00
        32         2        1.124795e+00
        33         2       -9.521370e-01
        34         2        1.406640e-01
        35         2       -3.367037e-01
        36         2       -1.580604e+00
        37         2       -1.017785e+00
        38         2       -1.377419e+00
        39         2       -1.693570e-01
        40         2       -1.109440e+00
        41         2        6.360043e-01
        42         2       -4.536339e-01
        43         2       -2.285112e-01
        44         2       -8.098521e-01
        45         2       -1.280702e+00
        46         2        1.586976e+00
        47         2       -1.644288e+00
        48         2       -6.741187e-01
        49         2       -7.071788e-01
        50         2       -7.037173e-01
        51         2       -8.968770e-02
        52         2       -1.435205e+00
        53         2       -1.154709e+00
        54         2        8.181329e-01
        55         2        1.461157e+00
        56         2       -9.909513e-01
        57         2       -1.874059e+00
        58         2        2.527748e+00
        59         2        1.007992e+00
        60         2        1.165971e+00
        61         2       -2.681916e+00
        62         2        3.498331e-01
        63         2       -2.773602e-01
        64         2        2.022494e+00
        65         2        1.185565e+00
        66         2       -6.684025e-01
        67         2       -1.772558e-01
        68         2        3.046409e-01
        69         2        1.611877e+00
        70         2        1.127210e-01
        71         2       -1.530396e+00
        72         2        1.366185e-02
        73         2       -8.800546e-01
        74         2       -9.807270e-01
        75         2        7.803552e-01
        76         2        5.218087e-03
        77         2        3.626318e-01
        78         2        1.195629e+00
        79         2       -1.387697e+00
        80         2        2.109745e+00
        81         2        6.465863e-01
        82         2        2.544822e-01
        83         2       -1.325364e+00
        84         2        9.506386e-01
        85         2       -6.116398e-01
        86         2       -1.335709e-01
        87         2        1.385881e-01
        88         2       -2.697425e-01
        89         2        3.685058e-01
        90         2       -4.082767e-01
        91         2        3.305939e-01
        92         2        5.494895e-01
        93         2        6.142235e-01
        94         2        2.923089e-01
        95         2       -6.679496e-01
        96         2       -2.678723e-01
        97         2        2.819735e-01
        98         2        7.458811e-01
        99         2        8.804744e-01
       100         2        1.466507e+00
         1         3        9.253072e-01
         2         3       -1.656652e+00
         3         3       -1.152704e+00
         4         3       -8.765278e-01
         5         3       -6.158532e-01
         6         3       -1.670995e-01
         7         3       -1.426992e+00
         8         3        7.036217e-01
         9         3        1.089033e-01
        10         3        1.505220e+00
        11         3        1.568084e-01
        12         3        1.234377e+00
        13         3        9.553852e-01
        14         3        1.509319e+00
        15         3       -2.114528e-01
        16         3        1.217755e-01
        17         3        5.676641e-01
        18         3        9.919649e-01
        19         3        1.681283e+00
        20         3       -2.308650e+00
        21         3        3.666408e-01
        22         3        1.331690e+00
        23         3       -1.416072e+00
        24         3       -4.070557e-01
        25         3       -1.839215e+00
        26         3        4.099499e-01
        27         3        3.409021e-01
        28         3       -2.975400e-01
        29         3       -1.628872e+00
        30         3        9.581283e-01
        31         3       -1.404597e+00
        32         3        1.347633e+00
        33         3       -1.850101e-01
        34         3       -2.408174e-01
        35         3       -5.385698e-01
        36         3        3.424855e-01
        37         3       -2.802781e+00
        38         3        3.412353e-01
        39         3        4.637546e-01
        40         3        1.205044e+00
        41         3       -3.255587e-01
        42         3        3.178344e-01
        43         3        1.428572e+00
        44         3       -1.488916e-01
        45         3        8.230629e-02
        46         3        1.669304e+00
        47         3        6.677594e-01
        48         3        2.083027e-01
        49         3       -4.734382e-01
        50         3       -1.756246e-01
        51         3        4.318770e-01
        52         3       -2.200023e-01
        53         3       -6.305376e-02
        54         3        1.180568e-01
        55         3       -1.141361e+00
        56         3       -2.155695e-01
        57         3        9.674079e-01
        58         3       -1.159421e+00
        59         3        3.294449e-01
        60         3       -7.913639e-01
        61         3       -1.290605e+00
        62         3        1.330457e+00
        63         3        1.194170e+00
        64         3       -1.358891e+00
        65         3       -9.637129e-01
        66         3        1.722654e+00
        67         3       -7.786328e-01
        68         3        3.651347e-01
        69         3        5.738140e-01
        70         3        2.550640e-01
        71         3       -2.784740e-01
        72         3        9.358767e-01
        73         3       -1.034697e+00
        74         3       -2.736176e-02
        75         3        8.380064e-01
        76         3       -5.142431e-01
        77         3        9.167426e-01
        78         3        2.982882e-01
        79         3        1.139803e-01
        80         3       -2.281242e-01
        81         3        1.002832e+00
        82         3       -1.039080e+00
        83         3        1.215799e+00
        84         3       -3.329723e-01
        85         3       -1.207732e+00
        86         3        2.520370e-01
        87         3       -2.597419e-01
        88         3        1.168402e+00
        89         3        1.113506e+00
        90         3        7.035452e-01
        91         3       -6.328460e-01
        92         3        7.764113e-01
        93         3       -3.152717e-01
        94         3        1.588328e+00
        95         3        1.515498e-01
        96         3       -3.515343e-01
        97         3       -1.869893e+00
        98         3       -1.437278e+00
        99         3        1.495316e+00
       100         3        1.430077e+00
         1         4        5.226346e-01
         2         4        2.344302e-01
         3         4        8.648198e-01
         4         4        1.955573e+00
         5         4        2.984120e-01
         6         4        1.778012e+00
         7         4       -4.085129e-01
         8         4        1.043442e+00
         9         4        1.222770e+00
        10         4       -1.257066e+00
        11         4       -4.306274e-01
        12         4       -4.186922e-01
        13         4       -3.624706e-01
        14         4       -5.012364e-01
        15         4       -3.311297e-01
        16         4       -3.492677e-01
        17         4        4.213941e-01
        18         4        4.629239e-01
        19         4        4.171168e-01
        20         4       -1.347597e-01
        21         4        2.497145e-01
        22         4       -1.306643e+00
        23         4        3.926140e-01
        24         4       -5.681954e-01
        25         4       -7.235575e-01
        26         4       -1.649571e-01
        27         4       -7.504738e-01
        28         4        7.277709e-01
        29         4       -4.221870e-02
        30         4       -4.112596e-01
        31         4        4.332422e-01
        32         4       -5.721988e-02
        33         4        1.696692e+00
        34         4       -4.769452e-01
        35         4        6.041066e-01
        36         4       -1.397147e+00
        37         4       -4.172066e-01
        38         4        6.270373e-01
        39         4        1.266371e-01
        40         4        1.303381e-01
        41         4        4.020705e-01
        42         4       -1.032869e+00
        43         4       -7.737424e-01
        44         4        1.474136e+00
        45         4        2.714535e-01
        46         4       -9.267066e-02
        47         4        2.000308e-01
        48         4        3.653311e-01
        49         4       -3.914238e-01
        50         4        1.405410e-01
        51         4       -9.127879e-01
        52         4        1.330106e+00
        53         4        3.838122e-01
        54         4        7.706732e-01
        55         4       -1.858333e+00
        56         4        1.148334e+00
        57         4        1.143422e-01
        58         4        5.591833e-01
        59         4        5.279459e-01
        60         4        2.161055e-01
        61         4        6.406878e-01
        62         4       -8.468763e-01
        63         4        1.033215e+00
        64         4       -9.010685e-01
        65         4        3.071354e-01
        66         4        1.702011e+00
        67         4        4.783136e-01
        68         4       -4.252543e-01
        69         4        4.034617e-01
        70         4        1.737635e-01
        71         4        1.817097e+00
        72         4        2.954839e-02
        73         4       -1.774932e-01
        74         4       -3.372854e-01
        75         4       -1.123741e+00
        76         4       -2.286593e-01
        77         4       -4.091179e-01
        78         4       -3.040430e-01
        79         4        8.752290e-01
        80         4       -8.184104e-02
        81         4       -3.861393e-01
        82         4       -9.988994e-01
        83         4        3.524726e-01
        84         4       -1.630154e+00
        85         4        2.483174e-01
        86         4       -2.230906e-02
        87         4        4.241128e-01
        88         4       -8.350498e-01
        89         4       -1.445170e+00
        90         4       -2.901922e-01
        91         4       -1.332187e-01
        92         4       -1.064925e+00
        93         4       -8.330551e-01
        94         4        8.501757e-01
        95         4        5.592219e-01
        96         4        1.095299e+00
        97         4       -4.285833e-01
        98         4        3.024261e-01
        99         4        2.452467e+00
       100         4        4.798922e-01
         1         5       -8.323267e-01
         2         5        3.065163e-01
         3         5       -1.791371e+00
         4         5       -7.402693e-01
         5         5        4.606816e-01
         6         5        3.048283e+00
         7         5        8.447404e-01
         8         5       -4.150564e-01
         9         5       -7.475956e-01
        10         5        1.087659e+00
        11         5        3.771323e-01
        12         5        4.254385e-01
        13         5        7.657200e-01
        14         5        1.325633e+00
        15         5        1.124422e+00
        16         5        1.452944e+00
        17         5        8.964278e-02
        18         5        2.717849e-01
        19         5        1.329361e+00
        20         5       -1.251703e-01
        21         5        3.825812e-01
        22         5       -2.194624e-01
        23         5        1.637484e-01
        24         5        7.596298e-01
        25         5       -5.677198e-03
        26         5       -1.464444e+00
        27         5       -9.131874e-02
        28         5        4.378312e-01
        29         5        3.388175e-01
        30         5        8.895537e-01
        31         5        9.156011e-01
        32         5        5.541674e-01
        33         5       -1.474492e-01
        34         5        4.522952e-01
        35         5        1.233190e+00
        36         5        6.054626e-01
        37         5        5.632353e-01
        38         5       -4.634283e-01
        39         5       -1.173376e+00
        40         5        3.043100e-01
        41         5       -1.004856e+00
        42         5       -7.966947e-01
        43         5       -2.471144e-01
        44         5       -1.730652e+00
        45         5       -1.619945e+00
        46         5       -1.280091e-01
        47         5       -9.910698e-01
        48         5        1.463135e+00
        49         5        1.290197e+00
        50         5        1.362810e-01
        51         5       -1.080452e+00
        52         5       -1.679996e+00
        53         5       -6.162325e-01
        54         5        1.077355e+00
        55         5       -5.327497e-01
        56         5        5.369220e-01
        57         5       -1.324591e+00
        58         5       -5.774558e-01
        59         5       -1.396369e+00
        60         5       -1.472799e+00
        61         5       -1.825887e+00
        62         5        1.477348e+00
        63         5        1.444393e-01
        64         5       -1.203813e+00
        65         5       -9.472686e-01
        66         5       -4.109029e-01
        67         5       -5.493374e-01
        68         5       -7.113675e-01
        69         5       -6.536023e-01
        70         5        2.168745e-01
        71         5       -2.080713e+00
        72         5       -8.801022e-01
        73         5       -1.534058e+00
        74         5        7.818791e-01
        75         5        6.077962e-01
        76         5        6.044738e-01
        77         5        6.074112e-02
        78         5        5.680206e-01
        79         5       -1.501100e+00
        80         5        1.391872e-01
        81         5       -1.086413e+00
        82         5        4.155723e-01
        83         5        1.301996e+00
        84         5        3.917139e-01
        85         5        4.913883e-01
        86         5        2.288579e+00
        87         5       -6.762052e-01
        88         5       -9.386032e-01
        89         5        2.656986e+00
        90         5       -5.403065e-01
        91         5       -5.930593e-01
        92         5        9.874321e-01
        93         5       -8.616641e-01
        94         5       -1.324538e+00
        95         5        9.901866e-01
        96         5        4.102420e-01
        97         5       -8.146944e-01
        98         5       -7.321348e-01
        99         5       -9.474334e-02
       100         5       -2.797332e-01
;
param X_Original:=
    1       -1.540121e+00
    2       -5.247779e-01
    3       -4.273344e-01
    4       -7.133533e-01
    5       -1.694357e+00
    6       -9.131659e-01
    7        3.575627e-01
    8        8.888703e-01
    9        1.675075e-01
   10        1.741328e+00
   11       -2.063278e-01
   12       -4.416848e-01
   13       -2.284764e+00
   14        5.678188e-01
   15        2.367045e-01
   16        9.264677e-01
   17       -1.892011e-01
   18       -2.237677e+00
   19        9.683182e-01
   20        9.897854e-01
   21       -3.633283e-01
   22       -1.369048e+00
   23       -1.989135e-01
   24        1.035033e+00
   25       -7.354947e-01
   26        2.094611e-01
   27        1.622495e+00
   28        9.530173e-01
   29        1.273015e-01
   30       -3.827888e-01
   31        4.865793e-03
   32        6.595062e-01
   33        2.520362e+00
   34       -4.634182e-02
   35       -2.635421e-02
   36        3.026227e+00
   37        2.237540e+00
   38       -3.618025e-01
   39       -6.551809e-01
   40       -4.627422e-02
   41       -4.743672e-01
   42        8.859170e-01
   43        7.488269e-01
   44       -7.199630e-01
   45        1.858821e-01
   46       -8.088605e-01
   47        3.015114e-01
   48        7.148672e-01
   49        2.446577e+00
   50        1.562600e+00
   51        3.771959e-01
   52        1.312087e+00
   53        5.226969e-01
   54       -4.090736e-02
   55        8.620444e-01
   56       -2.234513e-01
   57        6.269705e-01
   58        1.570483e+00
   59       -1.164666e+00
   60       -7.855434e-02
   61        3.222566e+00
   62        5.225373e-01
   63       -2.943050e+00
   64       -1.759114e+00
   65       -9.650208e-01
   66       -1.777411e+00
   67        6.534895e-02
   68       -5.401026e-01
   69       -1.234666e+00
   70       -3.743551e-01
   71       -1.366245e-01
   72       -1.793639e+00
   73        1.109451e-01
   74        1.253184e+00
   75       -8.147330e-01
   76       -4.497760e-01
   77       -1.541137e+00
   78        6.098701e-01
   79       -6.120671e-01
   80        1.640537e-01
   81        9.752055e-03
   82        1.752999e+00
   83       -4.753555e-03
   84       -8.083064e-01
   85       -2.847704e-01
   86       -3.685485e-01
   87       -2.241635e+00
   88       -6.508113e-01
   89       -6.252728e-02
   90        1.053871e-01
   91       -1.514700e+00
   92        9.342215e-01
   93        2.071481e-01
   94       -2.454049e+00
   95        2.758673e+00
   96        4.584790e-02
   97        3.182579e+00
   98        4.269476e-02
   99       -2.349958e+00
  100       -3.618523e+00
;
param outliervec_original :=
    1    1
    2    1
    3    1
    4    0
    5    1
    6    0
    7    1
    8    1
    9    1
   10    0
   11    0
   12    1
   13    1
   14    1
   15    1
   16    0
   17    1
   18    0
   19    1
   20    1
   21    1
   22    1
   23    1
   24    1
   25    1
   26    1
   27    1
   28    1
   29    1
   30    1
   31    0
   32    1
   33    1
   34    1
   35    1
   36    0
   37    1
   38    0
   39    1
   40    1
   41    1
   42    1
   43    1
   44    0
   45    1
   46    1
   47    1
   48    1
   49    0
   50    0
   51    0
   52    1
   53    1
   54    1
   55    1
   56    1
   57    1
   58    1
   59    1
   60    1
   61    0
   62    1
   63    0
   64    0
   65    1
   66    0
   67    0
   68    1
   69    1
   70    0
   71    1
   72    1
   73    1
   74    0
   75    0
   76    1
   77    1
   78    1
   79    0
   80    1
   81    1
   82    1
   83    0
   84    1
   85    1
   86    1
   87    1
   88    0
   89    1
   90    1
   91    1
   92    1
   93    1
   94    0
   95    1
   96    0
   97    0
   98    1
   99    1
  100    0
;
param d:= 78;
param r:=5;
param p:=0.720000;
param M:=1000;
param U:=
         1         1        2.532623e-01
         2         1        1.381477e+00
         3         1        8.704085e-01
         4         1        9.897201e-01
         5         1        2.085170e-01
         6         1        1.951598e-01
         7         1       -1.668641e+00
         8         1       -1.001353e+00
         9         1        1.384241e+00
        10         1       -1.852454e+00
        11         1        1.141035e+00
        12         1        1.754076e-01
        13         1       -2.370167e+00
        14         1        2.248606e-02
        15         1        1.008063e+00
        16         1        1.497922e+00
        17         1       -3.172326e-01
        18         1        1.126053e+00
        19         1       -1.071345e+00
        20         1       -7.824718e-02
        21         1        9.066592e-01
        22         1       -6.058643e-01
        23         1       -6.483810e-01
        24         1       -7.246037e-01
        25         1        6.684689e-01
        26         1        1.669730e+00
        27         1        1.761502e+00
        28         1        1.120377e+00
        29         1        3.061906e-02
        30         1       -6.241581e-01
        31         1        3.295910e-01
        32         1        6.257383e-01
        33         1        7.892275e-02
        34         1        5.793491e-01
        35         1       -6.309245e-01
        36         1       -9.799957e-01
        37         1       -9.425285e-01
        38         1       -2.335013e-01
        39         1        1.259716e-01
        40         1        1.089131e-02
        41         1       -5.138758e-01
        42         1       -8.022617e-01
        43         1       -7.952021e-02
        44         1        8.909571e-01
        45         1       -7.392207e-01
        46         1        1.210320e-01
        47         1       -1.455891e+00
        48         1        2.358362e+00
        49         1        1.477057e+00
        50         1       -4.620742e-01
        51         1       -7.247636e-01
        52         1        6.928636e-01
        53         1       -1.469776e+00
        54         1        1.280381e-01
        55         1       -6.449980e-02
        56         1        1.763231e+00
        57         1        1.125530e-01
        58         1        6.926004e-01
        59         1       -1.220577e-02
        60         1       -2.727204e-01
        61         1       -8.979237e-01
        62         1        1.556621e+00
        63         1       -1.107800e+00
        64         1        9.372206e-01
        65         1        9.432487e-01
        66         1        1.103294e+00
        67         1       -1.490171e-01
        68         1        2.199730e+00
        69         1        1.032632e+00
        70         1        1.195534e+00
        71         1       -3.365940e-01
        72         1       -3.737260e-01
        73         1       -9.314959e-01
        74         1        1.765094e-01
        75         1       -2.674710e+00
        76         1       -9.400118e-01
        77         1       -1.523570e+00
        78         1        7.635954e-02
         1         2        1.601629e+00
         2         2       -4.393461e-01
         3         2       -3.718169e-01
         4         2        5.043507e-01
         5         2        1.019743e+00
         6         2       -1.472010e+00
         7         2       -9.117367e-01
         8         2        9.326607e-01
         9         2       -1.677007e-01
        10         2        7.479219e-02
        11         2       -9.950421e-01
        12         2       -3.178833e-01
        13         2        3.621558e-01
        14         2        8.858410e-01
        15         2       -1.576544e+00
        16         2        1.112559e+00
        17         2        1.173102e-01
        18         2       -1.814054e+00
        19         2       -8.333942e-01
        20         2       -1.288776e+00
        21         2        9.442533e-01
        22         2        1.650627e+00
        23         2        1.406640e-01
        24         2       -1.580604e+00
        25         2       -1.017785e+00
        26         2       -1.377419e+00
        27         2       -1.693570e-01
        28         2       -1.109440e+00
        29         2        6.360043e-01
        30         2       -4.536339e-01
        31         2       -8.098521e-01
        32         2       -1.280702e+00
        33         2       -1.644288e+00
        34         2       -6.741187e-01
        35         2       -7.071788e-01
        36         2       -7.037173e-01
        37         2       -8.968770e-02
        38         2       -1.435205e+00
        39         2       -1.154709e+00
        40         2        8.181329e-01
        41         2        1.461157e+00
        42         2       -9.909513e-01
        43         2       -1.874059e+00
        44         2        1.007992e+00
        45         2        1.165971e+00
        46         2       -2.681916e+00
        47         2        3.498331e-01
        48         2       -2.773602e-01
        49         2        2.022494e+00
        50         2        1.185565e+00
        51         2       -6.684025e-01
        52         2       -1.772558e-01
        53         2        3.046409e-01
        54         2        1.611877e+00
        55         2        1.127210e-01
        56         2       -1.530396e+00
        57         2        1.366185e-02
        58         2       -9.807270e-01
        59         2        7.803552e-01
        60         2        3.626318e-01
        61         2        1.195629e+00
        62         2       -1.387697e+00
        63         2        6.465863e-01
        64         2        2.544822e-01
        65         2       -1.325364e+00
        66         2        1.385881e-01
        67         2       -2.697425e-01
        68         2        3.685058e-01
        69         2       -4.082767e-01
        70         2        3.305939e-01
        71         2        5.494895e-01
        72         2        6.142235e-01
        73         2        2.923089e-01
        74         2       -2.678723e-01
        75         2        2.819735e-01
        76         2        7.458811e-01
        77         2        8.804744e-01
        78         2        1.466507e+00
         1         3        9.253072e-01
         2         3       -1.152704e+00
         3         3       -8.765278e-01
         4         3       -1.670995e-01
         5         3       -1.426992e+00
         6         3        1.089033e-01
         7         3        1.505220e+00
         8         3        1.568084e-01
         9         3        1.234377e+00
        10         3        1.509319e+00
        11         3       -2.114528e-01
        12         3        1.217755e-01
        13         3        5.676641e-01
        14         3        9.919649e-01
        15         3        3.666408e-01
        16         3        1.331690e+00
        17         3       -1.416072e+00
        18         3       -4.070557e-01
        19         3        3.409021e-01
        20         3       -2.975400e-01
        21         3       -1.628872e+00
        22         3       -1.404597e+00
        23         3       -2.408174e-01
        24         3        3.424855e-01
        25         3       -2.802781e+00
        26         3        3.412353e-01
        27         3        4.637546e-01
        28         3        1.205044e+00
        29         3       -3.255587e-01
        30         3        3.178344e-01
        31         3       -1.488916e-01
        32         3        8.230629e-02
        33         3        6.677594e-01
        34         3        2.083027e-01
        35         3       -4.734382e-01
        36         3       -1.756246e-01
        37         3        4.318770e-01
        38         3       -2.200023e-01
        39         3       -6.305376e-02
        40         3        1.180568e-01
        41         3       -1.141361e+00
        42         3       -2.155695e-01
        43         3        9.674079e-01
        44         3        3.294449e-01
        45         3       -7.913639e-01
        46         3       -1.290605e+00
        47         3        1.330457e+00
        48         3        1.194170e+00
        49         3       -1.358891e+00
        50         3       -9.637129e-01
        51         3        1.722654e+00
        52         3       -7.786328e-01
        53         3        3.651347e-01
        54         3        5.738140e-01
        55         3        2.550640e-01
        56         3       -2.784740e-01
        57         3        9.358767e-01
        58         3       -2.736176e-02
        59         3        8.380064e-01
        60         3        9.167426e-01
        61         3        2.982882e-01
        62         3        1.139803e-01
        63         3        1.002832e+00
        64         3       -1.039080e+00
        65         3        1.215799e+00
        66         3       -2.597419e-01
        67         3        1.168402e+00
        68         3        1.113506e+00
        69         3        7.035452e-01
        70         3       -6.328460e-01
        71         3        7.764113e-01
        72         3       -3.152717e-01
        73         3        1.588328e+00
        74         3       -3.515343e-01
        75         3       -1.869893e+00
        76         3       -1.437278e+00
        77         3        1.495316e+00
        78         3        1.430077e+00
         1         4        5.226346e-01
         2         4        8.648198e-01
         3         4        1.955573e+00
         4         4        1.778012e+00
         5         4       -4.085129e-01
         6         4        1.222770e+00
         7         4       -1.257066e+00
         8         4       -4.306274e-01
         9         4       -4.186922e-01
        10         4       -5.012364e-01
        11         4       -3.311297e-01
        12         4       -3.492677e-01
        13         4        4.213941e-01
        14         4        4.629239e-01
        15         4        2.497145e-01
        16         4       -1.306643e+00
        17         4        3.926140e-01
        18         4       -5.681954e-01
        19         4       -7.504738e-01
        20         4        7.277709e-01
        21         4       -4.221870e-02
        22         4        4.332422e-01
        23         4       -4.769452e-01
        24         4       -1.397147e+00
        25         4       -4.172066e-01
        26         4        6.270373e-01
        27         4        1.266371e-01
        28         4        1.303381e-01
        29         4        4.020705e-01
        30         4       -1.032869e+00
        31         4        1.474136e+00
        32         4        2.714535e-01
        33         4        2.000308e-01
        34         4        3.653311e-01
        35         4       -3.914238e-01
        36         4        1.405410e-01
        37         4       -9.127879e-01
        38         4        1.330106e+00
        39         4        3.838122e-01
        40         4        7.706732e-01
        41         4       -1.858333e+00
        42         4        1.148334e+00
        43         4        1.143422e-01
        44         4        5.279459e-01
        45         4        2.161055e-01
        46         4        6.406878e-01
        47         4       -8.468763e-01
        48         4        1.033215e+00
        49         4       -9.010685e-01
        50         4        3.071354e-01
        51         4        1.702011e+00
        52         4        4.783136e-01
        53         4       -4.252543e-01
        54         4        4.034617e-01
        55         4        1.737635e-01
        56         4        1.817097e+00
        57         4        2.954839e-02
        58         4       -3.372854e-01
        59         4       -1.123741e+00
        60         4       -4.091179e-01
        61         4       -3.040430e-01
        62         4        8.752290e-01
        63         4       -3.861393e-01
        64         4       -9.988994e-01
        65         4        3.524726e-01
        66         4        4.241128e-01
        67         4       -8.350498e-01
        68         4       -1.445170e+00
        69         4       -2.901922e-01
        70         4       -1.332187e-01
        71         4       -1.064925e+00
        72         4       -8.330551e-01
        73         4        8.501757e-01
        74         4        1.095299e+00
        75         4       -4.285833e-01
        76         4        3.024261e-01
        77         4        2.452467e+00
        78         4        4.798922e-01
         1         5       -8.323267e-01
         2         5       -1.791371e+00
         3         5       -7.402693e-01
         4         5        3.048283e+00
         5         5        8.447404e-01
         6         5       -7.475956e-01
         7         5        1.087659e+00
         8         5        3.771323e-01
         9         5        4.254385e-01
        10         5        1.325633e+00
        11         5        1.124422e+00
        12         5        1.452944e+00
        13         5        8.964278e-02
        14         5        2.717849e-01
        15         5        3.825812e-01
        16         5       -2.194624e-01
        17         5        1.637484e-01
        18         5        7.596298e-01
        19         5       -9.131874e-02
        20         5        4.378312e-01
        21         5        3.388175e-01
        22         5        9.156011e-01
        23         5        4.522952e-01
        24         5        6.054626e-01
        25         5        5.632353e-01
        26         5       -4.634283e-01
        27         5       -1.173376e+00
        28         5        3.043100e-01
        29         5       -1.004856e+00
        30         5       -7.966947e-01
        31         5       -1.730652e+00
        32         5       -1.619945e+00
        33         5       -9.910698e-01
        34         5        1.463135e+00
        35         5        1.290197e+00
        36         5        1.362810e-01
        37         5       -1.080452e+00
        38         5       -1.679996e+00
        39         5       -6.162325e-01
        40         5        1.077355e+00
        41         5       -5.327497e-01
        42         5        5.369220e-01
        43         5       -1.324591e+00
        44         5       -1.396369e+00
        45         5       -1.472799e+00
        46         5       -1.825887e+00
        47         5        1.477348e+00
        48         5        1.444393e-01
        49         5       -1.203813e+00
        50         5       -9.472686e-01
        51         5       -4.109029e-01
        52         5       -5.493374e-01
        53         5       -7.113675e-01
        54         5       -6.536023e-01
        55         5        2.168745e-01
        56         5       -2.080713e+00
        57         5       -8.801022e-01
        58         5        7.818791e-01
        59         5        6.077962e-01
        60         5        6.074112e-02
        61         5        5.680206e-01
        62         5       -1.501100e+00
        63         5       -1.086413e+00
        64         5        4.155723e-01
        65         5        1.301996e+00
        66         5       -6.762052e-01
        67         5       -9.386032e-01
        68         5        2.656986e+00
        69         5       -5.403065e-01
        70         5       -5.930593e-01
        71         5        9.874321e-01
        72         5       -8.616641e-01
        73         5       -1.324538e+00
        74         5        4.102420e-01
        75         5       -8.146944e-01
        76         5       -7.321348e-01
        77         5       -9.474334e-02
        78         5       -2.797332e-01
;

param theta:=
    1       -6.139103e-01
    2       -1.153680e+00
    3       -1.029002e+00
    4       -6.220427e-01
    5        3.971304e-01
;
param X_true:=
    1       -3.611862e+00
    2       -4.030484e-01
    3       -7.133533e-01
    4       -9.131659e-01
    5        7.533208e-01
    6        4.074827e-01
    7        1.741328e+00
    8       -2.063278e-01
    9       -1.497591e+00
   10        3.359532e-01
   11        1.318280e+00
   12        9.264677e-01
   13        2.259564e-01
   14       -2.237677e+00
   15        8.178007e-01
   16       -2.847707e+00
   17        1.336769e+00
   18        2.475733e+00
   19        1.698350e+00
   20        1.563653e+00
   21        1.890775e-01
   22        4.865793e-03
   23        9.609196e-01
   24        3.026227e+00
   25        4.132555e+00
   26       -3.618025e-01
   27       -1.908864e+00
   28       -6.064678e-01
   29       -1.066346e+00
   30        9.055953e-01
   31       -7.199630e-01
   32        1.998472e-01
   33        6.439575e-01
   34        5.606139e-01
   35        2.446577e+00
   36        1.562600e+00
   37        3.771959e-01
   38        5.323750e-01
   39        8.346845e-01
   40       -1.124453e+00
   41        7.471965e-01
   42        1.355136e+00
   43        6.176376e-01
   44       -2.931846e+00
   45       -7.978753e-01
   46        3.222566e+00
   47        2.334689e-01
   48       -2.943050e+00
   49       -1.759114e+00
   50       -6.601477e-01
   51       -1.777411e+00
   52        6.534895e-02
   53        1.585270e-01
   54       -3.038185e+00
   55       -3.743551e-01
   56       -9.882211e-01
   57       -1.416006e+00
   58        1.253184e+00
   59       -8.147330e-01
   60       -9.161794e-01
   61       -7.194129e-01
   62       -6.120671e-01
   63       -1.289247e+00
   64        9.881800e-01
   65       -4.753555e-03
   66       -1.101438e+00
   67       -6.508113e-01
   68       -9.687374e-01
   69       -9.215286e-01
   70       -6.172027e-01
   71       -1.693403e-01
   72        2.021139e-02
   73       -2.454049e+00
   74        4.584790e-02
   75        3.182579e+00
   76        7.174969e-01
   77       -3.181421e+00
   78       -3.618523e+00
;
param X:=
    1       -1.540121e+00
    2       -4.273344e-01
    3       -7.133533e-01
    4       -9.131659e-01
    5        3.575627e-01
    6        1.675075e-01
    7        1.741328e+00
    8       -2.063278e-01
    9       -4.416848e-01
   10        5.678188e-01
   11        2.367045e-01
   12        9.264677e-01
   13       -1.892011e-01
   14       -2.237677e+00
   15       -3.633283e-01
   16       -1.369048e+00
   17       -1.989135e-01
   18        1.035033e+00
   19        1.622495e+00
   20        9.530173e-01
   21        1.273015e-01
   22        4.865793e-03
   23       -4.634182e-02
   24        3.026227e+00
   25        2.237540e+00
   26       -3.618025e-01
   27       -6.551809e-01
   28       -4.627422e-02
   29       -4.743672e-01
   30        8.859170e-01
   31       -7.199630e-01
   32        1.858821e-01
   33        3.015114e-01
   34        7.148672e-01
   35        2.446577e+00
   36        1.562600e+00
   37        3.771959e-01
   38        1.312087e+00
   39        5.226969e-01
   40       -4.090736e-02
   41        8.620444e-01
   42       -2.234513e-01
   43        6.269705e-01
   44       -1.164666e+00
   45       -7.855434e-02
   46        3.222566e+00
   47        5.225373e-01
   48       -2.943050e+00
   49       -1.759114e+00
   50       -9.650208e-01
   51       -1.777411e+00
   52        6.534895e-02
   53       -5.401026e-01
   54       -1.234666e+00
   55       -3.743551e-01
   56       -1.366245e-01
   57       -1.793639e+00
   58        1.253184e+00
   59       -8.147330e-01
   60       -1.541137e+00
   61        6.098701e-01
   62       -6.120671e-01
   63        9.752055e-03
   64        1.752999e+00
   65       -4.753555e-03
   66       -2.241635e+00
   67       -6.508113e-01
   68       -6.252728e-02
   69        1.053871e-01
   70       -1.514700e+00
   71        9.342215e-01
   72        2.071481e-01
   73       -2.454049e+00
   74        4.584790e-02
   75        3.182579e+00
   76        4.269476e-02
   77       -2.349958e+00
   78       -3.618523e+00
;
param outliervec:=
    1    1
    2    1
    3    0
    4    0
    5    1
    6    1
    7    0
    8    0
    9    1
   10    1
   11    1
   12    0
   13    1
   14    0
   15    1
   16    1
   17    1
   18    1
   19    1
   20    1
   21    1
   22    0
   23    1
   24    0
   25    1
   26    0
   27    1
   28    1
   29    1
   30    1
   31    0
   32    1
   33    1
   34    1
   35    0
   36    0
   37    0
   38    1
   39    1
   40    1
   41    1
   42    1
   43    1
   44    1
   45    1
   46    0
   47    1
   48    0
   49    0
   50    1
   51    0
   52    0
   53    1
   54    1
   55    0
   56    1
   57    1
   58    0
   59    0
   60    1
   61    1
   62    0
   63    1
   64    1
   65    0
   66    1
   67    0
   68    1
   69    1
   70    1
   71    1
   72    1
   73    0
   74    0
   75    0
   76    1
   77    1
   78    0
; 
param greedy_time :=         2.016239e-01
;