data;


param FN:= 0;
param D:= 100;
param U_Original:=
         1         1        6.832383e-01
         2         1       -3.322599e-01
         3         1        6.112915e-01
         4         1        2.498650e-01
         5         1        2.029941e-01
         6         1       -8.072455e-01
         7         1       -1.403160e+00
         8         1       -1.058691e+00
         9         1        6.847418e-02
        10         1       -9.023800e-01
        11         1        2.516186e-01
        12         1        1.118156e+00
        13         1       -1.154183e+00
        14         1        6.064459e-01
        15         1        2.047378e-01
        16         1        1.245030e-01
        17         1        1.123106e+00
        18         1        1.789189e+00
        19         1       -1.369554e+00
        20         1       -2.483161e-01
        21         1       -3.556335e-01
        22         1        1.122783e+00
        23         1        1.223159e-01
        24         1        5.754737e-01
        25         1        4.471481e-01
        26         1        9.102983e-02
        27         1        1.628401e+00
        28         1        2.182029e+00
        29         1        7.458862e-01
        30         1       -1.219702e+00
        31         1        1.022040e+00
        32         1        3.022049e+00
        33         1        3.561078e-01
        34         1       -7.929122e-01
        35         1        1.122371e+00
        36         1       -5.285793e-01
        37         1        1.467432e-01
        38         1        1.022356e+00
        39         1        2.951740e-01
        40         1       -3.708547e-01
        41         1        3.811394e-01
        42         1       -6.588362e-01
        43         1        3.346775e-01
        44         1       -9.501799e-01
        45         1       -1.018373e+00
        46         1        1.755042e-01
        47         1       -5.573083e-01
        48         1        2.444652e+00
        49         1       -9.546527e-01
        50         1        8.974271e-02
        51         1       -1.050418e+00
        52         1        4.613704e-01
        53         1       -2.720279e-02
        54         1        4.457566e-01
        55         1        1.903494e-02
        56         1       -8.233163e-01
        57         1        6.940421e-01
        58         1        3.193596e-01
        59         1        2.904305e-01
        60         1       -8.620839e-01
        61         1        6.445963e-01
        62         1       -1.869927e-01
        63         1        9.420361e-02
        64         1        1.670450e+00
        65         1        6.415067e-01
        66         1        7.068223e-01
        67         1        8.442977e-02
        68         1        4.103076e-01
        69         1        1.170853e+00
        70         1       -1.309720e+00
        71         1       -1.266099e+00
        72         1        1.743482e+00
        73         1       -3.805333e-01
        74         1        2.119825e+00
        75         1       -7.524984e-01
        76         1        6.861591e-01
        77         1       -7.724459e-03
        78         1       -2.143189e-01
        79         1        3.583772e-01
        80         1       -1.765145e+00
        81         1       -3.411678e-01
        82         1       -1.187661e+00
        83         1        4.499537e-01
        84         1       -5.570708e-01
        85         1        3.750155e-01
        86         1        4.612430e-01
        87         1        1.663756e+00
        88         1       -1.344584e+00
        89         1        4.193063e-01
        90         1       -1.337892e+00
        91         1        2.611336e+00
        92         1       -1.472907e+00
        93         1       -4.713298e-01
        94         1        5.638903e-01
        95         1       -1.534549e+00
        96         1       -2.839738e-01
        97         1       -1.687128e+00
        98         1        4.874136e-01
        99         1       -1.086277e+00
       100         1        7.543603e-03
         1         2       -6.840111e-01
         2         2       -2.094194e+00
         3         2       -1.139154e+00
         4         2       -1.203486e+00
         5         2        7.704175e-01
         6         2       -4.830720e-01
         7         2        1.831833e+00
         8         2       -2.088282e-01
         9         2        2.683732e-01
        10         2       -1.007261e+00
        11         2       -8.342985e-02
        12         2       -1.502687e+00
        13         2        3.447030e-01
        14         2        1.746446e+00
        15         2        1.648552e-01
        16         2        1.003050e+00
        17         2        1.663941e+00
        18         2       -3.355792e-01
        19         2       -9.227067e-01
        20         2       -1.697320e+00
        21         2       -1.216996e+00
        22         2       -9.955627e-02
        23         2        1.215485e-01
        24         2        1.535143e+00
        25         2        4.765065e-01
        26         2       -1.710880e-01
        27         2       -6.461068e-01
        28         2        7.154555e-01
        29         2       -1.982572e+00
        30         2       -3.714796e-01
        31         2       -5.676542e-01
        32         2       -7.273383e-01
        33         2        7.622790e-01
        34         2        1.484640e+00
        35         2        3.563231e-01
        36         2       -1.536445e+00
        37         2       -1.001492e+00
        38         2       -2.514208e+00
        39         2       -1.250829e+00
        40         2        3.017477e-01
        41         2       -5.633150e-02
        42         2        6.562381e-01
        43         2        3.340325e-01
        44         2       -4.596909e-02
        45         2       -4.611500e-01
        46         2       -6.990921e-01
        47         2       -1.438675e-01
        48         2        6.700834e-01
        49         2       -1.130878e-02
        50         2       -1.392563e+00
        51         2       -4.808278e-03
        52         2        1.318359e+00
        53         2        1.296426e+00
        54         2        5.001790e-01
        55         2        3.604513e-01
        56         2        3.444969e-01
        57         2        4.405125e-01
        58         2       -1.760785e+00
        59         2        9.370852e-02
        60         2        6.526854e-01
        61         2        3.949291e-01
        62         2       -4.458925e-01
        63         2        1.589314e+00
        64         2        1.134511e-01
        65         2       -4.564816e-01
        66         2       -1.664552e-01
        67         2        6.204936e-02
        68         2        7.067075e-02
        69         2        1.365385e+00
        70         2        5.843160e-01
        71         2       -9.767817e-01
        72         2       -3.751697e-01
        73         2        1.625124e+00
        74         2       -1.323146e+00
        75         2       -9.765488e-01
        76         2       -2.603421e-01
        77         2       -6.276268e-01
        78         2        6.645096e-01
        79         2       -2.266601e-01
        80         2        7.687864e-02
        81         2        4.134964e-02
        82         2       -7.733772e-01
        83         2       -3.905226e-01
        84         2        4.233130e-01
        85         2       -1.055615e+00
        86         2        1.421059e+00
        87         2       -1.047818e+00
        88         2       -1.336765e+00
        89         2        1.083513e+00
        90         2        1.382573e+00
        91         2        1.461046e+00
        92         2       -2.508243e-01
        93         2       -1.883338e+00
        94         2        1.067550e+00
        95         2       -4.566006e-01
        96         2        1.123532e+00
        97         2        9.738909e-01
        98         2        9.397044e-01
        99         2       -7.913790e-02
       100         2        8.993817e-03
         1         3       -3.602426e-01
         2         3       -1.478311e+00
         3         3       -1.939192e-01
         4         3        3.896494e-01
         5         3       -9.849102e-01
         6         3        1.342854e+00
         7         3       -5.693067e-01
         8         3        1.390616e+00
         9         3       -3.694650e-02
        10         3       -1.261958e-01
        11         3        1.051578e+00
        12         3       -2.490695e-01
        13         3        7.984230e-01
        14         3        1.349777e+00
        15         3        5.116597e-01
        16         3       -7.311920e-01
        17         3       -1.158206e+00
        18         3        1.107285e+00
        19         3       -7.880891e-01
        20         3        3.115387e+00
        21         3       -3.831132e-01
        22         3        5.619075e-01
        23         3       -1.263557e+00
        24         3        5.618962e-01
        25         3        2.476782e-01
        26         3        1.648575e-01
        27         3       -6.408758e-01
        28         3       -8.267156e-01
        29         3        1.433979e+00
        30         3       -5.905846e-01
        31         3       -2.936558e-01
        32         3        6.483435e-01
        33         3        4.066634e-01
        34         3       -1.911767e+00
        35         3        2.690628e+00
        36         3       -2.144191e+00
        37         3        1.322305e+00
        38         3        4.929201e-01
        39         3       -9.473276e-02
        40         3        1.395831e+00
        41         3        2.159963e+00
        42         3       -8.518381e-01
        43         3       -1.724925e+00
        44         3        8.559107e-01
        45         3        1.320445e-01
        46         3        8.658861e-01
        47         3       -1.165326e+00
        48         3        1.680346e+00
        49         3       -2.912335e-01
        50         3        8.025674e-03
        51         3       -2.492257e-01
        52         3        5.864708e-01
        53         3       -5.504856e-01
        54         3       -1.379477e-01
        55         3       -1.348353e-01
        56         3       -2.855014e-01
        57         3        1.646949e-01
        58         3       -1.646996e+00
        59         3       -9.353643e-03
        60         3        9.441503e-01
        61         3       -1.074443e-01
        62         3       -1.230524e-01
        63         3        1.424831e+00
        64         3       -3.241591e-01
        65         3        2.169694e-01
        66         3       -2.647367e-01
        67         3       -5.086137e-01
        68         3       -2.299483e-01
        69         3       -1.011539e+00
        70         3        1.254211e-02
        71         3        8.242056e-01
        72         3        1.801277e-01
        73         3       -2.425646e-01
        74         3       -2.771856e-01
        75         3       -1.715174e+00
        76         3        1.388591e+00
        77         3       -5.615533e-01
        78         3       -5.469247e-01
        79         3       -8.751426e-01
        80         3        1.756554e-01
        81         3        1.848724e-01
        82         3        1.929744e+00
        83         3       -4.848574e-01
        84         3       -9.761850e-01
        85         3       -3.713353e-01
        86         3        1.700337e-01
        87         3       -1.872851e+00
        88         3       -1.136664e+00
        89         3       -1.607176e+00
        90         3       -1.588365e+00
        91         3        4.305699e-01
        92         3       -4.484378e-01
        93         3       -9.102444e-01
        94         3       -1.043292e+00
        95         3        1.724410e+00
        96         3       -1.388714e-01
        97         3       -6.205921e-01
        98         3        6.321466e-03
        99         3       -1.201702e+00
       100         3        1.759437e-01
         1         4        5.864333e-01
         2         4        9.855744e-01
         3         4        5.114246e-01
         4         4        4.546590e-01
         5         4        1.303681e+00
         6         4        1.085936e+00
         7         4       -2.394385e-01
         8         4        7.000751e-01
         9         4       -3.604637e-01
        10         4       -6.631405e-01
        11         4       -9.587383e-01
        12         4        1.552581e-01
        13         4       -1.285907e+00
        14         4        1.211361e-01
        15         4       -1.594894e+00
        16         4        1.717947e+00
        17         4       -7.424194e-01
        18         4       -4.733146e-02
        19         4       -8.399116e-01
        20         4        6.585863e-01
        21         4        8.083426e-01
        22         4       -4.580258e-01
        23         4        1.282986e-01
        24         4        1.622091e-02
        25         4       -3.057190e-01
        26         4        1.840026e+00
        27         4        9.564203e-01
        28         4       -5.512983e-01
        29         4       -1.134772e-01
        30         4        3.557333e-01
        31         4       -8.280031e-01
        32         4        1.171439e+00
        33         4       -1.000680e+00
        34         4        7.920242e-01
        35         4       -1.823606e-01
        36         4        1.229965e+00
        37         4        1.629176e-01
        38         4       -1.267150e+00
        39         4        8.474638e-01
        40         4        3.599982e-01
        41         4       -6.400125e-02
        42         4       -1.332772e+00
        43         4        2.219574e-01
        44         4        3.918079e-01
        45         4       -2.895190e-01
        46         4       -6.508569e-01
        47         4        6.867905e-02
        48         4        4.686512e-01
        49         4       -1.545973e+00
        50         4        2.119206e-01
        51         4        1.612955e-01
        52         4       -1.775465e+00
        53         4       -1.946391e-01
        54         4       -4.870352e-01
        55         4        8.820668e-01
        56         4       -3.467014e-01
        57         4        1.088082e+00
        58         4        7.204716e-01
        59         4       -9.753754e-01
        60         4        5.688653e-01
        61         4       -1.289659e+00
        62         4       -1.060470e-02
        63         4        2.041283e+00
        64         4       -1.012322e+00
        65         4        2.394816e+00
        66         4        4.632665e-01
        67         4        1.527605e-01
        68         4       -1.821875e+00
        69         4        9.076773e-02
        70         4        2.250736e+00
        71         4       -8.580826e-01
        72         4        7.165519e-01
        73         4       -5.591800e-02
        74         4       -5.295352e-02
        75         4        1.443662e+00
        76         4        4.604766e-01
        77         4       -1.804957e+00
        78         4        4.820015e-01
        79         4        6.775516e-01
        80         4        1.919454e-01
        81         4        3.375835e-01
        82         4        5.882007e-02
        83         4       -5.768616e-01
        84         4       -2.765611e+00
        85         4       -5.102599e-02
        86         4       -1.045938e+00
        87         4       -1.434951e+00
        88         4        6.748811e-01
        89         4       -4.278398e-01
        90         4        5.700196e-01
        91         4        1.047191e+00
        92         4        4.347550e-01
        93         4       -3.734936e-01
        94         4        4.625559e-01
        95         4        5.241259e-01
        96         4       -3.540601e-01
        97         4       -1.389569e+00
        98         4       -3.910156e-01
        99         4        9.083740e-01
       100         4       -2.067064e-01
         1         5       -1.542594e+00
         2         5       -1.003359e+00
         3         5       -6.317357e-01
         4         5        6.286679e-01
         5         5        1.566196e+00
         6         5       -1.761684e+00
         7         5        4.848052e-01
         8         5       -5.200181e-01
         9         5        3.749450e-01
        10         5        3.457000e-01
        11         5       -9.133809e-01
        12         5       -5.324799e-01
        13         5        1.705024e-01
        14         5        1.472864e+00
        15         5        2.986578e-01
        16         5       -1.989588e+00
        17         5        1.219366e+00
        18         5        1.452527e+00
        19         5        4.045676e-01
        20         5       -1.786680e+00
        21         5        2.220197e+00
        22         5       -9.095775e-02
        23         5        8.240830e-01
        24         5        1.943707e+00
        25         5       -1.124138e+00
        26         5       -1.954463e+00
        27         5        2.824533e-01
        28         5       -1.082795e-01
        29         5        1.469518e-02
        30         5       -1.253136e-01
        31         5        2.291890e+00
        32         5       -3.382421e-01
        33         5        1.268158e+00
        34         5       -5.911824e-01
        35         5        4.008023e-01
        36         5        2.078852e-01
        37         5       -5.111091e-01
        38         5       -1.150960e+00
        39         5        2.000159e-01
        40         5       -1.085874e+00
        41         5       -1.222544e+00
        42         5        1.019327e-01
        43         5        1.138337e+00
        44         5        1.238440e+00
        45         5       -4.051272e-01
        46         5        7.219884e-01
        47         5       -6.480836e-01
        48         5        5.997568e-01
        49         5       -1.163189e+00
        50         5       -7.617931e-04
        51         5       -1.297848e+00
        52         5        5.088747e-01
        53         5       -1.352938e+00
        54         5       -8.372176e-01
        55         5       -1.011249e+00
        56         5       -3.552874e-01
        57         5       -9.083603e-01
        58         5       -1.036012e+00
        59         5        3.890281e-01
        60         5        6.444175e-01
        61         5       -3.851116e-01
        62         5        1.346223e+00
        63         5       -4.427542e-01
        64         5        3.288924e-01
        65         5        4.168396e-01
        66         5       -8.711406e-01
        67         5        6.907240e-01
        68         5       -5.745850e-01
        69         5       -1.828241e+00
        70         5       -9.579043e-01
        71         5       -2.116267e+00
        72         5       -1.840505e+00
        73         5       -1.075081e+00
        74         5       -7.799189e-01
        75         5        1.425548e-01
        76         5       -1.296420e+00
        77         5       -8.317424e-01
        78         5        6.029433e-01
        79         5        7.704084e-02
        80         5       -4.002587e-01
        81         5       -1.239015e+00
        82         5       -5.827156e-01
        83         5        9.443120e-01
        84         5        3.051781e-01
        85         5       -1.306013e+00
        86         5        1.901456e-02
        87         5        1.301036e+00
        88         5        8.812422e-02
        89         5       -1.056494e+00
        90         5        1.874057e+00
        91         5       -9.126374e-01
        92         5        6.422298e-01
        93         5        1.914626e-01
        94         5        9.816875e-01
        95         5        1.152183e+00
        96         5       -1.334212e+00
        97         5        7.638648e-01
        98         5       -2.231014e+00
        99         5        1.071674e+00
       100         5        1.083358e+00
;
param X_Original:=
    1        7.353959e-01
    2        1.575293e-01
    3        6.978563e-01
    4        6.569916e-01
    5       -6.562697e-01
    6       -1.988592e-01
    7        2.640002e-01
    8       -2.750458e-01
    9       -1.933109e+00
   10       -8.507009e-02
   11       -1.350646e+00
   12        2.494346e-01
   13       -2.250380e+00
   14       -1.776764e+00
   15        3.912157e-01
   16       -2.648619e-01
   17       -2.885413e+00
   18       -4.446741e-01
   19       -1.234568e+00
   20        6.706352e-02
   21        1.473872e+00
   22       -4.151559e-01
   23       -1.517952e+00
   24       -1.762952e+00
   25        2.563681e+00
   26       -4.721164e-01
   27       -1.328363e-01
   28       -3.043701e+00
   29       -2.083830e-01
   30        1.945917e+00
   31       -9.958418e-01
   32       -1.289582e+00
   33        5.907139e-01
   34        4.977056e-01
   35       -2.004751e+00
   36        9.593613e-02
   37        4.193544e-01
   38        1.122377e+00
   39        7.187942e-01
   40       -2.982125e-01
   41       -9.873455e-01
   42       -6.768003e-01
   43       -2.676032e-01
   44        1.056419e+00
   45       -4.849267e-01
   46       -1.543564e+00
   47       -4.305001e-01
   48        1.082775e+00
   49        1.042998e-01
   50        8.684578e-01
   51       -1.645758e+00
   52       -4.025728e-01
   53        2.514081e-01
   54        1.903364e+00
   55        1.141661e+00
   56        2.084731e+00
   57        1.074686e+00
   58       -1.488221e-01
   59       -2.401352e-01
   60        9.851125e-01
   61        8.002029e-01
   62       -6.108893e-02
   63       -1.839901e-01
   64        1.095344e-01
   65       -2.512218e+00
   66       -1.336776e+00
   67        3.311081e-04
   68        4.792861e-02
   69       -2.137529e+00
   70        4.020705e+00
   71       -9.412040e-01
   72       -1.280469e-01
   73       -1.520183e-01
   74       -1.381193e+00
   75        3.340745e-01
   76        6.631339e-01
   77       -1.657564e+00
   78        7.540558e-01
   79        6.897512e-01
   80       -1.057675e+00
   81        9.810711e-01
   82        2.015406e+00
   83        2.527988e-03
   84        9.956288e-01
   85       -2.594710e-01
   86       -3.220782e-01
   87       -2.305241e-02
   88        3.890999e-01
   89       -9.647432e-01
   90       -3.921465e-01
   91       -1.863657e+00
   92        2.053368e+00
   93        9.636077e-01
   94       -1.393830e+00
   95       -7.525189e-01
   96       -9.508554e-01
   97        1.004752e+00
   98       -8.230776e-01
   99       -2.897697e-01
  100       -4.751562e-01
;
param outliervec_original :=
    1    0
    2    1
    3    0
    4    0
    5    1
    6    1
    7    0
    8    1
    9    1
   10    1
   11    0
   12    1
   13    1
   14    0
   15    1
   16    1
   17    0
   18    1
   19    1
   20    1
   21    0
   22    1
   23    1
   24    0
   25    1
   26    1
   27    0
   28    0
   29    0
   30    0
   31    1
   32    0
   33    1
   34    1
   35    0
   36    1
   37    0
   38    1
   39    1
   40    1
   41    1
   42    1
   43    1
   44    0
   45    1
   46    1
   47    1
   48    1
   49    1
   50    1
   51    1
   52    1
   53    1
   54    1
   55    0
   56    1
   57    1
   58    1
   59    1
   60    0
   61    1
   62    1
   63    1
   64    1
   65    1
   66    1
   67    0
   68    1
   69    1
   70    0
   71    1
   72    1
   73    0
   74    0
   75    1
   76    1
   77    0
   78    1
   79    0
   80    1
   81    0
   82    1
   83    1
   84    1
   85    1
   86    1
   87    1
   88    1
   89    0
   90    1
   91    0
   92    0
   93    0
   94    1
   95    1
   96    1
   97    1
   98    1
   99    1
  100    1
;
param d:= 79;
param r:=5;
param p:=0.700000;
param M:=1000;
param U:=
         1         1        6.832383e-01
         2         1       -3.322599e-01
         3         1        6.112915e-01
         4         1        2.498650e-01
         5         1        2.029941e-01
         6         1       -1.403160e+00
         7         1        6.847418e-02
         8         1       -9.023800e-01
         9         1        2.516186e-01
        10         1        1.118156e+00
        11         1        6.064459e-01
        12         1        2.047378e-01
        13         1        1.245030e-01
        14         1        1.123106e+00
        15         1        1.789189e+00
        16         1       -3.556335e-01
        17         1        1.122783e+00
        18         1        1.223159e-01
        19         1        5.754737e-01
        20         1        1.628401e+00
        21         1        2.182029e+00
        22         1        7.458862e-01
        23         1       -1.219702e+00
        24         1        1.022040e+00
        25         1        3.022049e+00
        26         1       -7.929122e-01
        27         1        1.122371e+00
        28         1       -5.285793e-01
        29         1        1.467432e-01
        30         1        1.022356e+00
        31         1        2.951740e-01
        32         1       -3.708547e-01
        33         1       -6.588362e-01
        34         1        3.346775e-01
        35         1       -9.501799e-01
        36         1        1.755042e-01
        37         1       -5.573083e-01
        38         1       -9.546527e-01
        39         1        8.974271e-02
        40         1        4.613704e-01
        41         1       -2.720279e-02
        42         1        1.903494e-02
        43         1       -8.233163e-01
        44         1        6.940421e-01
        45         1        3.193596e-01
        46         1        2.904305e-01
        47         1       -8.620839e-01
        48         1       -1.869927e-01
        49         1        9.420361e-02
        50         1        7.068223e-01
        51         1        8.442977e-02
        52         1        4.103076e-01
        53         1        1.170853e+00
        54         1       -1.309720e+00
        55         1        1.743482e+00
        56         1       -3.805333e-01
        57         1        2.119825e+00
        58         1       -7.524984e-01
        59         1        6.861591e-01
        60         1       -7.724459e-03
        61         1       -2.143189e-01
        62         1        3.583772e-01
        63         1       -3.411678e-01
        64         1       -1.187661e+00
        65         1        4.499537e-01
        66         1        3.750155e-01
        67         1        4.612430e-01
        68         1       -1.344584e+00
        69         1        4.193063e-01
        70         1       -1.337892e+00
        71         1        2.611336e+00
        72         1       -1.472907e+00
        73         1       -4.713298e-01
        74         1        5.638903e-01
        75         1       -2.839738e-01
        76         1       -1.687128e+00
        77         1        4.874136e-01
        78         1       -1.086277e+00
        79         1        7.543603e-03
         1         2       -6.840111e-01
         2         2       -2.094194e+00
         3         2       -1.139154e+00
         4         2       -1.203486e+00
         5         2        7.704175e-01
         6         2        1.831833e+00
         7         2        2.683732e-01
         8         2       -1.007261e+00
         9         2       -8.342985e-02
        10         2       -1.502687e+00
        11         2        1.746446e+00
        12         2        1.648552e-01
        13         2        1.003050e+00
        14         2        1.663941e+00
        15         2       -3.355792e-01
        16         2       -1.216996e+00
        17         2       -9.955627e-02
        18         2        1.215485e-01
        19         2        1.535143e+00
        20         2       -6.461068e-01
        21         2        7.154555e-01
        22         2       -1.982572e+00
        23         2       -3.714796e-01
        24         2       -5.676542e-01
        25         2       -7.273383e-01
        26         2        1.484640e+00
        27         2        3.563231e-01
        28         2       -1.536445e+00
        29         2       -1.001492e+00
        30         2       -2.514208e+00
        31         2       -1.250829e+00
        32         2        3.017477e-01
        33         2        6.562381e-01
        34         2        3.340325e-01
        35         2       -4.596909e-02
        36         2       -6.990921e-01
        37         2       -1.438675e-01
        38         2       -1.130878e-02
        39         2       -1.392563e+00
        40         2        1.318359e+00
        41         2        1.296426e+00
        42         2        3.604513e-01
        43         2        3.444969e-01
        44         2        4.405125e-01
        45         2       -1.760785e+00
        46         2        9.370852e-02
        47         2        6.526854e-01
        48         2       -4.458925e-01
        49         2        1.589314e+00
        50         2       -1.664552e-01
        51         2        6.204936e-02
        52         2        7.067075e-02
        53         2        1.365385e+00
        54         2        5.843160e-01
        55         2       -3.751697e-01
        56         2        1.625124e+00
        57         2       -1.323146e+00
        58         2       -9.765488e-01
        59         2       -2.603421e-01
        60         2       -6.276268e-01
        61         2        6.645096e-01
        62         2       -2.266601e-01
        63         2        4.134964e-02
        64         2       -7.733772e-01
        65         2       -3.905226e-01
        66         2       -1.055615e+00
        67         2        1.421059e+00
        68         2       -1.336765e+00
        69         2        1.083513e+00
        70         2        1.382573e+00
        71         2        1.461046e+00
        72         2       -2.508243e-01
        73         2       -1.883338e+00
        74         2        1.067550e+00
        75         2        1.123532e+00
        76         2        9.738909e-01
        77         2        9.397044e-01
        78         2       -7.913790e-02
        79         2        8.993817e-03
         1         3       -3.602426e-01
         2         3       -1.478311e+00
         3         3       -1.939192e-01
         4         3        3.896494e-01
         5         3       -9.849102e-01
         6         3       -5.693067e-01
         7         3       -3.694650e-02
         8         3       -1.261958e-01
         9         3        1.051578e+00
        10         3       -2.490695e-01
        11         3        1.349777e+00
        12         3        5.116597e-01
        13         3       -7.311920e-01
        14         3       -1.158206e+00
        15         3        1.107285e+00
        16         3       -3.831132e-01
        17         3        5.619075e-01
        18         3       -1.263557e+00
        19         3        5.618962e-01
        20         3       -6.408758e-01
        21         3       -8.267156e-01
        22         3        1.433979e+00
        23         3       -5.905846e-01
        24         3       -2.936558e-01
        25         3        6.483435e-01
        26         3       -1.911767e+00
        27         3        2.690628e+00
        28         3       -2.144191e+00
        29         3        1.322305e+00
        30         3        4.929201e-01
        31         3       -9.473276e-02
        32         3        1.395831e+00
        33         3       -8.518381e-01
        34         3       -1.724925e+00
        35         3        8.559107e-01
        36         3        8.658861e-01
        37         3       -1.165326e+00
        38         3       -2.912335e-01
        39         3        8.025674e-03
        40         3        5.864708e-01
        41         3       -5.504856e-01
        42         3       -1.348353e-01
        43         3       -2.855014e-01
        44         3        1.646949e-01
        45         3       -1.646996e+00
        46         3       -9.353643e-03
        47         3        9.441503e-01
        48         3       -1.230524e-01
        49         3        1.424831e+00
        50         3       -2.647367e-01
        51         3       -5.086137e-01
        52         3       -2.299483e-01
        53         3       -1.011539e+00
        54         3        1.254211e-02
        55         3        1.801277e-01
        56         3       -2.425646e-01
        57         3       -2.771856e-01
        58         3       -1.715174e+00
        59         3        1.388591e+00
        60         3       -5.615533e-01
        61         3       -5.469247e-01
        62         3       -8.751426e-01
        63         3        1.848724e-01
        64         3        1.929744e+00
        65         3       -4.848574e-01
        66         3       -3.713353e-01
        67         3        1.700337e-01
        68         3       -1.136664e+00
        69         3       -1.607176e+00
        70         3       -1.588365e+00
        71         3        4.305699e-01
        72         3       -4.484378e-01
        73         3       -9.102444e-01
        74         3       -1.043292e+00
        75         3       -1.388714e-01
        76         3       -6.205921e-01
        77         3        6.321466e-03
        78         3       -1.201702e+00
        79         3        1.759437e-01
         1         4        5.864333e-01
         2         4        9.855744e-01
         3         4        5.114246e-01
         4         4        4.546590e-01
         5         4        1.303681e+00
         6         4       -2.394385e-01
         7         4       -3.604637e-01
         8         4       -6.631405e-01
         9         4       -9.587383e-01
        10         4        1.552581e-01
        11         4        1.211361e-01
        12         4       -1.594894e+00
        13         4        1.717947e+00
        14         4       -7.424194e-01
        15         4       -4.733146e-02
        16         4        8.083426e-01
        17         4       -4.580258e-01
        18         4        1.282986e-01
        19         4        1.622091e-02
        20         4        9.564203e-01
        21         4       -5.512983e-01
        22         4       -1.134772e-01
        23         4        3.557333e-01
        24         4       -8.280031e-01
        25         4        1.171439e+00
        26         4        7.920242e-01
        27         4       -1.823606e-01
        28         4        1.229965e+00
        29         4        1.629176e-01
        30         4       -1.267150e+00
        31         4        8.474638e-01
        32         4        3.599982e-01
        33         4       -1.332772e+00
        34         4        2.219574e-01
        35         4        3.918079e-01
        36         4       -6.508569e-01
        37         4        6.867905e-02
        38         4       -1.545973e+00
        39         4        2.119206e-01
        40         4       -1.775465e+00
        41         4       -1.946391e-01
        42         4        8.820668e-01
        43         4       -3.467014e-01
        44         4        1.088082e+00
        45         4        7.204716e-01
        46         4       -9.753754e-01
        47         4        5.688653e-01
        48         4       -1.060470e-02
        49         4        2.041283e+00
        50         4        4.632665e-01
        51         4        1.527605e-01
        52         4       -1.821875e+00
        53         4        9.076773e-02
        54         4        2.250736e+00
        55         4        7.165519e-01
        56         4       -5.591800e-02
        57         4       -5.295352e-02
        58         4        1.443662e+00
        59         4        4.604766e-01
        60         4       -1.804957e+00
        61         4        4.820015e-01
        62         4        6.775516e-01
        63         4        3.375835e-01
        64         4        5.882007e-02
        65         4       -5.768616e-01
        66         4       -5.102599e-02
        67         4       -1.045938e+00
        68         4        6.748811e-01
        69         4       -4.278398e-01
        70         4        5.700196e-01
        71         4        1.047191e+00
        72         4        4.347550e-01
        73         4       -3.734936e-01
        74         4        4.625559e-01
        75         4       -3.540601e-01
        76         4       -1.389569e+00
        77         4       -3.910156e-01
        78         4        9.083740e-01
        79         4       -2.067064e-01
         1         5       -1.542594e+00
         2         5       -1.003359e+00
         3         5       -6.317357e-01
         4         5        6.286679e-01
         5         5        1.566196e+00
         6         5        4.848052e-01
         7         5        3.749450e-01
         8         5        3.457000e-01
         9         5       -9.133809e-01
        10         5       -5.324799e-01
        11         5        1.472864e+00
        12         5        2.986578e-01
        13         5       -1.989588e+00
        14         5        1.219366e+00
        15         5        1.452527e+00
        16         5        2.220197e+00
        17         5       -9.095775e-02
        18         5        8.240830e-01
        19         5        1.943707e+00
        20         5        2.824533e-01
        21         5       -1.082795e-01
        22         5        1.469518e-02
        23         5       -1.253136e-01
        24         5        2.291890e+00
        25         5       -3.382421e-01
        26         5       -5.911824e-01
        27         5        4.008023e-01
        28         5        2.078852e-01
        29         5       -5.111091e-01
        30         5       -1.150960e+00
        31         5        2.000159e-01
        32         5       -1.085874e+00
        33         5        1.019327e-01
        34         5        1.138337e+00
        35         5        1.238440e+00
        36         5        7.219884e-01
        37         5       -6.480836e-01
        38         5       -1.163189e+00
        39         5       -7.617931e-04
        40         5        5.088747e-01
        41         5       -1.352938e+00
        42         5       -1.011249e+00
        43         5       -3.552874e-01
        44         5       -9.083603e-01
        45         5       -1.036012e+00
        46         5        3.890281e-01
        47         5        6.444175e-01
        48         5        1.346223e+00
        49         5       -4.427542e-01
        50         5       -8.711406e-01
        51         5        6.907240e-01
        52         5       -5.745850e-01
        53         5       -1.828241e+00
        54         5       -9.579043e-01
        55         5       -1.840505e+00
        56         5       -1.075081e+00
        57         5       -7.799189e-01
        58         5        1.425548e-01
        59         5       -1.296420e+00
        60         5       -8.317424e-01
        61         5        6.029433e-01
        62         5        7.704084e-02
        63         5       -1.239015e+00
        64         5       -5.827156e-01
        65         5        9.443120e-01
        66         5       -1.306013e+00
        67         5        1.901456e-02
        68         5        8.812422e-02
        69         5       -1.056494e+00
        70         5        1.874057e+00
        71         5       -9.126374e-01
        72         5        6.422298e-01
        73         5        1.914626e-01
        74         5        9.816875e-01
        75         5       -1.334212e+00
        76         5        7.638648e-01
        77         5       -2.231014e+00
        78         5        1.071674e+00
        79         5        1.083358e+00
;

param theta:=
    1       -1.003915e+00
    2       -4.533506e-01
    3       -1.505200e-01
    4        1.227771e+00
    5       -2.184519e-01
;
param X_true:=
    1        7.353959e-01
    2        2.934726e+00
    3        6.978563e-01
    4        6.569916e-01
    5        8.536740e-01
    6        2.640002e-01
    7       -7.093226e-01
    8        4.918467e-01
    9       -1.350646e+00
   10       -9.685700e-02
   11       -1.776764e+00
   12       -2.380699e+00
   13        2.074210e+00
   14       -2.885413e+00
   15       -2.186147e+00
   16        1.473872e+00
   17       -1.709104e+00
   18       -1.020947e-02
   19       -1.762952e+00
   20       -1.328363e-01
   21       -3.043701e+00
   22       -2.083830e-01
   23        1.945917e+00
   24       -2.241760e+00
   25       -1.289582e+00
   26        1.512283e+00
   27       -2.004751e+00
   28        3.014643e+00
   29        4.193544e-01
   30       -1.265077e+00
   31        1.281791e+00
   32        7.046154e-01
   33       -1.166478e+00
   34       -2.039449e-01
   35        1.056419e+00
   36       -9.464137e-01
   37        1.026015e+00
   38       -6.366468e-01
   39        8.003738e-01
   40       -3.440161e+00
   41       -4.209877e-01
   42        1.141661e+00
   43        3.652787e-01
   44        6.130928e-01
   45        1.836442e+00
   46       -1.615164e+00
   47        9.851125e-01
   48        1.012871e-01
   49        1.573394e+00
   50        1.648087e-01
   51        3.311081e-04
   52       -2.520667e+00
   53       -1.131354e+00
   54        4.020705e+00
   55       -3.255137e-01
   56       -1.520183e-01
   57       -1.381193e+00
   58        3.197677e+00
   59        6.873537e-02
   60       -1.657564e+00
   61        4.562987e-01
   62        6.897512e-01
   63        9.810711e-01
   64        1.451970e+00
   65       -1.116232e+00
   66        3.806262e-01
   67       -2.421207e+00
   68        2.936311e+00
   69       -9.647432e-01
   70        1.245883e+00
   71       -1.863657e+00
   72        2.053368e+00
   73        9.636077e-01
   74       -5.395746e-01
   75       -3.466092e-01
   76       -5.273098e-01
   77       -9.089977e-01
   78        2.188454e+00
   79       -5.285832e-01
;
param X:=
    1        7.353959e-01
    2        1.575293e-01
    3        6.978563e-01
    4        6.569916e-01
    5       -6.562697e-01
    6        2.640002e-01
    7       -1.933109e+00
    8       -8.507009e-02
    9       -1.350646e+00
   10        2.494346e-01
   11       -1.776764e+00
   12        3.912157e-01
   13       -2.648619e-01
   14       -2.885413e+00
   15       -4.446741e-01
   16        1.473872e+00
   17       -4.151559e-01
   18       -1.517952e+00
   19       -1.762952e+00
   20       -1.328363e-01
   21       -3.043701e+00
   22       -2.083830e-01
   23        1.945917e+00
   24       -9.958418e-01
   25       -1.289582e+00
   26        4.977056e-01
   27       -2.004751e+00
   28        9.593613e-02
   29        4.193544e-01
   30        1.122377e+00
   31        7.187942e-01
   32       -2.982125e-01
   33       -6.768003e-01
   34       -2.676032e-01
   35        1.056419e+00
   36       -1.543564e+00
   37       -4.305001e-01
   38        1.042998e-01
   39        8.684578e-01
   40       -4.025728e-01
   41        2.514081e-01
   42        1.141661e+00
   43        2.084731e+00
   44        1.074686e+00
   45       -1.488221e-01
   46       -2.401352e-01
   47        9.851125e-01
   48       -6.108893e-02
   49       -1.839901e-01
   50       -1.336776e+00
   51        3.311081e-04
   52        4.792861e-02
   53       -2.137529e+00
   54        4.020705e+00
   55       -1.280469e-01
   56       -1.520183e-01
   57       -1.381193e+00
   58        3.340745e-01
   59        6.631339e-01
   60       -1.657564e+00
   61        7.540558e-01
   62        6.897512e-01
   63        9.810711e-01
   64        2.015406e+00
   65        2.527988e-03
   66       -2.594710e-01
   67       -3.220782e-01
   68        3.890999e-01
   69       -9.647432e-01
   70       -3.921465e-01
   71       -1.863657e+00
   72        2.053368e+00
   73        9.636077e-01
   74       -1.393830e+00
   75       -9.508554e-01
   76        1.004752e+00
   77       -8.230776e-01
   78       -2.897697e-01
   79       -4.751562e-01
;
param outliervec:=
    1    0
    2    1
    3    0
    4    0
    5    1
    6    0
    7    1
    8    1
    9    0
   10    1
   11    0
   12    1
   13    1
   14    0
   15    1
   16    0
   17    1
   18    1
   19    0
   20    0
   21    0
   22    0
   23    0
   24    1
   25    0
   26    1
   27    0
   28    1
   29    0
   30    1
   31    1
   32    1
   33    1
   34    1
   35    0
   36    1
   37    1
   38    1
   39    1
   40    1
   41    1
   42    0
   43    1
   44    1
   45    1
   46    1
   47    0
   48    1
   49    1
   50    1
   51    0
   52    1
   53    1
   54    0
   55    1
   56    0
   57    0
   58    1
   59    1
   60    0
   61    1
   62    0
   63    0
   64    1
   65    1
   66    1
   67    1
   68    1
   69    0
   70    1
   71    0
   72    0
   73    0
   74    1
   75    1
   76    1
   77    1
   78    1
   79    1
; 
param greedy_time :=         3.436533e-01
;