data;


param FN:= 0;
param D:= 100;
param U_Original:=
         1         1       -2.763439e-01
         2         1        6.708403e-01
         3         1       -5.920227e-01
         4         1       -5.645064e-01
         5         1        7.447855e-01
         6         1        4.825570e-01
         7         1        1.421883e+00
         8         1       -7.042465e-01
         9         1        1.491930e-01
        10         1       -5.295693e-02
        11         1       -1.326758e-01
        12         1        9.794966e-01
        13         1       -1.891747e+00
        14         1       -1.668717e-01
        15         1        1.717889e+00
        16         1        9.796331e-02
        17         1       -1.063758e+00
        18         1        1.414497e+00
        19         1        5.459923e-03
        20         1       -5.710410e-01
        21         1       -2.154736e+00
        22         1        3.138433e-01
        23         1        8.046306e-01
        24         1        1.417643e-01
        25         1        7.820397e-01
        26         1        1.223565e+00
        27         1       -3.533243e-01
        28         1       -1.587350e+00
        29         1        1.671022e+00
        30         1        6.892640e-01
        31         1        9.392103e-01
        32         1       -7.472492e-01
        33         1        4.095458e-02
        34         1       -6.281168e-01
        35         1       -2.014802e+00
        36         1        1.324969e+00
        37         1        1.015901e-01
        38         1       -1.686169e+00
        39         1        3.371209e-01
        40         1       -5.384469e-01
        41         1        1.731819e+00
        42         1       -1.077708e+00
        43         1        1.012989e+00
        44         1       -1.135319e-01
        45         1        9.964623e-01
        46         1       -2.202486e+00
        47         1        4.605278e-01
        48         1        7.349576e-01
        49         1        1.881807e+00
        50         1        1.789880e+00
        51         1       -3.992897e-01
        52         1       -1.809324e+00
        53         1        1.728216e-01
        54         1        8.491340e-01
        55         1       -3.789679e-01
        56         1       -1.923254e+00
        57         1       -8.988324e-01
        58         1       -1.616624e+00
        59         1        9.301355e-01
        60         1        7.536871e-02
        61         1        3.315788e-01
        62         1        2.128352e+00
        63         1       -2.216395e+00
        64         1       -9.306038e-02
        65         1       -5.391896e-01
        66         1       -5.184140e-01
        67         1        1.167580e+00
        68         1       -1.657863e+00
        69         1        2.348228e-01
        70         1       -6.466603e-01
        71         1        3.007371e-01
        72         1        1.178282e+00
        73         1        1.944483e+00
        74         1       -5.082671e-01
        75         1       -1.449340e-01
        76         1        8.345050e-02
        77         1        7.588299e-01
        78         1        2.030098e+00
        79         1        1.097996e+00
        80         1        4.097565e-01
        81         1       -1.590106e+00
        82         1       -1.236566e-01
        83         1        2.608580e-01
        84         1       -1.365444e+00
        85         1        1.424013e+00
        86         1        3.175296e-01
        87         1       -1.340743e-01
        88         1       -7.043147e-01
        89         1        5.689516e-01
        90         1        9.131680e-01
        91         1        1.310455e+00
        92         1       -1.728450e-01
        93         1        9.489465e-01
        94         1        4.550717e-02
        95         1       -2.313693e-01
        96         1        8.426263e-01
        97         1       -4.546342e-01
        98         1        3.027250e-01
        99         1        1.777846e-01
       100         1        1.776434e-01
         1         2       -1.064697e+00
         2         2       -4.114552e-01
         3         2       -6.895938e-01
         4         2       -2.813672e-01
         5         2        5.247040e-01
         6         2       -4.871547e-01
         7         2        6.669308e-01
         8         2       -7.583702e-01
         9         2        1.594525e+00
        10         2       -1.038434e+00
        11         2        1.129950e+00
        12         2        2.023886e-02
        13         2       -3.965618e-01
        14         2       -8.988856e-01
        15         2        1.334432e-01
        16         2       -8.093454e-01
        17         2        1.016586e+00
        18         2       -1.605161e+00
        19         2        1.862454e+00
        20         2        1.000555e+00
        21         2       -3.219931e-01
        22         2       -5.932169e-01
        23         2        3.051405e-01
        24         2        1.179903e+00
        25         2       -7.723699e-01
        26         2       -7.580629e-01
        27         2       -3.465870e-01
        28         2        1.486444e+00
        29         2        1.470704e+00
        30         2        2.428749e-01
        31         2       -1.223785e+00
        32         2       -8.371824e-01
        33         2        7.290950e-01
        34         2        1.459379e+00
        35         2        7.491246e-02
        36         2       -4.193116e-01
        37         2       -1.510145e+00
        38         2        5.811941e-01
        39         2       -6.425066e-01
        40         2        7.302328e-01
        41         2        8.995295e-02
        42         2       -8.112437e-01
        43         2       -3.044128e-01
        44         2       -3.365264e-01
        45         2        1.963245e+00
        46         2        2.231380e+00
        47         2       -5.960062e-01
        48         2        6.951794e-02
        49         2        1.081511e-01
        50         2       -1.628423e+00
        51         2       -1.300214e-01
        52         2       -1.476542e+00
        53         2        6.250483e-01
        54         2       -3.076757e-01
        55         2        3.773004e-01
        56         2        1.232418e-01
        57         2       -9.066922e-01
        58         2       -1.461670e+00
        59         2       -9.523650e-01
        60         2       -4.105856e-01
        61         2       -2.998922e-01
        62         2        5.443082e-01
        63         2        8.366332e-01
        64         2        1.355164e+00
        65         2       -1.684528e+00
        66         2        4.140992e-01
        67         2       -1.201130e+00
        68         2        1.707421e+00
        69         2       -1.026826e-01
        70         2        3.231725e-01
        71         2       -2.141079e-01
        72         2        2.483027e-01
        73         2        6.083080e-01
        74         2       -1.003610e+00
        75         2       -5.235991e-01
        76         2       -3.033138e-01
        77         2        4.292188e-01
        78         2       -5.810092e-01
        79         2       -1.168506e+00
        80         2        1.049037e+00
        81         2        6.070274e-01
        82         2        1.481191e-01
        83         2       -2.065832e+00
        84         2        1.213648e+00
        85         2       -7.269997e-03
        86         2       -6.811191e-01
        87         2        4.007568e-01
        88         2       -6.444574e-01
        89         2       -1.306031e-01
        90         2       -5.165243e-01
        91         2       -5.524019e-01
        92         2        1.496324e-01
        93         2       -5.056395e-01
        94         2        6.198068e-01
        95         2        1.394627e+00
        96         2       -1.057099e-01
        97         2       -1.161812e+00
        98         2        4.079855e-01
        99         2       -2.557907e+00
       100         2        1.711270e+00
         1         3       -7.571386e-01
         2         3        1.193446e-01
         3         3        4.556670e-01
         4         3        3.116565e+00
         5         3        8.945684e-01
         6         3       -1.539171e-01
         7         3       -8.190019e-01
         8         3        3.487491e-01
         9         3        8.802496e-01
        10         3       -5.263058e-01
        11         3       -2.127990e-01
        12         3       -4.868152e-01
        13         3        5.452182e-02
        14         3        3.468218e-02
        15         3       -9.478544e-01
        16         3       -9.342793e-02
        17         3       -7.128158e-01
        18         3        6.996816e-01
        19         3        6.534850e-01
        20         3       -3.349560e-01
        21         3       -1.363344e+00
        22         3        4.673470e-01
        23         3       -1.255285e+00
        24         3       -9.221323e-01
        25         3       -3.853446e-01
        26         3       -1.257825e-02
        27         3       -2.618358e-02
        28         3        2.537993e+00
        29         3        1.124279e+00
        30         3       -4.146960e-01
        31         3        1.302046e+00
        32         3       -3.417536e-03
        33         3       -2.591751e-01
        34         3        7.333084e-01
        35         3        6.621012e-01
        36         3       -4.462117e-01
        37         3       -1.974709e-01
        38         3        1.196990e+00
        39         3       -2.488101e+00
        40         3       -4.819018e-01
        41         3        3.381893e-01
        42         3        2.106023e+00
        43         3       -1.405730e-01
        44         3        8.064880e-01
        45         3       -1.858104e-01
        46         3        2.038210e+00
        47         3        1.654179e+00
        48         3       -1.783060e+00
        49         3        1.169116e+00
        50         3       -1.809354e+00
        51         3        2.211851e+00
        52         3       -3.890712e-01
        53         3       -3.600791e-03
        54         3       -3.392603e-01
        55         3       -1.173131e+00
        56         3        2.745820e-01
        57         3       -9.959525e-01
        58         3        1.241396e+00
        59         3       -1.770251e+00
        60         3       -1.118394e+00
        61         3        2.159555e+00
        62         3        1.114901e-01
        63         3       -4.807048e-01
        64         3        1.313672e-01
        65         3        3.405003e-04
        66         3        1.876297e-01
        67         3        5.629768e-01
        68         3       -1.108253e-01
        69         3        1.593489e-01
        70         3       -7.762694e-01
        71         3        2.013263e+00
        72         3        1.044099e+00
        73         3       -1.084538e+00
        74         3       -3.251496e-01
        75         3        3.768153e-01
        76         3        2.912280e-01
        77         3        1.023267e+00
        78         3       -1.648310e+00
        79         3       -1.146617e+00
        80         3        1.819252e-01
        81         3        1.166357e+00
        82         3        1.558503e+00
        83         3       -1.350574e+00
        84         3       -7.525537e-01
        85         3        4.508851e-01
        86         3       -2.445853e+00
        87         3       -1.430501e+00
        88         3       -8.469131e-01
        89         3        1.203654e+00
        90         3        2.214783e+00
        91         3       -1.628107e+00
        92         3       -1.067966e+00
        93         3       -3.821128e-01
        94         3        1.336179e+00
        95         3        2.225449e+00
        96         3        7.838344e-01
        97         3       -5.004336e-01
        98         3       -5.598693e-01
        99         3       -3.758171e-02
       100         3       -1.273432e+00
         1         4        3.748143e-01
         2         4        2.245428e-01
         3         4        3.492936e-01
         4         4       -7.724413e-01
         5         4        1.908492e+00
         6         4       -5.825191e-01
         7         4        8.594281e-01
         8         4        9.336004e-03
         9         4        9.279372e-02
        10         4       -3.695634e-01
        11         4        1.243447e+00
        12         4       -3.801753e-02
        13         4        2.339248e+00
        14         4       -1.298804e-01
        15         4       -1.218909e+00
        16         4        8.705338e-01
        17         4       -3.209656e-01
        18         4       -1.163048e+00
        19         4        5.596793e-01
        20         4        4.573828e-02
        21         4        2.376983e-01
        22         4       -2.514108e-01
        23         4       -5.773999e-01
        24         4        1.303407e+00
        25         4        9.807440e-04
        26         4        1.487594e-01
        27         4        4.959647e-01
        28         4       -2.397659e-01
        29         4        7.296929e-01
        30         4        1.975990e-01
        31         4       -3.778796e-01
        32         4        1.373368e-01
        33         4       -7.428888e-01
        34         4        2.619537e-01
        35         4        7.552308e-02
        36         4        2.247319e-01
        37         4       -2.139817e+00
        38         4       -2.945016e-01
        39         4        1.875057e+00
        40         4        1.230327e+00
        41         4        2.110099e+00
        42         4        1.934611e+00
        43         4       -5.982026e-01
        44         4       -1.563335e+00
        45         4        6.258242e-01
        46         4        8.590878e-01
        47         4        2.257752e+00
        48         4       -3.344320e-01
        49         4       -2.200598e+00
        50         4        1.613961e+00
        51         4        7.481483e-01
        52         4       -1.606269e-01
        53         4       -6.893685e-01
        54         4       -4.340423e-01
        55         4       -2.617048e+00
        56         4        5.625954e-01
        57         4        1.521320e-02
        58         4       -8.202756e-01
        59         4       -1.737688e+00
        60         4       -9.154495e-01
        61         4       -1.094147e-01
        62         4       -5.313571e-01
        63         4        1.145050e+00
        64         4        2.205084e-01
        65         4       -2.282860e-01
        66         4        6.752311e-01
        67         4       -3.156686e-01
        68         4       -4.019613e-01
        69         4        3.237246e-01
        70         4        1.581919e+00
        71         4       -4.765808e-01
        72         4        9.049903e-01
        73         4       -2.156949e-01
        74         4       -1.665998e-02
        75         4       -1.265971e-01
        76         4        4.386534e-01
        77         4        1.144605e+00
        78         4       -9.478660e-01
        79         4       -2.323597e-02
        80         4        5.545882e-02
        81         4        9.696805e-01
        82         4       -1.195798e+00
        83         4       -1.034518e+00
        84         4       -7.067460e-01
        85         4        1.925440e+00
        86         4       -3.926593e-02
        87         4        8.217586e-01
        88         4        4.727943e-01
        89         4        8.056286e-01
        90         4        1.763049e-01
        91         4        2.892485e-01
        92         4       -3.541615e-01
        93         4       -6.478532e-01
        94         4        4.582620e-01
        95         4        2.877903e+00
        96         4       -2.153999e+00
        97         4        4.946503e-01
        98         4       -7.237859e-01
        99         4       -2.066474e+00
       100         4       -5.765855e-01
         1         5        8.266531e-01
         2         5        6.385704e-01
         3         5        2.701023e-01
         4         5       -1.316537e+00
         5         5       -8.422344e-02
         6         5       -8.816214e-01
         7         5       -1.306707e+00
         8         5       -4.786056e-01
         9         5       -5.480769e-01
        10         5        6.366507e-01
        11         5        1.912115e+00
        12         5       -2.181590e-01
        13         5       -8.032775e-01
        14         5       -1.934974e-01
        15         5       -4.031668e-01
        16         5       -1.279383e-02
        17         5        1.399640e+00
        18         5       -1.891221e-01
        19         5        8.458579e-02
        20         5        5.483311e-01
        21         5       -6.654258e-01
        22         5       -5.340890e-02
        23         5        6.274419e-01
        24         5        2.177036e-01
        25         5        1.413346e+00
        26         5        6.454157e-01
        27         5        1.438985e+00
        28         5        2.352400e-01
        29         5       -4.228390e-01
        30         5       -3.238389e-01
        31         5       -1.987819e-01
        32         5        1.136482e+00
        33         5        6.368902e-01
        34         5       -1.295222e+00
        35         5       -5.550114e-01
        36         5       -4.322568e-01
        37         5        1.544684e+00
        38         5       -2.981404e-01
        39         5        4.235346e-01
        40         5       -4.957960e-01
        41         5        9.354135e-01
        42         5        1.664671e+00
        43         5        1.090792e+00
        44         5        1.142643e+00
        45         5        6.140778e-01
        46         5       -5.948727e-01
        47         5       -5.540648e-01
        48         5       -2.687488e-01
        49         5       -1.753574e+00
        50         5        2.405699e-01
        51         5       -2.230584e+00
        52         5        2.640318e-01
        53         5        2.538287e-01
        54         5       -5.457665e-01
        55         5        3.797765e-01
        56         5       -1.043475e+00
        57         5        2.155557e-01
        58         5        5.084667e-01
        59         5        5.930161e-01
        60         5        1.764799e+00
        61         5       -7.964153e-01
        62         5        6.184471e-01
        63         5        8.140375e-01
        64         5       -3.727948e-01
        65         5        5.651405e-02
        66         5        5.790863e-01
        67         5       -5.773544e-01
        68         5        6.479860e-01
        69         5        1.541114e+00
        70         5        3.243555e-01
        71         5       -2.122637e-01
        72         5       -1.585809e+00
        73         5       -4.126980e-02
        74         5       -6.313742e-01
        75         5       -2.216762e+00
        76         5       -9.057415e-01
        77         5        3.008533e-01
        78         5        1.376653e-01
        79         5       -1.864978e-01
        80         5       -8.841297e-01
        81         5       -2.599089e-01
        82         5       -1.744446e-01
        83         5        5.548023e-01
        84         5        2.747233e-01
        85         5       -1.503363e-01
        86         5        1.013912e+00
        87         5        3.518765e-02
        88         5       -8.663982e-01
        89         5       -4.441550e-01
        90         5       -8.032492e-01
        91         5       -6.375364e-01
        92         5        1.270942e+00
        93         5        1.682837e+00
        94         5        3.544181e-01
        95         5       -2.919318e-01
        96         5       -9.491777e-02
        97         5       -4.721013e-01
        98         5        4.537895e-01
        99         5        5.436498e-01
       100         5        2.174647e-01
;
param X_Original:=
    1       -4.733539e-01
    2        1.053924e+00
    3       -2.614655e-01
    4       -7.708960e-01
    5        1.161231e+00
    6        1.246022e+00
    7        1.250584e-01
    8        1.405245e+00
    9        1.036829e+00
   10       -6.042591e-01
   11        6.767375e-01
   12       -9.933986e-01
   13       -1.549372e+00
   14       -1.144649e+00
   15       -7.066920e-01
   16        1.123728e-01
   17       -1.780307e-01
   18       -1.654823e+00
   19        6.307942e-01
   20        3.210213e-01
   21        9.606863e-03
   22        1.453403e-01
   23       -1.293891e+00
   24        7.684630e-01
   25       -4.034241e-02
   26       -1.110571e+00
   27        1.146930e+00
   28       -1.001386e+00
   29        1.396404e+00
   30       -9.070480e-01
   31       -6.583260e-02
   32       -5.785156e-01
   33       -9.793248e-01
   34       -9.910840e-01
   35        1.779525e+00
   36       -1.614994e-02
   37       -4.872083e-01
   38       -2.321409e-01
   39       -1.156122e+00
   40       -5.281828e-01
   41        3.828189e-01
   42        1.329936e-01
   43       -9.178579e-01
   44       -2.193224e-01
   45       -2.562147e+00
   46       -1.143938e+00
   47       -1.925744e+00
   48       -3.193156e-01
   49        9.577607e-01
   50        2.864353e-01
   51       -1.088053e-01
   52        1.264367e+00
   53       -9.231264e-01
   54        8.744162e-01
   55        2.421035e-01
   56        2.119235e+00
   57        7.083614e-01
   58       -9.463550e-01
   59        1.101921e+00
   60       -1.790911e+00
   61        1.164699e+00
   62       -1.207016e-03
   63        4.761623e-01
   64       -6.484339e-01
   65        1.197073e+00
   66        1.586023e+00
   67        8.290468e-01
   68        7.891281e-01
   69       -7.344766e-01
   70        1.685746e-01
   71        1.288267e+00
   72        1.106653e+00
   73        5.293474e-01
   74        2.530367e-01
   75        2.474614e+00
   76        1.998861e+00
   77        1.647821e+00
   78        7.648183e-01
   79        1.610152e-01
   80       -1.399298e+00
   81        6.837117e-01
   82       -1.776767e+00
   83        6.950200e-01
   84       -8.870192e-01
   85       -4.283898e-01
   86        6.722036e-02
   87        2.157146e-01
   88       -5.271201e-01
   89        1.736985e+00
   90        1.349199e+00
   91       -2.495948e-01
   92        4.283876e-01
   93       -1.265093e-01
   94        2.748490e-01
   95        5.529419e-02
   96       -1.174456e-01
   97        1.251733e+00
   98       -7.572722e-01
   99        7.854092e-01
  100        5.223015e-02
;
param outliervec_original :=
    1    0
    2    1
    3    1
    4    1
    5    1
    6    0
    7    0
    8    0
    9    1
   10    1
   11    1
   12    1
   13    1
   14    1
   15    1
   16    0
   17    1
   18    1
   19    1
   20    1
   21    1
   22    1
   23    0
   24    1
   25    1
   26    0
   27    1
   28    1
   29    1
   30    1
   31    1
   32    0
   33    0
   34    1
   35    0
   36    1
   37    0
   38    1
   39    0
   40    1
   41    1
   42    1
   43    1
   44    1
   45    0
   46    1
   47    1
   48    1
   49    1
   50    1
   51    1
   52    1
   53    1
   54    1
   55    1
   56    0
   57    1
   58    1
   59    1
   60    0
   61    0
   62    1
   63    1
   64    1
   65    0
   66    1
   67    1
   68    1
   69    1
   70    1
   71    1
   72    1
   73    1
   74    1
   75    1
   76    1
   77    1
   78    1
   79    0
   80    1
   81    1
   82    1
   83    1
   84    1
   85    1
   86    1
   87    1
   88    1
   89    1
   90    1
   91    1
   92    1
   93    1
   94    1
   95    1
   96    1
   97    0
   98    0
   99    1
  100    1
;
param d:= 76;
param r:=5;
param p:=0.800000;
param M:=1000;
param U:=
         1         1       -2.763439e-01
         2         1        6.708403e-01
         3         1       -5.920227e-01
         4         1        7.447855e-01
         5         1        4.825570e-01
         6         1        1.421883e+00
         7         1       -7.042465e-01
         8         1       -5.295693e-02
         9         1        9.794966e-01
        10         1        1.717889e+00
        11         1        9.796331e-02
        12         1       -2.154736e+00
        13         1        3.138433e-01
        14         1        8.046306e-01
        15         1        7.820397e-01
        16         1        1.223565e+00
        17         1       -1.587350e+00
        18         1        6.892640e-01
        19         1       -7.472492e-01
        20         1        4.095458e-02
        21         1       -6.281168e-01
        22         1       -2.014802e+00
        23         1        1.324969e+00
        24         1        1.015901e-01
        25         1       -1.686169e+00
        26         1        3.371209e-01
        27         1       -5.384469e-01
        28         1        1.731819e+00
        29         1       -1.077708e+00
        30         1        1.012989e+00
        31         1       -1.135319e-01
        32         1        9.964623e-01
        33         1       -2.202486e+00
        34         1        7.349576e-01
        35         1        1.881807e+00
        36         1        1.789880e+00
        37         1       -1.809324e+00
        38         1        1.728216e-01
        39         1        8.491340e-01
        40         1       -1.923254e+00
        41         1       -8.988324e-01
        42         1        7.536871e-02
        43         1        3.315788e-01
        44         1        2.128352e+00
        45         1       -9.306038e-02
        46         1       -5.391896e-01
        47         1        1.167580e+00
        48         1        2.348228e-01
        49         1       -6.466603e-01
        50         1        3.007371e-01
        51         1        1.178282e+00
        52         1        1.944483e+00
        53         1       -5.082671e-01
        54         1       -1.449340e-01
        55         1        8.345050e-02
        56         1        7.588299e-01
        57         1        2.030098e+00
        58         1        1.097996e+00
        59         1        4.097565e-01
        60         1       -1.590106e+00
        61         1        2.608580e-01
        62         1       -1.365444e+00
        63         1        1.424013e+00
        64         1        3.175296e-01
        65         1       -1.340743e-01
        66         1       -7.043147e-01
        67         1        5.689516e-01
        68         1        9.131680e-01
        69         1        1.310455e+00
        70         1        9.489465e-01
        71         1        4.550717e-02
        72         1       -2.313693e-01
        73         1        8.426263e-01
        74         1       -4.546342e-01
        75         1        3.027250e-01
        76         1        1.777846e-01
         1         2       -1.064697e+00
         2         2       -4.114552e-01
         3         2       -6.895938e-01
         4         2        5.247040e-01
         5         2       -4.871547e-01
         6         2        6.669308e-01
         7         2       -7.583702e-01
         8         2       -1.038434e+00
         9         2        2.023886e-02
        10         2        1.334432e-01
        11         2       -8.093454e-01
        12         2       -3.219931e-01
        13         2       -5.932169e-01
        14         2        3.051405e-01
        15         2       -7.723699e-01
        16         2       -7.580629e-01
        17         2        1.486444e+00
        18         2        2.428749e-01
        19         2       -8.371824e-01
        20         2        7.290950e-01
        21         2        1.459379e+00
        22         2        7.491246e-02
        23         2       -4.193116e-01
        24         2       -1.510145e+00
        25         2        5.811941e-01
        26         2       -6.425066e-01
        27         2        7.302328e-01
        28         2        8.995295e-02
        29         2       -8.112437e-01
        30         2       -3.044128e-01
        31         2       -3.365264e-01
        32         2        1.963245e+00
        33         2        2.231380e+00
        34         2        6.951794e-02
        35         2        1.081511e-01
        36         2       -1.628423e+00
        37         2       -1.476542e+00
        38         2        6.250483e-01
        39         2       -3.076757e-01
        40         2        1.232418e-01
        41         2       -9.066922e-01
        42         2       -4.105856e-01
        43         2       -2.998922e-01
        44         2        5.443082e-01
        45         2        1.355164e+00
        46         2       -1.684528e+00
        47         2       -1.201130e+00
        48         2       -1.026826e-01
        49         2        3.231725e-01
        50         2       -2.141079e-01
        51         2        2.483027e-01
        52         2        6.083080e-01
        53         2       -1.003610e+00
        54         2       -5.235991e-01
        55         2       -3.033138e-01
        56         2        4.292188e-01
        57         2       -5.810092e-01
        58         2       -1.168506e+00
        59         2        1.049037e+00
        60         2        6.070274e-01
        61         2       -2.065832e+00
        62         2        1.213648e+00
        63         2       -7.269997e-03
        64         2       -6.811191e-01
        65         2        4.007568e-01
        66         2       -6.444574e-01
        67         2       -1.306031e-01
        68         2       -5.165243e-01
        69         2       -5.524019e-01
        70         2       -5.056395e-01
        71         2        6.198068e-01
        72         2        1.394627e+00
        73         2       -1.057099e-01
        74         2       -1.161812e+00
        75         2        4.079855e-01
        76         2       -2.557907e+00
         1         3       -7.571386e-01
         2         3        1.193446e-01
         3         3        4.556670e-01
         4         3        8.945684e-01
         5         3       -1.539171e-01
         6         3       -8.190019e-01
         7         3        3.487491e-01
         8         3       -5.263058e-01
         9         3       -4.868152e-01
        10         3       -9.478544e-01
        11         3       -9.342793e-02
        12         3       -1.363344e+00
        13         3        4.673470e-01
        14         3       -1.255285e+00
        15         3       -3.853446e-01
        16         3       -1.257825e-02
        17         3        2.537993e+00
        18         3       -4.146960e-01
        19         3       -3.417536e-03
        20         3       -2.591751e-01
        21         3        7.333084e-01
        22         3        6.621012e-01
        23         3       -4.462117e-01
        24         3       -1.974709e-01
        25         3        1.196990e+00
        26         3       -2.488101e+00
        27         3       -4.819018e-01
        28         3        3.381893e-01
        29         3        2.106023e+00
        30         3       -1.405730e-01
        31         3        8.064880e-01
        32         3       -1.858104e-01
        33         3        2.038210e+00
        34         3       -1.783060e+00
        35         3        1.169116e+00
        36         3       -1.809354e+00
        37         3       -3.890712e-01
        38         3       -3.600791e-03
        39         3       -3.392603e-01
        40         3        2.745820e-01
        41         3       -9.959525e-01
        42         3       -1.118394e+00
        43         3        2.159555e+00
        44         3        1.114901e-01
        45         3        1.313672e-01
        46         3        3.405003e-04
        47         3        5.629768e-01
        48         3        1.593489e-01
        49         3       -7.762694e-01
        50         3        2.013263e+00
        51         3        1.044099e+00
        52         3       -1.084538e+00
        53         3       -3.251496e-01
        54         3        3.768153e-01
        55         3        2.912280e-01
        56         3        1.023267e+00
        57         3       -1.648310e+00
        58         3       -1.146617e+00
        59         3        1.819252e-01
        60         3        1.166357e+00
        61         3       -1.350574e+00
        62         3       -7.525537e-01
        63         3        4.508851e-01
        64         3       -2.445853e+00
        65         3       -1.430501e+00
        66         3       -8.469131e-01
        67         3        1.203654e+00
        68         3        2.214783e+00
        69         3       -1.628107e+00
        70         3       -3.821128e-01
        71         3        1.336179e+00
        72         3        2.225449e+00
        73         3        7.838344e-01
        74         3       -5.004336e-01
        75         3       -5.598693e-01
        76         3       -3.758171e-02
         1         4        3.748143e-01
         2         4        2.245428e-01
         3         4        3.492936e-01
         4         4        1.908492e+00
         5         4       -5.825191e-01
         6         4        8.594281e-01
         7         4        9.336004e-03
         8         4       -3.695634e-01
         9         4       -3.801753e-02
        10         4       -1.218909e+00
        11         4        8.705338e-01
        12         4        2.376983e-01
        13         4       -2.514108e-01
        14         4       -5.773999e-01
        15         4        9.807440e-04
        16         4        1.487594e-01
        17         4       -2.397659e-01
        18         4        1.975990e-01
        19         4        1.373368e-01
        20         4       -7.428888e-01
        21         4        2.619537e-01
        22         4        7.552308e-02
        23         4        2.247319e-01
        24         4       -2.139817e+00
        25         4       -2.945016e-01
        26         4        1.875057e+00
        27         4        1.230327e+00
        28         4        2.110099e+00
        29         4        1.934611e+00
        30         4       -5.982026e-01
        31         4       -1.563335e+00
        32         4        6.258242e-01
        33         4        8.590878e-01
        34         4       -3.344320e-01
        35         4       -2.200598e+00
        36         4        1.613961e+00
        37         4       -1.606269e-01
        38         4       -6.893685e-01
        39         4       -4.340423e-01
        40         4        5.625954e-01
        41         4        1.521320e-02
        42         4       -9.154495e-01
        43         4       -1.094147e-01
        44         4       -5.313571e-01
        45         4        2.205084e-01
        46         4       -2.282860e-01
        47         4       -3.156686e-01
        48         4        3.237246e-01
        49         4        1.581919e+00
        50         4       -4.765808e-01
        51         4        9.049903e-01
        52         4       -2.156949e-01
        53         4       -1.665998e-02
        54         4       -1.265971e-01
        55         4        4.386534e-01
        56         4        1.144605e+00
        57         4       -9.478660e-01
        58         4       -2.323597e-02
        59         4        5.545882e-02
        60         4        9.696805e-01
        61         4       -1.034518e+00
        62         4       -7.067460e-01
        63         4        1.925440e+00
        64         4       -3.926593e-02
        65         4        8.217586e-01
        66         4        4.727943e-01
        67         4        8.056286e-01
        68         4        1.763049e-01
        69         4        2.892485e-01
        70         4       -6.478532e-01
        71         4        4.582620e-01
        72         4        2.877903e+00
        73         4       -2.153999e+00
        74         4        4.946503e-01
        75         4       -7.237859e-01
        76         4       -2.066474e+00
         1         5        8.266531e-01
         2         5        6.385704e-01
         3         5        2.701023e-01
         4         5       -8.422344e-02
         5         5       -8.816214e-01
         6         5       -1.306707e+00
         7         5       -4.786056e-01
         8         5        6.366507e-01
         9         5       -2.181590e-01
        10         5       -4.031668e-01
        11         5       -1.279383e-02
        12         5       -6.654258e-01
        13         5       -5.340890e-02
        14         5        6.274419e-01
        15         5        1.413346e+00
        16         5        6.454157e-01
        17         5        2.352400e-01
        18         5       -3.238389e-01
        19         5        1.136482e+00
        20         5        6.368902e-01
        21         5       -1.295222e+00
        22         5       -5.550114e-01
        23         5       -4.322568e-01
        24         5        1.544684e+00
        25         5       -2.981404e-01
        26         5        4.235346e-01
        27         5       -4.957960e-01
        28         5        9.354135e-01
        29         5        1.664671e+00
        30         5        1.090792e+00
        31         5        1.142643e+00
        32         5        6.140778e-01
        33         5       -5.948727e-01
        34         5       -2.687488e-01
        35         5       -1.753574e+00
        36         5        2.405699e-01
        37         5        2.640318e-01
        38         5        2.538287e-01
        39         5       -5.457665e-01
        40         5       -1.043475e+00
        41         5        2.155557e-01
        42         5        1.764799e+00
        43         5       -7.964153e-01
        44         5        6.184471e-01
        45         5       -3.727948e-01
        46         5        5.651405e-02
        47         5       -5.773544e-01
        48         5        1.541114e+00
        49         5        3.243555e-01
        50         5       -2.122637e-01
        51         5       -1.585809e+00
        52         5       -4.126980e-02
        53         5       -6.313742e-01
        54         5       -2.216762e+00
        55         5       -9.057415e-01
        56         5        3.008533e-01
        57         5        1.376653e-01
        58         5       -1.864978e-01
        59         5       -8.841297e-01
        60         5       -2.599089e-01
        61         5        5.548023e-01
        62         5        2.747233e-01
        63         5       -1.503363e-01
        64         5        1.013912e+00
        65         5        3.518765e-02
        66         5       -8.663982e-01
        67         5       -4.441550e-01
        68         5       -8.032492e-01
        69         5       -6.375364e-01
        70         5        1.682837e+00
        71         5        3.544181e-01
        72         5       -2.919318e-01
        73         5       -9.491777e-02
        74         5       -4.721013e-01
        75         5        4.537895e-01
        76         5        5.436498e-01
;

param theta:=
    1       -5.511375e-01
    2       -5.328187e-01
    3        8.111852e-02
    4       -3.158368e-01
    5       -1.226743e+00
;
param X_true:=
    1       -4.733539e-01
    2       -9.950942e-01
    3        2.894429e-01
    4       -1.115321e+00
    5        1.246022e+00
    6        1.250584e-01
    7        1.405245e+00
    8       -1.239427e-01
    9       -3.098952e-01
   10       -2.148138e-01
   11        1.123728e-01
   12        1.991069e+00
   13        3.251046e-01
   14       -1.293891e+00
   15       -1.782845e+00
   16       -1.110571e+00
   17        7.578012e-02
   18       -2.071198e-01
   19       -5.785156e-01
   20       -9.793248e-01
   21        1.135258e+00
   22        1.779525e+00
   23       -8.271745e-02
   24       -4.872083e-01
   25        1.173970e+00
   26       -1.156122e+00
   27        8.932203e-02
   28       -2.790536e+00
   29       -1.455472e+00
   30       -1.554424e+00
   31       -6.006763e-01
   32       -2.562147e+00
   33        6.489182e-01
   34       -1.514723e-01
   35        1.847168e+00
   36       -1.070367e+00
   37        1.478858e+00
   38       -5.225136e-01
   39        4.752468e-01
   40        2.119235e+00
   41        6.292010e-01
   42       -1.790911e+00
   43        1.164699e+00
   44       -2.043817e+00
   45       -2.731310e-01
   46        1.197073e+00
   47        8.517126e-01
   48       -2.053791e+00
   49       -7.733796e-01
   50        5.236405e-01
   51        9.630317e-01
   52       -1.366530e+00
   53        1.567553e+00
   54        3.147737e+00
   55        1.110390e+00
   56       -1.292533e+00
   57       -8.114065e-01
   58        1.610152e-01
   59        2.972137e-01
   60        6.599028e-01
   61        4.926629e-01
   62       -6.946312e-02
   63       -1.165671e+00
   64       -1.239812e+00
   65       -5.597699e-01
   66        1.576622e+00
   67        1.426765e-01
   68        8.817377e-01
   69        1.298970e-01
   70       -2.145452e+00
   71       -8.270706e-01
   72       -9.856615e-01
   73        4.530417e-01
   74        1.251733e+00
   75       -7.572722e-01
   76        1.247526e+00
;
param X:=
    1       -4.733539e-01
    2        1.053924e+00
    3       -2.614655e-01
    4        1.161231e+00
    5        1.246022e+00
    6        1.250584e-01
    7        1.405245e+00
    8       -6.042591e-01
    9       -9.933986e-01
   10       -7.066920e-01
   11        1.123728e-01
   12        9.606863e-03
   13        1.453403e-01
   14       -1.293891e+00
   15       -4.034241e-02
   16       -1.110571e+00
   17       -1.001386e+00
   18       -9.070480e-01
   19       -5.785156e-01
   20       -9.793248e-01
   21       -9.910840e-01
   22        1.779525e+00
   23       -1.614994e-02
   24       -4.872083e-01
   25       -2.321409e-01
   26       -1.156122e+00
   27       -5.281828e-01
   28        3.828189e-01
   29        1.329936e-01
   30       -9.178579e-01
   31       -2.193224e-01
   32       -2.562147e+00
   33       -1.143938e+00
   34       -3.193156e-01
   35        9.577607e-01
   36        2.864353e-01
   37        1.264367e+00
   38       -9.231264e-01
   39        8.744162e-01
   40        2.119235e+00
   41        7.083614e-01
   42       -1.790911e+00
   43        1.164699e+00
   44       -1.207016e-03
   45       -6.484339e-01
   46        1.197073e+00
   47        8.290468e-01
   48       -7.344766e-01
   49        1.685746e-01
   50        1.288267e+00
   51        1.106653e+00
   52        5.293474e-01
   53        2.530367e-01
   54        2.474614e+00
   55        1.998861e+00
   56        1.647821e+00
   57        7.648183e-01
   58        1.610152e-01
   59       -1.399298e+00
   60        6.837117e-01
   61        6.950200e-01
   62       -8.870192e-01
   63       -4.283898e-01
   64        6.722036e-02
   65        2.157146e-01
   66       -5.271201e-01
   67        1.736985e+00
   68        1.349199e+00
   69       -2.495948e-01
   70       -1.265093e-01
   71        2.748490e-01
   72        5.529419e-02
   73       -1.174456e-01
   74        1.251733e+00
   75       -7.572722e-01
   76        7.854092e-01
;
param outliervec:=
    1    0
    2    1
    3    1
    4    1
    5    0
    6    0
    7    0
    8    1
    9    1
   10    1
   11    0
   12    1
   13    1
   14    0
   15    1
   16    0
   17    1
   18    1
   19    0
   20    0
   21    1
   22    0
   23    1
   24    0
   25    1
   26    0
   27    1
   28    1
   29    1
   30    1
   31    1
   32    0
   33    1
   34    1
   35    1
   36    1
   37    1
   38    1
   39    1
   40    0
   41    1
   42    0
   43    0
   44    1
   45    1
   46    0
   47    1
   48    1
   49    1
   50    1
   51    1
   52    1
   53    1
   54    1
   55    1
   56    1
   57    1
   58    0
   59    1
   60    1
   61    1
   62    1
   63    1
   64    1
   65    1
   66    1
   67    1
   68    1
   69    1
   70    1
   71    1
   72    1
   73    1
   74    0
   75    0
   76    1
; 
param greedy_time :=         2.374985e-01
;