data;


param FN:= 0;
param D:= 100;
param U_Original:=
         1         1       -9.196584e-01
         2         1       -2.256255e-01
         3         1       -1.041036e+00
         4         1        1.493221e+00
         5         1       -1.261639e+00
         6         1        7.586100e-02
         7         1       -1.017953e+00
         8         1        4.473655e-01
         9         1        7.416837e-01
        10         1        8.965147e-01
        11         1       -1.561919e+00
        12         1       -4.891928e-01
        13         1       -7.649323e-01
        14         1        2.154906e-01
        15         1        3.469331e-01
        16         1        3.012726e-01
        17         1       -9.836712e-01
        18         1        1.197846e+00
        19         1       -8.306664e-01
        20         1       -9.031808e-01
        21         1       -3.609200e-02
        22         1        1.801818e+00
        23         1        7.717936e-01
        24         1        1.903812e-01
        25         1       -7.002021e-01
        26         1       -3.266766e-01
        27         1        7.730945e-01
        28         1        3.190271e-01
        29         1        2.073830e+00
        30         1        3.111968e-01
        31         1       -6.464425e-01
        32         1       -9.949591e-01
        33         1       -7.505507e-01
        34         1        4.714542e-01
        35         1       -5.461818e-01
        36         1       -1.380498e+00
        37         1        8.657107e-01
        38         1        3.406659e-01
        39         1        5.309145e-01
        40         1        7.708011e-01
        41         1        1.180698e+00
        42         1       -1.031192e+00
        43         1       -9.355406e-01
        44         1       -2.238334e-01
        45         1        4.541406e-01
        46         1       -3.886536e-01
        47         1        6.432155e-01
        48         1        5.225211e-01
        49         1        5.706900e-01
        50         1       -1.666772e+00
        51         1        7.784507e-01
        52         1        7.006055e-02
        53         1        1.930440e-01
        54         1        2.052354e+00
        55         1        2.515789e+00
        56         1        1.848905e+00
        57         1       -1.715174e+00
        58         1       -1.041884e+00
        59         1       -1.447547e-01
        60         1        2.285651e-01
        61         1       -7.504625e-01
        62         1        2.797473e-01
        63         1        1.315349e+00
        64         1        1.372959e+00
        65         1        4.100323e-01
        66         1        4.357119e-01
        67         1       -2.589471e-01
        68         1        6.684942e-01
        69         1        1.341756e+00
        70         1       -2.917723e-01
        71         1        1.308565e+00
        72         1        2.399880e+00
        73         1        1.041139e+00
        74         1        4.222550e-01
        75         1       -6.498725e-01
        76         1        1.054048e-01
        77         1       -1.073430e+00
        78         1       -1.391531e+00
        79         1        6.740748e-01
        80         1       -5.410932e-01
        81         1       -1.393662e+00
        82         1        4.101371e-01
        83         1        9.905517e-01
        84         1       -3.361279e-01
        85         1       -1.133383e+00
        86         1        8.017229e-01
        87         1        6.477035e-01
        88         1        1.922555e+00
        89         1        4.965226e-01
        90         1       -1.401790e+00
        91         1        1.665108e-01
        92         1        1.255498e+00
        93         1       -2.370649e-01
        94         1        6.285591e-01
        95         1        5.325644e-01
        96         1        9.850473e-01
        97         1       -9.785231e-01
        98         1       -1.055639e-01
        99         1       -7.173128e-02
       100         1        2.596746e-01
         1         2       -9.375140e-01
         2         2       -1.477931e+00
         3         2        1.005076e+00
         4         2       -8.623677e-01
         5         2        7.669250e-01
         6         2       -6.181656e-01
         7         2       -1.769250e-01
         8         2       -6.281082e-01
         9         2        8.427722e-01
        10         2        2.416489e-03
        11         2        1.650613e+00
        12         2        9.068068e-01
        13         2        8.048656e-02
        14         2        9.323831e-02
        15         2       -1.273336e+00
        16         2        1.317997e+00
        17         2       -2.341361e-01
        18         2        5.344231e-01
        19         2        4.379247e-01
        20         2       -1.710599e-01
        21         2       -4.572780e-01
        22         2       -5.975216e-01
        23         2       -1.307068e+00
        24         2        3.308015e-01
        25         2        1.744688e+00
        26         2       -1.138364e+00
        27         2       -8.701379e-01
        28         2        1.424746e+00
        29         2        7.788522e-01
        30         2        2.064057e+00
        31         2        1.011279e+00
        32         2       -7.396278e-01
        33         2        3.324798e-01
        34         2       -2.651846e-01
        35         2       -7.537961e-01
        36         2        2.206233e+00
        37         2        5.227619e-01
        38         2        3.860751e-01
        39         2        1.293759e+00
        40         2        3.793283e-01
        41         2       -8.281272e-01
        42         2        4.564428e-01
        43         2       -4.494988e-01
        44         2       -3.943718e-01
        45         2        2.032588e-01
        46         2        1.008712e+00
        47         2        3.209804e-01
        48         2       -4.838683e-02
        49         2       -1.037386e+00
        50         2        2.974109e-01
        51         2       -1.978054e+00
        52         2        5.598954e-01
        53         2        3.014273e-01
        54         2       -4.542756e-01
        55         2        1.036293e+00
        56         2       -3.503478e-01
        57         2        7.970161e-01
        58         2        1.898330e+00
        59         2       -1.478113e-01
        60         2        2.739962e+00
        61         2        1.246176e+00
        62         2        4.255990e-01
        63         2        6.802718e-03
        64         2        4.183314e-01
        65         2       -6.683077e-01
        66         2       -5.614115e-01
        67         2        1.980203e+00
        68         2        6.057883e-01
        69         2       -1.074367e+00
        70         2       -1.651096e+00
        71         2        5.996360e-01
        72         2        4.805830e-01
        73         2        8.723778e-01
        74         2       -7.377751e-01
        75         2        1.750626e+00
        76         2       -3.506336e-02
        77         2       -1.347516e+00
        78         2       -3.141340e-01
        79         2        2.970344e-01
        80         2       -5.981830e-01
        81         2        1.713917e-01
        82         2        4.112662e-01
        83         2        2.996149e-01
        84         2       -5.510158e-01
        85         2        6.980673e-01
        86         2        6.512696e-02
        87         2        5.705992e-01
        88         2        2.676959e-01
        89         2        5.003075e-01
        90         2        1.660904e-01
        91         2        3.811640e-01
        92         2       -7.590980e-01
        93         2       -4.097990e-01
        94         2       -8.680799e-01
        95         2       -1.414393e-01
        96         2        2.230503e-01
        97         2        1.601433e+00
        98         2        1.134469e+00
        99         2       -3.212390e-01
       100         2       -8.889329e-01
         1         3       -1.393482e-01
         2         3        1.524209e+00
         3         3        1.230895e+00
         4         3        8.513390e-01
         5         3        1.626399e+00
         6         3       -1.149657e+00
         7         3        6.792232e-01
         8         3       -5.583249e-01
         9         3       -1.563397e+00
        10         3        1.127312e+00
        11         3        7.290656e-02
        12         3        9.162548e-01
        13         3        3.422699e-01
        14         3        1.199488e+00
        15         3       -1.498199e+00
        16         3       -6.838951e-01
        17         3       -1.523641e+00
        18         3       -3.913287e-01
        19         3        9.852606e-01
        20         3        1.998953e+00
        21         3       -5.933048e-01
        22         3       -5.333742e-01
        23         3       -2.032478e+00
        24         3        1.504194e+00
        25         3       -5.485535e-01
        26         3       -1.821353e+00
        27         3        1.205625e+00
        28         3        1.333428e+00
        29         3       -3.060612e-01
        30         3       -6.749551e-02
        31         3       -1.022585e+00
        32         3       -1.899980e-01
        33         3       -3.606574e-01
        34         3        1.772114e+00
        35         3       -1.564808e+00
        36         3        1.123786e+00
        37         3        7.201847e-01
        38         3        9.874579e-01
        39         3        1.850065e-01
        40         3        4.495119e-01
        41         3        5.132699e-01
        42         3       -3.227072e-01
        43         3       -4.852781e-01
        44         3        2.192513e-01
        45         3        3.454503e-01
        46         3        7.652065e-01
        47         3       -8.012713e-01
        48         3        2.540745e+00
        49         3       -3.287600e-01
        50         3       -6.313018e-01
        51         3        7.637409e-01
        52         3       -5.805117e-01
        53         3       -1.759499e+00
        54         3        3.277846e+00
        55         3       -7.455464e-01
        56         3       -5.543471e-01
        57         3       -7.615561e-01
        58         3       -1.050406e+00
        59         3        4.686033e-01
        60         3       -1.825410e+00
        61         3        4.347985e-02
        62         3        1.235643e+00
        63         3        9.373040e-01
        64         3       -2.262323e+00
        65         3        5.120971e-02
        66         3       -8.095563e-02
        67         3        9.042049e-01
        68         3        4.175985e-01
        69         3        5.835809e-01
        70         3        1.936937e-01
        71         3       -2.632138e-01
        72         3       -8.092393e-01
        73         3       -1.908425e+00
        74         3        1.460728e+00
        75         3       -2.436286e+00
        76         3       -1.412111e+00
        77         3        2.272929e-01
        78         3        6.600279e-01
        79         3       -8.315260e-01
        80         3        1.468203e+00
        81         3       -3.331033e-01
        82         3       -1.094346e+00
        83         3       -8.940524e-02
        84         3       -4.997202e-01
        85         3       -2.458201e+00
        86         3        1.999146e+00
        87         3        8.210615e-01
        88         3       -7.575309e-01
        89         3       -1.248365e+00
        90         3       -4.417207e-01
        91         3       -2.896205e-01
        92         3        2.895753e-01
        93         3       -1.899626e-01
        94         3        1.523057e+00
        95         3       -1.948693e+00
        96         3       -1.463158e-01
        97         3       -1.896830e-01
        98         3        6.248937e-01
        99         3       -7.792225e-01
       100         3       -2.672549e+00
         1         4        2.373307e-03
         2         4        6.833639e-01
         3         4        6.525832e-01
         4         4        5.323194e-01
         5         4       -6.976196e-01
         6         4        6.750324e-01
         7         4       -2.569510e+00
         8         4        9.910990e-01
         9         4        7.762146e-01
        10         4       -7.514560e-01
        11         4        1.042313e+00
        12         4       -6.998753e-02
        13         4       -3.054343e+00
        14         4        1.505608e+00
        15         4       -2.087652e-01
        16         4        3.360835e-01
        17         4       -9.270462e-01
        18         4        9.394235e-01
        19         4        1.149545e+00
        20         4       -1.545301e-01
        21         4       -6.871927e-01
        22         4        1.326736e+00
        23         4        3.836794e-01
        24         4        3.841902e-01
        25         4       -9.684068e-02
        26         4       -2.510181e-01
        27         4       -1.843705e+00
        28         4        6.149656e-01
        29         4        5.191023e-01
        30         4       -6.588032e-01
        31         4        2.911489e-01
        32         4        1.340969e+00
        33         4       -9.633100e-01
        34         4        3.433659e-01
        35         4        5.200677e-01
        36         4       -6.284944e-01
        37         4        5.556158e-01
        38         4        1.331811e+00
        39         4       -8.630944e-01
        40         4        4.380245e-01
        41         4        1.461532e+00
        42         4       -3.227343e-01
        43         4       -1.208369e-01
        44         4        4.760341e-02
        45         4       -2.303631e+00
        46         4       -1.004822e+00
        47         4        1.139439e+00
        48         4       -9.450805e-04
        49         4        2.096715e-01
        50         4        1.709335e-02
        51         4        4.294838e-01
        52         4       -1.265546e-01
        53         4        7.450022e-01
        54         4        1.370128e+00
        55         4        3.006225e-01
        56         4       -9.534984e-01
        57         4        3.021790e-01
        58         4       -1.106677e+00
        59         4        1.671041e+00
        60         4        1.751871e+00
        61         4       -4.036533e-01
        62         4        3.197963e-01
        63         4       -1.373563e+00
        64         4        8.445239e-01
        65         4        1.663186e+00
        66         4        3.089880e-02
        67         4       -1.646773e+00
        68         4       -1.235987e+00
        69         4        1.125095e+00
        70         4        1.358464e+00
        71         4       -2.188713e+00
        72         4        5.200637e-02
        73         4        5.190447e-01
        74         4        5.326084e-01
        75         4       -7.481281e-01
        76         4        1.543061e+00
        77         4       -6.428117e-01
        78         4       -4.344072e-01
        79         4        1.066646e-01
        80         4        1.050908e+00
        81         4       -6.181272e-01
        82         4        8.088335e-01
        83         4        8.799558e-01
        84         4       -1.066522e+00
        85         4        1.299139e+00
        86         4        2.304466e-01
        87         4        2.716906e-01
        88         4       -7.321266e-01
        89         4       -9.573687e-01
        90         4       -1.073488e+00
        91         4       -9.000020e-01
        92         4       -6.223679e-01
        93         4        1.200059e+00
        94         4       -7.296088e-01
        95         4        8.537239e-01
        96         4        8.813038e-01
        97         4        2.201123e-01
        98         4        7.896412e-01
        99         4        9.794069e-01
       100         4        4.883535e-01
         1         5       -1.143686e+00
         2         5        5.687624e-01
         3         5        8.290741e-01
         4         5        6.143969e-01
         5         5        1.059393e+00
         6         5        4.846399e-01
         7         5       -8.265391e-01
         8         5       -7.067901e-01
         9         5        1.260555e+00
        10         5        8.204180e-01
        11         5        2.905711e-01
        12         5       -3.876775e-01
        13         5       -8.409272e-03
        14         5       -2.904024e-01
        15         5       -2.435774e+00
        16         5       -1.181102e+00
        17         5        2.504432e-01
        18         5        1.947464e-02
        19         5        6.026631e-01
        20         5       -1.002584e+00
        21         5       -1.142966e-01
        22         5        8.956366e-01
        23         5       -1.026313e+00
        24         5        2.894786e-01
        25         5        2.350218e+00
        26         5        1.626690e+00
        27         5        1.835542e+00
        28         5        3.415058e-01
        29         5       -8.856063e-01
        30         5        2.723772e+00
        31         5       -9.099918e-01
        32         5        1.239755e+00
        33         5        7.650958e-01
        34         5       -9.993927e-01
        35         5       -2.180174e+00
        36         5       -3.812042e-02
        37         5       -3.917128e-01
        38         5       -6.052648e-01
        39         5       -3.670567e-01
        40         5        2.047922e-01
        41         5        8.350412e-01
        42         5        4.833987e-01
        43         5        9.139385e-01
        44         5       -1.096126e+00
        45         5       -2.788021e-01
        46         5        1.069955e+00
        47         5        1.065796e+00
        48         5        6.688326e-01
        49         5        1.221996e+00
        50         5       -8.385115e-01
        51         5       -1.067529e+00
        52         5        3.737169e-01
        53         5        9.875378e-01
        54         5        8.294357e-01
        55         5       -3.310831e-01
        56         5        1.330408e+00
        57         5        4.167989e-01
        58         5        1.002355e-01
        59         5       -1.352430e+00
        60         5       -5.140284e-01
        61         5       -1.501463e+00
        62         5        1.605403e+00
        63         5        1.752242e-01
        64         5        1.037330e+00
        65         5        1.092450e+00
        66         5       -1.878021e+00
        67         5       -3.304372e-01
        68         5       -2.065226e+00
        69         5       -1.105874e+00
        70         5       -5.428511e-01
        71         5        9.758822e-01
        72         5       -3.734153e-01
        73         5       -2.647903e-02
        74         5       -7.149322e-01
        75         5        4.204408e-01
        76         5       -6.984632e-01
        77         5        8.121175e-01
        78         5        1.395372e+00
        79         5        1.595842e-01
        80         5       -8.275977e-01
        81         5       -5.837377e-01
        82         5        5.451506e-01
        83         5       -4.413181e-01
        84         5       -1.753097e+00
        85         5        6.563082e-01
        86         5        8.259821e-01
        87         5        1.610719e-01
        88         5       -8.261430e-01
        89         5       -2.087941e-01
        90         5        1.641310e-01
        91         5        4.493021e-01
        92         5        9.797511e-02
        93         5        3.685140e-01
        94         5       -8.712804e-01
        95         5        1.993583e+00
        96         5        2.040046e+00
        97         5        2.096021e+00
        98         5       -8.634806e-01
        99         5        1.081850e+00
       100         5        1.784562e+00
;
param X_Original:=
    1       -8.846408e-01
    2        1.723739e+00
    3       -7.222618e-01
    4       -4.544499e-01
    5       -1.307858e+00
    6       -1.755102e+00
    7       -3.881972e-01
    8        5.709871e-02
    9       -8.469273e-01
   10        1.714790e+00
   11       -7.778574e-01
   12       -1.862120e+00
   13       -4.853503e-01
   14        1.108441e+00
   15       -7.438102e-01
   16       -1.329551e+00
   17        6.931649e-01
   18       -1.254729e+00
   19       -6.916195e-01
   20        3.474893e+00
   21       -3.933945e-01
   22       -2.711788e-02
   23        5.510663e-01
   24       -1.647584e+00
   25       -6.252871e+00
   26        1.822035e+00
   27        4.423204e-01
   28        2.537677e-01
   29       -2.192607e-01
   30       -1.708078e+00
   31       -4.159071e-01
   32        2.006174e-01
   33       -2.687349e+00
   34       -4.393479e-01
   35       -2.214425e-01
   36        8.849850e-02
   37        1.485111e+00
   38       -1.682964e+00
   39       -3.057728e-01
   40       -1.100324e+00
   41        4.835965e-01
   42        4.685160e-01
   43        5.209153e-01
   44        2.102540e+00
   45        1.098319e+00
   46        4.462538e-01
   47        6.251737e-02
   48        3.081466e-01
   49       -1.281545e+00
   50       -1.051882e+00
   51        4.653886e+00
   52       -1.225345e+00
   53       -3.861077e+00
   54        5.201588e+00
   55       -1.004165e+00
   56        1.376310e+00
   57       -1.190139e+00
   58       -3.680664e+00
   59        2.870667e+00
   60       -2.794750e+00
   61        9.582987e-02
   62       -9.887278e-01
   63        4.027616e-01
   64        3.649269e-02
   65        1.069389e+00
   66       -1.451471e+00
   67       -8.579871e-01
   68        8.505598e-01
   69       -2.806237e-01
   70       -1.853161e-01
   71       -7.796736e-01
   72        3.471626e+00
   73        2.488682e-01
   74       -8.810615e-01
   75        2.187022e+00
   76       -4.858624e-01
   77       -1.347113e+00
   78       -2.155746e+00
   79       -8.652071e-01
   80        8.863428e-01
   81       -4.143860e-02
   82       -2.485762e-01
   83        3.596791e-01
   84        2.167669e+00
   85        3.079450e-01
   86        2.154746e+00
   87       -6.710342e-01
   88       -2.520524e-01
   89        6.462207e-01
   90       -2.339686e+00
   91        8.126584e-01
   92        1.351005e+00
   93       -6.275678e-01
   94        2.101146e+00
   95       -5.174364e+00
   96       -1.149660e+00
   97        6.296151e-01
   98        1.520218e+00
   99       -2.354832e-01
  100        7.971313e-01
;
param outliervec_original :=
    1    1
    2    0
    3    1
    4    1
    5    0
    6    1
    7    1
    8    1
    9    1
   10    1
   11    1
   12    1
   13    0
   14    1
   15    1
   16    1
   17    1
   18    1
   19    0
   20    0
   21    0
   22    0
   23    0
   24    1
   25    0
   26    1
   27    1
   28    1
   29    1
   30    1
   31    1
   32    1
   33    0
   34    1
   35    1
   36    1
   37    1
   38    1
   39    1
   40    1
   41    1
   42    1
   43    1
   44    0
   45    0
   46    1
   47    1
   48    1
   49    0
   50    1
   51    0
   52    1
   53    0
   54    0
   55    1
   56    1
   57    1
   58    0
   59    0
   60    0
   61    1
   62    0
   63    1
   64    1
   65    1
   66    1
   67    1
   68    1
   69    1
   70    1
   71    1
   72    1
   73    1
   74    1
   75    1
   76    0
   77    1
   78    1
   79    0
   80    1
   81    1
   82    1
   83    1
   84    0
   85    1
   86    1
   87    1
   88    1
   89    1
   90    0
   91    1
   92    1
   93    1
   94    1
   95    0
   96    1
   97    1
   98    0
   99    1
  100    1
;
param d:= 77;
param r:=5;
param p:=0.740000;
param M:=1000;
param U:=
         1         1       -9.196584e-01
         2         1       -2.256255e-01
         3         1       -1.041036e+00
         4         1       -1.261639e+00
         5         1        7.586100e-02
         6         1       -1.017953e+00
         7         1        4.473655e-01
         8         1        7.416837e-01
         9         1        8.965147e-01
        10         1       -1.561919e+00
        11         1       -7.649323e-01
        12         1        2.154906e-01
        13         1        3.012726e-01
        14         1        1.197846e+00
        15         1       -8.306664e-01
        16         1       -9.031808e-01
        17         1       -3.609200e-02
        18         1        1.801818e+00
        19         1        7.717936e-01
        20         1       -7.002021e-01
        21         1        7.730945e-01
        22         1        3.190271e-01
        23         1        2.073830e+00
        24         1        3.111968e-01
        25         1       -6.464425e-01
        26         1       -9.949591e-01
        27         1       -7.505507e-01
        28         1       -5.461818e-01
        29         1       -1.380498e+00
        30         1        8.657107e-01
        31         1        5.309145e-01
        32         1        7.708011e-01
        33         1        1.180698e+00
        34         1       -2.238334e-01
        35         1        4.541406e-01
        36         1       -3.886536e-01
        37         1        6.432155e-01
        38         1        5.706900e-01
        39         1       -1.666772e+00
        40         1        7.784507e-01
        41         1        7.006055e-02
        42         1        1.930440e-01
        43         1        2.052354e+00
        44         1        2.515789e+00
        45         1       -1.715174e+00
        46         1       -1.041884e+00
        47         1       -1.447547e-01
        48         1        2.285651e-01
        49         1       -7.504625e-01
        50         1        2.797473e-01
        51         1        1.315349e+00
        52         1        4.100323e-01
        53         1       -2.589471e-01
        54         1        6.684942e-01
        55         1       -2.917723e-01
        56         1        1.308565e+00
        57         1        1.054048e-01
        58         1       -1.073430e+00
        59         1       -1.391531e+00
        60         1        6.740748e-01
        61         1       -5.410932e-01
        62         1       -1.393662e+00
        63         1        4.101371e-01
        64         1        9.905517e-01
        65         1       -3.361279e-01
        66         1        8.017229e-01
        67         1        6.477035e-01
        68         1        1.922555e+00
        69         1       -1.401790e+00
        70         1        1.665108e-01
        71         1        1.255498e+00
        72         1       -2.370649e-01
        73         1        6.285591e-01
        74         1        5.325644e-01
        75         1        9.850473e-01
        76         1       -1.055639e-01
        77         1       -7.173128e-02
         1         2       -9.375140e-01
         2         2       -1.477931e+00
         3         2        1.005076e+00
         4         2        7.669250e-01
         5         2       -6.181656e-01
         6         2       -1.769250e-01
         7         2       -6.281082e-01
         8         2        8.427722e-01
         9         2        2.416489e-03
        10         2        1.650613e+00
        11         2        8.048656e-02
        12         2        9.323831e-02
        13         2        1.317997e+00
        14         2        5.344231e-01
        15         2        4.379247e-01
        16         2       -1.710599e-01
        17         2       -4.572780e-01
        18         2       -5.975216e-01
        19         2       -1.307068e+00
        20         2        1.744688e+00
        21         2       -8.701379e-01
        22         2        1.424746e+00
        23         2        7.788522e-01
        24         2        2.064057e+00
        25         2        1.011279e+00
        26         2       -7.396278e-01
        27         2        3.324798e-01
        28         2       -7.537961e-01
        29         2        2.206233e+00
        30         2        5.227619e-01
        31         2        1.293759e+00
        32         2        3.793283e-01
        33         2       -8.281272e-01
        34         2       -3.943718e-01
        35         2        2.032588e-01
        36         2        1.008712e+00
        37         2        3.209804e-01
        38         2       -1.037386e+00
        39         2        2.974109e-01
        40         2       -1.978054e+00
        41         2        5.598954e-01
        42         2        3.014273e-01
        43         2       -4.542756e-01
        44         2        1.036293e+00
        45         2        7.970161e-01
        46         2        1.898330e+00
        47         2       -1.478113e-01
        48         2        2.739962e+00
        49         2        1.246176e+00
        50         2        4.255990e-01
        51         2        6.802718e-03
        52         2       -6.683077e-01
        53         2        1.980203e+00
        54         2        6.057883e-01
        55         2       -1.651096e+00
        56         2        5.996360e-01
        57         2       -3.506336e-02
        58         2       -1.347516e+00
        59         2       -3.141340e-01
        60         2        2.970344e-01
        61         2       -5.981830e-01
        62         2        1.713917e-01
        63         2        4.112662e-01
        64         2        2.996149e-01
        65         2       -5.510158e-01
        66         2        6.512696e-02
        67         2        5.705992e-01
        68         2        2.676959e-01
        69         2        1.660904e-01
        70         2        3.811640e-01
        71         2       -7.590980e-01
        72         2       -4.097990e-01
        73         2       -8.680799e-01
        74         2       -1.414393e-01
        75         2        2.230503e-01
        76         2        1.134469e+00
        77         2       -3.212390e-01
         1         3       -1.393482e-01
         2         3        1.524209e+00
         3         3        1.230895e+00
         4         3        1.626399e+00
         5         3       -1.149657e+00
         6         3        6.792232e-01
         7         3       -5.583249e-01
         8         3       -1.563397e+00
         9         3        1.127312e+00
        10         3        7.290656e-02
        11         3        3.422699e-01
        12         3        1.199488e+00
        13         3       -6.838951e-01
        14         3       -3.913287e-01
        15         3        9.852606e-01
        16         3        1.998953e+00
        17         3       -5.933048e-01
        18         3       -5.333742e-01
        19         3       -2.032478e+00
        20         3       -5.485535e-01
        21         3        1.205625e+00
        22         3        1.333428e+00
        23         3       -3.060612e-01
        24         3       -6.749551e-02
        25         3       -1.022585e+00
        26         3       -1.899980e-01
        27         3       -3.606574e-01
        28         3       -1.564808e+00
        29         3        1.123786e+00
        30         3        7.201847e-01
        31         3        1.850065e-01
        32         3        4.495119e-01
        33         3        5.132699e-01
        34         3        2.192513e-01
        35         3        3.454503e-01
        36         3        7.652065e-01
        37         3       -8.012713e-01
        38         3       -3.287600e-01
        39         3       -6.313018e-01
        40         3        7.637409e-01
        41         3       -5.805117e-01
        42         3       -1.759499e+00
        43         3        3.277846e+00
        44         3       -7.455464e-01
        45         3       -7.615561e-01
        46         3       -1.050406e+00
        47         3        4.686033e-01
        48         3       -1.825410e+00
        49         3        4.347985e-02
        50         3        1.235643e+00
        51         3        9.373040e-01
        52         3        5.120971e-02
        53         3        9.042049e-01
        54         3        4.175985e-01
        55         3        1.936937e-01
        56         3       -2.632138e-01
        57         3       -1.412111e+00
        58         3        2.272929e-01
        59         3        6.600279e-01
        60         3       -8.315260e-01
        61         3        1.468203e+00
        62         3       -3.331033e-01
        63         3       -1.094346e+00
        64         3       -8.940524e-02
        65         3       -4.997202e-01
        66         3        1.999146e+00
        67         3        8.210615e-01
        68         3       -7.575309e-01
        69         3       -4.417207e-01
        70         3       -2.896205e-01
        71         3        2.895753e-01
        72         3       -1.899626e-01
        73         3        1.523057e+00
        74         3       -1.948693e+00
        75         3       -1.463158e-01
        76         3        6.248937e-01
        77         3       -7.792225e-01
         1         4        2.373307e-03
         2         4        6.833639e-01
         3         4        6.525832e-01
         4         4       -6.976196e-01
         5         4        6.750324e-01
         6         4       -2.569510e+00
         7         4        9.910990e-01
         8         4        7.762146e-01
         9         4       -7.514560e-01
        10         4        1.042313e+00
        11         4       -3.054343e+00
        12         4        1.505608e+00
        13         4        3.360835e-01
        14         4        9.394235e-01
        15         4        1.149545e+00
        16         4       -1.545301e-01
        17         4       -6.871927e-01
        18         4        1.326736e+00
        19         4        3.836794e-01
        20         4       -9.684068e-02
        21         4       -1.843705e+00
        22         4        6.149656e-01
        23         4        5.191023e-01
        24         4       -6.588032e-01
        25         4        2.911489e-01
        26         4        1.340969e+00
        27         4       -9.633100e-01
        28         4        5.200677e-01
        29         4       -6.284944e-01
        30         4        5.556158e-01
        31         4       -8.630944e-01
        32         4        4.380245e-01
        33         4        1.461532e+00
        34         4        4.760341e-02
        35         4       -2.303631e+00
        36         4       -1.004822e+00
        37         4        1.139439e+00
        38         4        2.096715e-01
        39         4        1.709335e-02
        40         4        4.294838e-01
        41         4       -1.265546e-01
        42         4        7.450022e-01
        43         4        1.370128e+00
        44         4        3.006225e-01
        45         4        3.021790e-01
        46         4       -1.106677e+00
        47         4        1.671041e+00
        48         4        1.751871e+00
        49         4       -4.036533e-01
        50         4        3.197963e-01
        51         4       -1.373563e+00
        52         4        1.663186e+00
        53         4       -1.646773e+00
        54         4       -1.235987e+00
        55         4        1.358464e+00
        56         4       -2.188713e+00
        57         4        1.543061e+00
        58         4       -6.428117e-01
        59         4       -4.344072e-01
        60         4        1.066646e-01
        61         4        1.050908e+00
        62         4       -6.181272e-01
        63         4        8.088335e-01
        64         4        8.799558e-01
        65         4       -1.066522e+00
        66         4        2.304466e-01
        67         4        2.716906e-01
        68         4       -7.321266e-01
        69         4       -1.073488e+00
        70         4       -9.000020e-01
        71         4       -6.223679e-01
        72         4        1.200059e+00
        73         4       -7.296088e-01
        74         4        8.537239e-01
        75         4        8.813038e-01
        76         4        7.896412e-01
        77         4        9.794069e-01
         1         5       -1.143686e+00
         2         5        5.687624e-01
         3         5        8.290741e-01
         4         5        1.059393e+00
         5         5        4.846399e-01
         6         5       -8.265391e-01
         7         5       -7.067901e-01
         8         5        1.260555e+00
         9         5        8.204180e-01
        10         5        2.905711e-01
        11         5       -8.409272e-03
        12         5       -2.904024e-01
        13         5       -1.181102e+00
        14         5        1.947464e-02
        15         5        6.026631e-01
        16         5       -1.002584e+00
        17         5       -1.142966e-01
        18         5        8.956366e-01
        19         5       -1.026313e+00
        20         5        2.350218e+00
        21         5        1.835542e+00
        22         5        3.415058e-01
        23         5       -8.856063e-01
        24         5        2.723772e+00
        25         5       -9.099918e-01
        26         5        1.239755e+00
        27         5        7.650958e-01
        28         5       -2.180174e+00
        29         5       -3.812042e-02
        30         5       -3.917128e-01
        31         5       -3.670567e-01
        32         5        2.047922e-01
        33         5        8.350412e-01
        34         5       -1.096126e+00
        35         5       -2.788021e-01
        36         5        1.069955e+00
        37         5        1.065796e+00
        38         5        1.221996e+00
        39         5       -8.385115e-01
        40         5       -1.067529e+00
        41         5        3.737169e-01
        42         5        9.875378e-01
        43         5        8.294357e-01
        44         5       -3.310831e-01
        45         5        4.167989e-01
        46         5        1.002355e-01
        47         5       -1.352430e+00
        48         5       -5.140284e-01
        49         5       -1.501463e+00
        50         5        1.605403e+00
        51         5        1.752242e-01
        52         5        1.092450e+00
        53         5       -3.304372e-01
        54         5       -2.065226e+00
        55         5       -5.428511e-01
        56         5        9.758822e-01
        57         5       -6.984632e-01
        58         5        8.121175e-01
        59         5        1.395372e+00
        60         5        1.595842e-01
        61         5       -8.275977e-01
        62         5       -5.837377e-01
        63         5        5.451506e-01
        64         5       -4.413181e-01
        65         5       -1.753097e+00
        66         5        8.259821e-01
        67         5        1.610719e-01
        68         5       -8.261430e-01
        69         5        1.641310e-01
        70         5        4.493021e-01
        71         5        9.797511e-02
        72         5        3.685140e-01
        73         5       -8.712804e-01
        74         5        1.993583e+00
        75         5        2.040046e+00
        76         5       -8.634806e-01
        77         5        1.081850e+00
;

param theta:=
    1        9.558174e-01
    2       -5.752442e-01
    3        1.301700e+00
    4        5.470171e-02
    5       -1.643039e+00
;
param X_true:=
    1        1.358563e+00
    2        1.723739e+00
    3       -1.297440e+00
    4       -1.307858e+00
    5       -1.825808e+00
    6        1.229405e+00
    7        1.278691e+00
    8       -3.839519e+00
    9        9.338938e-01
   10       -2.768680e+00
   11       -4.853503e-01
   12        2.273081e+00
   13        5.999732e-01
   14        3.474970e-01
   15       -6.916195e-01
   16        3.474893e+00
   17       -3.933945e-01
   18       -2.711788e-02
   19        5.510663e-01
   20       -6.252871e+00
   21       -3.064652e-01
   22        6.948843e-01
   23        2.619554e+00
   24       -5.488283e+00
   25       -1.019740e+00
   26       -2.735858e+00
   27       -2.687349e+00
   28        1.486045e+00
   29       -1.097306e+00
   30        2.139345e+00
   31        5.596207e-01
   32        7.911625e-01
   33        9.815359e-01
   34        2.102540e+00
   35        1.098319e+00
   36       -1.768596e+00
   37       -2.301358e+00
   38       -1.281545e+00
   39       -1.208175e+00
   40        4.653886e+00
   41       -1.631653e+00
   42       -3.861077e+00
   43        5.201588e+00
   44        1.397135e+00
   45       -3.755693e+00
   46       -3.680664e+00
   47        2.870667e+00
   48       -2.794750e+00
   49        1.066205e+00
   50       -9.887278e-01
   51        2.110192e+00
   52       -8.609764e-01
   53        2.435762e-01
   54        4.161527e+00
   55        1.890807e+00
   56       -1.160188e+00
   57       -4.858624e-01
   58       -1.323309e+00
   59       -2.605092e+00
   60       -8.652071e-01
   61        3.153836e+00
   62       -9.388501e-01
   63       -2.118611e+00
   64        1.431061e+00
   65        2.167669e+00
   66        1.987447e+00
   67        1.109226e+00
   68        2.015147e+00
   69       -2.339686e+00
   70       -1.224681e+00
   71        1.819151e+00
   72       -7.792839e-01
   73        4.474753e+00
   74       -5.174364e+00
   75       -2.682288e+00
   76        1.520218e+00
   77       -2.621491e+00
;
param X:=
    1       -8.846408e-01
    2        1.723739e+00
    3       -7.222618e-01
    4       -1.307858e+00
    5       -1.755102e+00
    6       -3.881972e-01
    7        5.709871e-02
    8       -8.469273e-01
    9        1.714790e+00
   10       -7.778574e-01
   11       -4.853503e-01
   12        1.108441e+00
   13       -1.329551e+00
   14       -1.254729e+00
   15       -6.916195e-01
   16        3.474893e+00
   17       -3.933945e-01
   18       -2.711788e-02
   19        5.510663e-01
   20       -6.252871e+00
   21        4.423204e-01
   22        2.537677e-01
   23       -2.192607e-01
   24       -1.708078e+00
   25       -4.159071e-01
   26        2.006174e-01
   27       -2.687349e+00
   28       -2.214425e-01
   29        8.849850e-02
   30        1.485111e+00
   31       -3.057728e-01
   32       -1.100324e+00
   33        4.835965e-01
   34        2.102540e+00
   35        1.098319e+00
   36        4.462538e-01
   37        6.251737e-02
   38       -1.281545e+00
   39       -1.051882e+00
   40        4.653886e+00
   41       -1.225345e+00
   42       -3.861077e+00
   43        5.201588e+00
   44       -1.004165e+00
   45       -1.190139e+00
   46       -3.680664e+00
   47        2.870667e+00
   48       -2.794750e+00
   49        9.582987e-02
   50       -9.887278e-01
   51        4.027616e-01
   52        1.069389e+00
   53       -8.579871e-01
   54        8.505598e-01
   55       -1.853161e-01
   56       -7.796736e-01
   57       -4.858624e-01
   58       -1.347113e+00
   59       -2.155746e+00
   60       -8.652071e-01
   61        8.863428e-01
   62       -4.143860e-02
   63       -2.485762e-01
   64        3.596791e-01
   65        2.167669e+00
   66        2.154746e+00
   67       -6.710342e-01
   68       -2.520524e-01
   69       -2.339686e+00
   70        8.126584e-01
   71        1.351005e+00
   72       -6.275678e-01
   73        2.101146e+00
   74       -5.174364e+00
   75       -1.149660e+00
   76        1.520218e+00
   77       -2.354832e-01
;
param outliervec:=
    1    1
    2    0
    3    1
    4    0
    5    1
    6    1
    7    1
    8    1
    9    1
   10    1
   11    0
   12    1
   13    1
   14    1
   15    0
   16    0
   17    0
   18    0
   19    0
   20    0
   21    1
   22    1
   23    1
   24    1
   25    1
   26    1
   27    0
   28    1
   29    1
   30    1
   31    1
   32    1
   33    1
   34    0
   35    0
   36    1
   37    1
   38    0
   39    1
   40    0
   41    1
   42    0
   43    0
   44    1
   45    1
   46    0
   47    0
   48    0
   49    1
   50    0
   51    1
   52    1
   53    1
   54    1
   55    1
   56    1
   57    0
   58    1
   59    1
   60    0
   61    1
   62    1
   63    1
   64    1
   65    0
   66    1
   67    1
   68    1
   69    0
   70    1
   71    1
   72    1
   73    1
   74    0
   75    1
   76    0
   77    1
; 
param greedy_time :=         2.233312e-01
;