data;


param FN:= 0;
param D:= 100;
param U_Original:=
         1         1        1.364977e-01
         2         1        1.430469e-01
         3         1       -6.212512e-01
         4         1       -4.039961e-01
         5         1       -2.369172e-01
         6         1        4.615814e-01
         7         1        1.311516e+00
         8         1        1.041652e+00
         9         1        3.617729e-01
        10         1        2.881247e-01
        11         1        1.804371e+00
        12         1       -4.325436e-01
        13         1       -6.834830e-01
        14         1        5.926629e-01
        15         1        5.585256e-01
        16         1        2.551325e+00
        17         1        1.152088e-01
        18         1        1.244316e+00
        19         1       -7.506949e-01
        20         1        5.997331e-01
        21         1        1.457791e+00
        22         1       -1.055091e+00
        23         1       -1.297010e+00
        24         1       -6.344988e-01
        25         1       -1.338389e+00
        26         1       -1.006634e+00
        27         1       -1.247131e+00
        28         1        9.632530e-01
        29         1        1.313757e+00
        30         1        9.765421e-01
        31         1       -1.603959e-01
        32         1        2.130642e+00
        33         1        1.203291e+00
        34         1       -5.002074e-01
        35         1       -3.959620e-01
        36         1        1.236624e+00
        37         1       -5.994570e-01
        38         1       -5.139156e-01
        39         1       -1.995308e+00
        40         1       -1.813804e-01
        41         1        4.636817e-01
        42         1        7.842348e-01
        43         1       -4.309672e-02
        44         1       -8.772819e-01
        45         1        1.163874e+00
        46         1        1.183925e+00
        47         1       -1.229356e-01
        48         1       -1.188105e+00
        49         1       -1.928155e-01
        50         1        3.180342e+00
        51         1       -7.827897e-01
        52         1        1.177234e+00
        53         1       -1.816822e-01
        54         1        1.604624e+00
        55         1        1.081756e+00
        56         1        4.186027e-01
        57         1        6.828999e-02
        58         1        2.213918e+00
        59         1       -1.343614e+00
        60         1        1.026298e+00
        61         1        1.586571e+00
        62         1       -1.496769e-01
        63         1        1.349395e+00
        64         1        1.041052e+00
        65         1       -1.838787e+00
        66         1        8.557240e-01
        67         1       -1.157180e+00
        68         1        6.906906e-01
        69         1       -4.372608e-01
        70         1       -2.934356e-01
        71         1       -3.718193e-01
        72         1        4.914358e-01
        73         1        2.410109e+00
        74         1       -1.104318e+00
        75         1       -6.201564e-01
        76         1       -9.913646e-01
        77         1       -8.574422e-01
        78         1       -2.129943e-01
        79         1       -7.253367e-01
        80         1        8.485794e-01
        81         1       -1.517551e+00
        82         1        1.530513e+00
        83         1        1.030482e+00
        84         1       -4.618654e-01
        85         1        1.331226e+00
        86         1       -1.890507e-02
        87         1       -1.955646e+00
        88         1       -7.467909e-01
        89         1        7.807496e-01
        90         1       -1.211871e-01
        91         1        4.992306e-01
        92         1        5.484659e-01
        93         1        1.087627e+00
        94         1        2.516297e+00
        95         1       -4.334633e-02
        96         1       -2.081029e-01
        97         1       -1.720811e-01
        98         1        4.810129e-02
        99         1        1.465739e-01
       100         1        1.226994e+00
         1         2        5.662604e-01
         2         2        3.721202e-02
         3         2       -7.659209e-01
         4         2       -3.068176e-01
         5         2       -5.410187e-01
         6         2        2.555876e-01
         7         2       -1.023273e+00
         8         2        6.370840e-02
         9         2        1.220374e+00
        10         2       -7.197942e-01
        11         2       -1.756989e-01
        12         2       -3.302747e+00
        13         2        1.284068e+00
        14         2       -1.089313e+00
        15         2       -7.599060e-01
        16         2        9.114640e-01
        17         2        5.477855e-02
        18         2       -1.771743e+00
        19         2       -3.717600e-01
        20         2       -3.280821e-01
        21         2       -1.058939e+00
        22         2        1.935157e+00
        23         2        1.401858e-01
        24         2        1.761477e+00
        25         2        9.073886e-01
        26         2       -5.149713e-01
        27         2        1.957945e+00
        28         2       -4.823186e-01
        29         2       -1.157918e+00
        30         2        2.754607e+00
        31         2        3.104557e-01
        32         2        1.064679e+00
        33         2        1.768130e+00
        34         2        1.625996e+00
        35         2        6.387947e-01
        36         2        5.942276e-01
        37         2        2.892174e-01
        38         2        3.272494e-01
        39         2       -1.677331e+00
        40         2        7.534468e-01
        41         2       -7.722726e-01
        42         2        1.039774e+00
        43         2        3.168991e-01
        44         2       -1.418135e+00
        45         2        4.259576e-02
        46         2       -3.553224e-01
        47         2       -5.014419e-01
        48         2       -3.855429e-01
        49         2        9.750868e-01
        50         2       -3.982482e-01
        51         2        9.421044e-01
        52         2       -8.032855e-01
        53         2       -5.345072e-01
        54         2        4.540412e-01
        55         2        1.037908e+00
        56         2       -4.589219e-01
        57         2       -5.960055e-01
        58         2       -1.043781e+00
        59         2        3.240237e-01
        60         2        1.042430e+00
        61         2       -3.864173e-01
        62         2        4.097465e-02
        63         2        5.887769e-01
        64         2       -1.409743e+00
        65         2        1.113106e-01
        66         2       -8.161699e-02
        67         2       -2.656333e-01
        68         2        4.233485e-01
        69         2       -2.201199e+00
        70         2       -7.613787e-01
        71         2       -6.474653e-01
        72         2        1.852097e-01
        73         2       -5.354574e-01
        74         2       -8.771001e-01
        75         2       -6.181175e-01
        76         2        7.099448e-01
        77         2       -7.203812e-01
        78         2        4.965048e-01
        79         2       -6.970136e-02
        80         2       -2.046925e+00
        81         2       -7.697391e-01
        82         2        6.681740e-01
        83         2        8.253483e-01
        84         2       -8.072473e-02
        85         2        1.188799e+00
        86         2       -6.323393e-01
        87         2        7.283119e-01
        88         2        2.414687e+00
        89         2       -8.410409e-01
        90         2        2.654636e-01
        91         2       -1.427905e+00
        92         2        3.990877e-01
        93         2       -2.292888e-01
        94         2       -1.050122e+00
        95         2       -1.659808e+00
        96         2       -6.070154e-02
        97         2        9.087381e-01
        98         2       -1.032094e+00
        99         2       -5.605448e-01
       100         2       -5.123044e-01
         1         3       -2.321152e-01
         2         3       -1.178530e-01
         3         3        4.565279e-01
         4         3        8.222549e-01
         5         3        2.428229e-01
         6         3       -7.441670e-01
         7         3       -9.066474e-01
         8         3        9.146713e-01
         9         3        1.836991e-01
        10         3        3.264299e-01
        11         3       -1.817815e+00
        12         3        1.387536e-01
        13         3        1.210399e-01
        14         3        1.524720e+00
        15         3        3.586446e-02
        16         3       -1.015348e+00
        17         3       -3.115434e-01
        18         3       -6.182875e-01
        19         3        8.900274e-01
        20         3       -1.787264e+00
        21         3        5.230956e-01
        22         3        1.005081e+00
        23         3       -9.177479e-01
        24         3       -2.158367e-01
        25         3        1.744703e+00
        26         3        4.938606e-01
        27         3       -9.289353e-02
        28         3        1.494148e+00
        29         3       -1.326420e+00
        30         3        1.138238e+00
        31         3        4.728062e-03
        32         3       -1.093537e+00
        33         3        4.733192e-01
        34         3       -1.540914e+00
        35         3        2.322460e-01
        36         3       -6.496490e-01
        37         3        2.255800e-01
        38         3       -9.756401e-01
        39         3       -1.606247e+00
        40         3       -9.626746e-01
        41         3        5.775418e-01
        42         3        6.925268e-02
        43         3       -5.848953e-01
        44         3       -3.681349e-01
        45         3        1.047403e+00
        46         3       -1.160840e+00
        47         3        9.695864e-01
        48         3        5.739938e-01
        49         3       -9.411557e-02
        50         3        6.190232e-01
        51         3        1.177800e+00
        52         3       -7.984926e-02
        53         3        1.495228e+00
        54         3       -5.433828e-01
        55         3        4.219882e-01
        56         3        9.705681e-01
        57         3       -1.555118e-01
        58         3       -4.486426e-01
        59         3       -1.554923e+00
        60         3       -6.142510e-01
        61         3       -4.576201e-01
        62         3       -4.996706e-01
        63         3       -5.971601e-01
        64         3        4.357311e-01
        65         3       -3.894600e-01
        66         3       -2.612248e-01
        67         3        1.101997e+00
        68         3       -5.003243e-01
        69         3       -1.954627e+00
        70         3        2.328812e-01
        71         3        1.818647e+00
        72         3       -1.235189e-02
        73         3        2.675548e+00
        74         3        1.232207e+00
        75         3        2.833863e-01
        76         3        4.103284e-01
        77         3       -3.470182e-01
        78         3       -4.915297e-01
        79         3       -2.734224e-01
        80         3        4.581583e-01
        81         3        2.424573e-01
        82         3       -1.069355e-01
        83         3        3.516466e+00
        84         3       -1.312484e+00
        85         3       -8.250085e-01
        86         3       -1.366477e+00
        87         3        3.453189e-01
        88         3        5.628830e-01
        89         3        3.167067e-02
        90         3       -8.035157e-01
        91         3       -7.355835e-01
        92         3        1.251317e+00
        93         3        1.943248e+00
        94         3       -7.305110e-01
        95         3       -7.424192e-01
        96         3        7.495185e-01
        97         3       -3.420847e-01
        98         3       -1.571165e+00
        99         3       -6.600229e-01
       100         3        3.938758e-01
         1         4        8.554272e-02
         2         4       -1.443010e-01
         3         4        2.472640e+00
         4         4        3.014370e-01
         5         4       -3.823830e-02
         6         4       -1.223488e+00
         7         4       -6.731563e-01
         8         4       -1.085264e+00
         9         4       -6.096804e-01
        10         4       -1.594589e+00
        11         4        2.339690e-01
        12         4        5.264073e-01
        13         4        8.185693e-01
        14         4       -6.166170e-01
        15         4        1.226890e+00
        16         4        1.204849e+00
        17         4       -4.106054e-01
        18         4        1.716810e-01
        19         4       -9.908420e-01
        20         4       -1.624016e+00
        21         4       -2.022860e-02
        22         4        3.159012e-01
        23         4        2.963171e-02
        24         4       -5.463531e-01
        25         4       -3.118663e-01
        26         4        2.913757e-01
        27         4       -9.986277e-01
        28         4        3.749264e-01
        29         4        1.566092e+00
        30         4       -1.033831e-01
        31         4        2.699977e+00
        32         4        1.094366e+00
        33         4        6.208253e-01
        34         4        1.404970e+00
        35         4        1.450276e-02
        36         4       -1.799682e+00
        37         4        1.568944e+00
        38         4       -7.694717e-01
        39         4        4.533518e-01
        40         4       -6.891111e-01
        41         4       -9.091896e-01
        42         4       -1.467870e-01
        43         4       -6.667083e-01
        44         4        2.768237e-01
        45         4       -1.009577e-01
        46         4        1.945588e-01
        47         4       -6.268950e-01
        48         4        8.756281e-01
        49         4       -8.608952e-01
        50         4       -2.378329e+00
        51         4        1.218550e+00
        52         4       -4.960104e-01
        53         4       -3.643402e-01
        54         4       -1.236774e+00
        55         4        1.460641e+00
        56         4        1.131583e+00
        57         4       -1.178399e-01
        58         4        6.826871e-02
        59         4       -2.046674e-01
        60         4       -3.488695e-01
        61         4        3.022156e-01
        62         4        8.109189e-01
        63         4        7.904731e-01
        64         4       -3.080222e-01
        65         4       -2.930377e-01
        66         4        1.616034e+00
        67         4        1.062714e+00
        68         4        7.646842e-01
        69         4        5.011243e-01
        70         4        2.389850e-01
        71         4        1.110137e+00
        72         4        2.286521e-01
        73         4       -8.281953e-01
        74         4        1.915433e-02
        75         4        1.781819e+00
        76         4       -5.230041e-01
        77         4        1.126965e+00
        78         4       -1.194094e+00
        79         4        1.072083e+00
        80         4        5.243151e-01
        81         4       -2.895351e-01
        82         4       -5.782939e-01
        83         4        3.994599e-01
        84         4        5.334710e-01
        85         4       -7.611784e-01
        86         4       -1.193987e+00
        87         4        8.348481e-01
        88         4        3.311297e-02
        89         4        1.489676e+00
        90         4        1.962823e-01
        91         4       -1.251297e+00
        92         4        1.509568e-01
        93         4       -8.254584e-01
        94         4       -5.071752e-01
        95         4       -1.848615e+00
        96         4        1.126196e+00
        97         4        2.634994e-01
        98         4        5.472335e-01
        99         4       -7.994255e-01
       100         4       -2.636337e+00
         1         5        4.656818e-01
         2         5       -1.904662e-01
         3         5        4.452640e-01
         4         5       -1.142932e-01
         5         5        9.923389e-01
         6         5       -4.262233e-01
         7         5        1.869265e+00
         8         5        1.746900e+00
         9         5       -9.108237e-01
        10         5       -2.348293e+00
        11         5        6.821940e-01
        12         5       -8.913085e-01
        13         5        6.511121e-01
        14         5       -2.503586e-01
        15         5        6.189386e-01
        16         5        3.410100e-01
        17         5        1.078316e+00
        18         5       -1.087011e-01
        19         5        1.481309e+00
        20         5        7.257943e-01
        21         5        4.066055e-01
        22         5       -5.812118e-01
        23         5       -3.226616e-01
        24         5        6.152349e-01
        25         5        6.658500e-01
        26         5       -7.944245e-01
        27         5        2.461605e-01
        28         5       -2.734561e-01
        29         5        2.649916e-01
        30         5        2.947521e-01
        31         5       -4.485944e-01
        32         5        9.862663e-01
        33         5        3.105840e-01
        34         5        8.749987e-03
        35         5        7.479738e-01
        36         5        6.837907e-01
        37         5       -7.044305e-01
        38         5        3.677824e-01
        39         5       -4.461649e-02
        40         5       -6.740462e-01
        41         5       -1.025199e+00
        42         5       -2.504583e-02
        43         5       -4.668948e-01
        44         5        2.670860e-01
        45         5        1.110870e+00
        46         5       -1.313702e+00
        47         5       -4.383999e-01
        48         5       -5.171874e-01
        49         5        1.626636e-01
        50         5        1.745224e+00
        51         5       -7.015571e-01
        52         5        1.622375e+00
        53         5       -1.578878e+00
        54         5        1.024257e+00
        55         5       -1.893407e+00
        56         5        9.039096e-01
        57         5       -2.667873e-02
        58         5        8.713303e-02
        59         5       -7.714768e-01
        60         5        1.103844e+00
        61         5       -7.512200e-01
        62         5        6.349514e-01
        63         5       -9.074577e-01
        64         5        1.125876e+00
        65         5       -1.112393e+00
        66         5       -8.094501e-01
        67         5        5.418059e-01
        68         5       -1.930920e-01
        69         5        6.021200e-01
        70         5        4.916129e-01
        71         5       -6.869097e-01
        72         5        3.290216e-01
        73         5        8.336667e-01
        74         5        9.520144e-01
        75         5        1.746723e+00
        76         5       -3.316828e-01
        77         5        1.668861e+00
        78         5       -7.058502e-01
        79         5        1.404213e+00
        80         5       -1.692303e+00
        81         5       -1.118249e-01
        82         5        2.487051e+00
        83         5       -7.413533e-01
        84         5        1.187032e-01
        85         5        1.683329e+00
        86         5       -9.493355e-01
        87         5        4.821892e-01
        88         5       -1.604899e+00
        89         5       -1.113859e+00
        90         5        4.337114e-01
        91         5        1.937938e+00
        92         5        2.599348e-01
        93         5        1.589373e-01
        94         5       -2.171148e+00
        95         5        8.535191e-01
        96         5       -3.132962e-01
        97         5       -1.338872e+00
        98         5       -6.372788e-01
        99         5        4.146973e-01
       100         5       -4.097014e-01
;
param X_Original:=
    1       -3.969549e-01
    2        3.028828e-01
    3       -2.032344e+00
    4       -9.182298e-01
    5       -7.258402e-01
    6       -9.003965e-01
    7       -4.486510e-01
    8       -1.619753e+00
    9       -2.218626e-01
   10        9.206182e-01
   11        2.552184e-01
   12        1.135629e+00
   13       -5.779894e-01
   14       -1.039015e+00
   15       -1.396259e+00
   16       -1.208943e+00
   17       -3.055828e-01
   18       -9.010045e-01
   19       -5.094201e-01
   20        2.139937e+00
   21       -1.127374e+00
   22       -7.102036e-01
   23       -1.030293e+00
   24        4.558644e-01
   25       -1.199792e+00
   26       -1.672992e-01
   27        1.140431e+00
   28        4.786946e-01
   29       -7.168317e-01
   30       -1.477216e+00
   31       -4.905670e-01
   32       -1.206222e+00
   33       -1.490638e+00
   34        2.450345e+00
   35        2.637184e-01
   36        7.317434e-01
   37       -4.850032e-01
   38       -1.012607e+00
   39        1.752241e+00
   40       -1.918767e+00
   41        7.739019e-01
   42       -1.317394e-01
   43        1.449067e-01
   44        1.803025e+00
   45       -1.991356e+00
   46        1.043657e+00
   47        2.310509e-01
   48       -2.741561e-01
   49        6.740338e-01
   50       -1.276239e+00
   51       -1.123348e+00
   52       -1.215210e+00
   53        9.610790e-02
   54        4.980580e-01
   55       -7.155481e-01
   56       -5.565017e-02
   57        2.050621e-01
   58        5.561563e-01
   59       -6.314200e-01
   60       -3.712880e-01
   61       -2.078750e+00
   62       -3.743381e-01
   63        1.518206e+00
   64       -1.190308e+00
   65        1.922390e+00
   66       -7.310397e-01
   67       -1.527814e+00
   68       -3.549714e-01
   69        4.680842e-01
   70       -5.531009e-01
   71       -1.616242e+00
   72       -1.121111e+00
   73       -3.271672e+00
   74       -1.206512e+00
   75       -2.021399e+00
   76        5.336160e-01
   77       -3.147143e-01
   78        4.017000e-01
   79        7.602533e-01
   80       -1.236295e-01
   81        4.519850e-01
   82       -4.057424e-01
   83       -3.096882e+00
   84        8.429281e-01
   85        2.515604e-01
   86        5.029637e-01
   87       -3.733201e-01
   88        4.251505e-01
   89       -5.653509e-01
   90        4.790473e-01
   91        3.276235e-01
   92       -1.498698e+00
   93       -1.753023e+00
   94        1.100239e+00
   95        1.477828e+00
   96       -1.209204e+00
   97        1.052292e+00
   98        9.698105e-01
   99        3.865977e-01
  100        1.064715e+00
;
param outliervec_original :=
    1    0
    2    0
    3    0
    4    0
    5    0
    6    1
    7    1
    8    0
    9    1
   10    1
   11    1
   12    1
   13    0
   14    0
   15    0
   16    0
   17    0
   18    1
   19    1
   20    0
   21    0
   22    1
   23    1
   24    1
   25    0
   26    1
   27    0
   28    1
   29    0
   30    0
   31    1
   32    0
   33    0
   34    1
   35    1
   36    0
   37    0
   38    1
   39    0
   40    1
   41    0
   42    0
   43    1
   44    1
   45    0
   46    0
   47    1
   48    0
   49    0
   50    0
   51    0
   52    0
   53    0
   54    1
   55    0
   56    1
   57    0
   58    1
   59    1
   60    0
   61    1
   62    0
   63    1
   64    0
   65    0
   66    0
   67    0
   68    0
   69    1
   70    0
   71    0
   72    1
   73    0
   74    0
   75    0
   76    0
   77    1
   78    1
   79    1
   80    1
   81    0
   82    1
   83    0
   84    0
   85    1
   86    1
   87    0
   88    1
   89    0
   90    0
   91    1
   92    0
   93    0
   94    0
   95    0
   96    0
   97    0
   98    1
   99    1
  100    0
;
param d:= 88;
param r:=5;
param p:=0.400000;
param M:=1000;
param U:=
         1         1        1.364977e-01
         2         1        1.430469e-01
         3         1       -6.212512e-01
         4         1       -4.039961e-01
         5         1       -2.369172e-01
         6         1        1.311516e+00
         7         1        1.041652e+00
         8         1        3.617729e-01
         9         1        2.881247e-01
        10         1        1.804371e+00
        11         1       -4.325436e-01
        12         1       -6.834830e-01
        13         1        5.926629e-01
        14         1        5.585256e-01
        15         1        2.551325e+00
        16         1        1.152088e-01
        17         1        1.244316e+00
        18         1       -7.506949e-01
        19         1        5.997331e-01
        20         1        1.457791e+00
        21         1       -1.055091e+00
        22         1       -6.344988e-01
        23         1       -1.338389e+00
        24         1       -1.006634e+00
        25         1       -1.247131e+00
        26         1        1.313757e+00
        27         1        9.765421e-01
        28         1       -1.603959e-01
        29         1        2.130642e+00
        30         1        1.203291e+00
        31         1       -3.959620e-01
        32         1        1.236624e+00
        33         1       -5.994570e-01
        34         1       -1.995308e+00
        35         1        4.636817e-01
        36         1        7.842348e-01
        37         1       -4.309672e-02
        38         1       -8.772819e-01
        39         1        1.163874e+00
        40         1        1.183925e+00
        41         1       -1.229356e-01
        42         1       -1.188105e+00
        43         1       -1.928155e-01
        44         1        3.180342e+00
        45         1       -7.827897e-01
        46         1        1.177234e+00
        47         1       -1.816822e-01
        48         1        1.604624e+00
        49         1        1.081756e+00
        50         1        6.828999e-02
        51         1        2.213918e+00
        52         1        1.026298e+00
        53         1       -1.496769e-01
        54         1        1.041052e+00
        55         1       -1.838787e+00
        56         1        8.557240e-01
        57         1       -1.157180e+00
        58         1        6.906906e-01
        59         1       -4.372608e-01
        60         1       -2.934356e-01
        61         1       -3.718193e-01
        62         1        4.914358e-01
        63         1        2.410109e+00
        64         1       -1.104318e+00
        65         1       -6.201564e-01
        66         1       -9.913646e-01
        67         1       -8.574422e-01
        68         1       -2.129943e-01
        69         1        8.485794e-01
        70         1       -1.517551e+00
        71         1        1.530513e+00
        72         1        1.030482e+00
        73         1       -4.618654e-01
        74         1        1.331226e+00
        75         1       -1.955646e+00
        76         1       -7.467909e-01
        77         1        7.807496e-01
        78         1       -1.211871e-01
        79         1        4.992306e-01
        80         1        5.484659e-01
        81         1        1.087627e+00
        82         1        2.516297e+00
        83         1       -4.334633e-02
        84         1       -2.081029e-01
        85         1       -1.720811e-01
        86         1        4.810129e-02
        87         1        1.465739e-01
        88         1        1.226994e+00
         1         2        5.662604e-01
         2         2        3.721202e-02
         3         2       -7.659209e-01
         4         2       -3.068176e-01
         5         2       -5.410187e-01
         6         2       -1.023273e+00
         7         2        6.370840e-02
         8         2        1.220374e+00
         9         2       -7.197942e-01
        10         2       -1.756989e-01
        11         2       -3.302747e+00
        12         2        1.284068e+00
        13         2       -1.089313e+00
        14         2       -7.599060e-01
        15         2        9.114640e-01
        16         2        5.477855e-02
        17         2       -1.771743e+00
        18         2       -3.717600e-01
        19         2       -3.280821e-01
        20         2       -1.058939e+00
        21         2        1.935157e+00
        22         2        1.761477e+00
        23         2        9.073886e-01
        24         2       -5.149713e-01
        25         2        1.957945e+00
        26         2       -1.157918e+00
        27         2        2.754607e+00
        28         2        3.104557e-01
        29         2        1.064679e+00
        30         2        1.768130e+00
        31         2        6.387947e-01
        32         2        5.942276e-01
        33         2        2.892174e-01
        34         2       -1.677331e+00
        35         2       -7.722726e-01
        36         2        1.039774e+00
        37         2        3.168991e-01
        38         2       -1.418135e+00
        39         2        4.259576e-02
        40         2       -3.553224e-01
        41         2       -5.014419e-01
        42         2       -3.855429e-01
        43         2        9.750868e-01
        44         2       -3.982482e-01
        45         2        9.421044e-01
        46         2       -8.032855e-01
        47         2       -5.345072e-01
        48         2        4.540412e-01
        49         2        1.037908e+00
        50         2       -5.960055e-01
        51         2       -1.043781e+00
        52         2        1.042430e+00
        53         2        4.097465e-02
        54         2       -1.409743e+00
        55         2        1.113106e-01
        56         2       -8.161699e-02
        57         2       -2.656333e-01
        58         2        4.233485e-01
        59         2       -2.201199e+00
        60         2       -7.613787e-01
        61         2       -6.474653e-01
        62         2        1.852097e-01
        63         2       -5.354574e-01
        64         2       -8.771001e-01
        65         2       -6.181175e-01
        66         2        7.099448e-01
        67         2       -7.203812e-01
        68         2        4.965048e-01
        69         2       -2.046925e+00
        70         2       -7.697391e-01
        71         2        6.681740e-01
        72         2        8.253483e-01
        73         2       -8.072473e-02
        74         2        1.188799e+00
        75         2        7.283119e-01
        76         2        2.414687e+00
        77         2       -8.410409e-01
        78         2        2.654636e-01
        79         2       -1.427905e+00
        80         2        3.990877e-01
        81         2       -2.292888e-01
        82         2       -1.050122e+00
        83         2       -1.659808e+00
        84         2       -6.070154e-02
        85         2        9.087381e-01
        86         2       -1.032094e+00
        87         2       -5.605448e-01
        88         2       -5.123044e-01
         1         3       -2.321152e-01
         2         3       -1.178530e-01
         3         3        4.565279e-01
         4         3        8.222549e-01
         5         3        2.428229e-01
         6         3       -9.066474e-01
         7         3        9.146713e-01
         8         3        1.836991e-01
         9         3        3.264299e-01
        10         3       -1.817815e+00
        11         3        1.387536e-01
        12         3        1.210399e-01
        13         3        1.524720e+00
        14         3        3.586446e-02
        15         3       -1.015348e+00
        16         3       -3.115434e-01
        17         3       -6.182875e-01
        18         3        8.900274e-01
        19         3       -1.787264e+00
        20         3        5.230956e-01
        21         3        1.005081e+00
        22         3       -2.158367e-01
        23         3        1.744703e+00
        24         3        4.938606e-01
        25         3       -9.289353e-02
        26         3       -1.326420e+00
        27         3        1.138238e+00
        28         3        4.728062e-03
        29         3       -1.093537e+00
        30         3        4.733192e-01
        31         3        2.322460e-01
        32         3       -6.496490e-01
        33         3        2.255800e-01
        34         3       -1.606247e+00
        35         3        5.775418e-01
        36         3        6.925268e-02
        37         3       -5.848953e-01
        38         3       -3.681349e-01
        39         3        1.047403e+00
        40         3       -1.160840e+00
        41         3        9.695864e-01
        42         3        5.739938e-01
        43         3       -9.411557e-02
        44         3        6.190232e-01
        45         3        1.177800e+00
        46         3       -7.984926e-02
        47         3        1.495228e+00
        48         3       -5.433828e-01
        49         3        4.219882e-01
        50         3       -1.555118e-01
        51         3       -4.486426e-01
        52         3       -6.142510e-01
        53         3       -4.996706e-01
        54         3        4.357311e-01
        55         3       -3.894600e-01
        56         3       -2.612248e-01
        57         3        1.101997e+00
        58         3       -5.003243e-01
        59         3       -1.954627e+00
        60         3        2.328812e-01
        61         3        1.818647e+00
        62         3       -1.235189e-02
        63         3        2.675548e+00
        64         3        1.232207e+00
        65         3        2.833863e-01
        66         3        4.103284e-01
        67         3       -3.470182e-01
        68         3       -4.915297e-01
        69         3        4.581583e-01
        70         3        2.424573e-01
        71         3       -1.069355e-01
        72         3        3.516466e+00
        73         3       -1.312484e+00
        74         3       -8.250085e-01
        75         3        3.453189e-01
        76         3        5.628830e-01
        77         3        3.167067e-02
        78         3       -8.035157e-01
        79         3       -7.355835e-01
        80         3        1.251317e+00
        81         3        1.943248e+00
        82         3       -7.305110e-01
        83         3       -7.424192e-01
        84         3        7.495185e-01
        85         3       -3.420847e-01
        86         3       -1.571165e+00
        87         3       -6.600229e-01
        88         3        3.938758e-01
         1         4        8.554272e-02
         2         4       -1.443010e-01
         3         4        2.472640e+00
         4         4        3.014370e-01
         5         4       -3.823830e-02
         6         4       -6.731563e-01
         7         4       -1.085264e+00
         8         4       -6.096804e-01
         9         4       -1.594589e+00
        10         4        2.339690e-01
        11         4        5.264073e-01
        12         4        8.185693e-01
        13         4       -6.166170e-01
        14         4        1.226890e+00
        15         4        1.204849e+00
        16         4       -4.106054e-01
        17         4        1.716810e-01
        18         4       -9.908420e-01
        19         4       -1.624016e+00
        20         4       -2.022860e-02
        21         4        3.159012e-01
        22         4       -5.463531e-01
        23         4       -3.118663e-01
        24         4        2.913757e-01
        25         4       -9.986277e-01
        26         4        1.566092e+00
        27         4       -1.033831e-01
        28         4        2.699977e+00
        29         4        1.094366e+00
        30         4        6.208253e-01
        31         4        1.450276e-02
        32         4       -1.799682e+00
        33         4        1.568944e+00
        34         4        4.533518e-01
        35         4       -9.091896e-01
        36         4       -1.467870e-01
        37         4       -6.667083e-01
        38         4        2.768237e-01
        39         4       -1.009577e-01
        40         4        1.945588e-01
        41         4       -6.268950e-01
        42         4        8.756281e-01
        43         4       -8.608952e-01
        44         4       -2.378329e+00
        45         4        1.218550e+00
        46         4       -4.960104e-01
        47         4       -3.643402e-01
        48         4       -1.236774e+00
        49         4        1.460641e+00
        50         4       -1.178399e-01
        51         4        6.826871e-02
        52         4       -3.488695e-01
        53         4        8.109189e-01
        54         4       -3.080222e-01
        55         4       -2.930377e-01
        56         4        1.616034e+00
        57         4        1.062714e+00
        58         4        7.646842e-01
        59         4        5.011243e-01
        60         4        2.389850e-01
        61         4        1.110137e+00
        62         4        2.286521e-01
        63         4       -8.281953e-01
        64         4        1.915433e-02
        65         4        1.781819e+00
        66         4       -5.230041e-01
        67         4        1.126965e+00
        68         4       -1.194094e+00
        69         4        5.243151e-01
        70         4       -2.895351e-01
        71         4       -5.782939e-01
        72         4        3.994599e-01
        73         4        5.334710e-01
        74         4       -7.611784e-01
        75         4        8.348481e-01
        76         4        3.311297e-02
        77         4        1.489676e+00
        78         4        1.962823e-01
        79         4       -1.251297e+00
        80         4        1.509568e-01
        81         4       -8.254584e-01
        82         4       -5.071752e-01
        83         4       -1.848615e+00
        84         4        1.126196e+00
        85         4        2.634994e-01
        86         4        5.472335e-01
        87         4       -7.994255e-01
        88         4       -2.636337e+00
         1         5        4.656818e-01
         2         5       -1.904662e-01
         3         5        4.452640e-01
         4         5       -1.142932e-01
         5         5        9.923389e-01
         6         5        1.869265e+00
         7         5        1.746900e+00
         8         5       -9.108237e-01
         9         5       -2.348293e+00
        10         5        6.821940e-01
        11         5       -8.913085e-01
        12         5        6.511121e-01
        13         5       -2.503586e-01
        14         5        6.189386e-01
        15         5        3.410100e-01
        16         5        1.078316e+00
        17         5       -1.087011e-01
        18         5        1.481309e+00
        19         5        7.257943e-01
        20         5        4.066055e-01
        21         5       -5.812118e-01
        22         5        6.152349e-01
        23         5        6.658500e-01
        24         5       -7.944245e-01
        25         5        2.461605e-01
        26         5        2.649916e-01
        27         5        2.947521e-01
        28         5       -4.485944e-01
        29         5        9.862663e-01
        30         5        3.105840e-01
        31         5        7.479738e-01
        32         5        6.837907e-01
        33         5       -7.044305e-01
        34         5       -4.461649e-02
        35         5       -1.025199e+00
        36         5       -2.504583e-02
        37         5       -4.668948e-01
        38         5        2.670860e-01
        39         5        1.110870e+00
        40         5       -1.313702e+00
        41         5       -4.383999e-01
        42         5       -5.171874e-01
        43         5        1.626636e-01
        44         5        1.745224e+00
        45         5       -7.015571e-01
        46         5        1.622375e+00
        47         5       -1.578878e+00
        48         5        1.024257e+00
        49         5       -1.893407e+00
        50         5       -2.667873e-02
        51         5        8.713303e-02
        52         5        1.103844e+00
        53         5        6.349514e-01
        54         5        1.125876e+00
        55         5       -1.112393e+00
        56         5       -8.094501e-01
        57         5        5.418059e-01
        58         5       -1.930920e-01
        59         5        6.021200e-01
        60         5        4.916129e-01
        61         5       -6.869097e-01
        62         5        3.290216e-01
        63         5        8.336667e-01
        64         5        9.520144e-01
        65         5        1.746723e+00
        66         5       -3.316828e-01
        67         5        1.668861e+00
        68         5       -7.058502e-01
        69         5       -1.692303e+00
        70         5       -1.118249e-01
        71         5        2.487051e+00
        72         5       -7.413533e-01
        73         5        1.187032e-01
        74         5        1.683329e+00
        75         5        4.821892e-01
        76         5       -1.604899e+00
        77         5       -1.113859e+00
        78         5        4.337114e-01
        79         5        1.937938e+00
        80         5        2.599348e-01
        81         5        1.589373e-01
        82         5       -2.171148e+00
        83         5        8.535191e-01
        84         5       -3.132962e-01
        85         5       -1.338872e+00
        86         5       -6.372788e-01
        87         5        4.146973e-01
        88         5       -4.097014e-01
;

param theta:=
    1       -4.089249e-01
    2        1.003242e-02
    3       -8.613679e-01
    4       -6.476853e-01
    5       -5.753936e-01
;
param X_true:=
    1       -3.969549e-01
    2        3.028828e-01
    3       -2.032344e+00
    4       -9.182298e-01
    5       -7.258402e-01
    6       -3.842307e-01
    7       -1.619753e+00
    8        7.467638e-01
    9        1.847112e+00
   10        2.339664e-01
   11        1.078148e-01
   12       -5.779894e-01
   13       -1.039015e+00
   14       -1.396259e+00
   15       -1.208943e+00
   16       -3.055828e-01
   17       -7.468639e-02
   18       -6.046632e-01
   19        2.139937e+00
   20       -1.127374e+00
   21       -3.268210e-01
   22        5.280752e-01
   23       -1.199792e+00
   24        2.281086e-01
   25        1.140431e+00
   26       -7.168317e-01
   27       -1.477216e+00
   28       -1.505758e+00
   29       -1.206222e+00
   30       -1.490638e+00
   31       -5.199650e-01
   32        7.317434e-01
   33       -4.850032e-01
   34        1.752241e+00
   35        7.739019e-01
   36       -1.317394e-01
   37        1.076289e+00
   38        3.392775e-01
   39       -1.991356e+00
   40        1.043657e+00
   41        1.116927e-01
   42       -2.741561e-01
   43        6.740338e-01
   44       -1.276239e+00
   45       -1.123348e+00
   46       -1.215210e+00
   47        9.610790e-02
   48       -3.344564e-02
   49       -7.155481e-01
   50        2.050621e-01
   51       -6.553798e-01
   52       -3.712880e-01
   53       -3.743381e-01
   54       -1.190308e+00
   55        1.922390e+00
   56       -7.310397e-01
   57       -1.527814e+00
   58       -3.549714e-01
   59        1.158287e+00
   60       -5.531009e-01
   61       -1.616242e+00
   62       -6.251282e-01
   63       -3.271672e+00
   64       -1.206512e+00
   65       -2.021399e+00
   66        5.336160e-01
   67       -1.247407e+00
   68        1.928259e+00
   69       -1.532129e-01
   70        4.519850e-01
   71       -1.527475e+00
   72       -3.096882e+00
   73        8.429281e-01
   74       -2.981183e-01
   75       -3.733201e-01
   76        7.139210e-01
   77       -5.653509e-01
   78        4.790473e-01
   79        6.124211e-02
   80       -1.498698e+00
   81       -1.753023e+00
   82        1.100239e+00
   83        1.477828e+00
   84       -1.209204e+00
   85        1.052292e+00
   86        1.424321e+00
   87        8.028291e-01
   88        1.064715e+00
;
param X:=
    1       -3.969549e-01
    2        3.028828e-01
    3       -2.032344e+00
    4       -9.182298e-01
    5       -7.258402e-01
    6       -4.486510e-01
    7       -1.619753e+00
    8       -2.218626e-01
    9        9.206182e-01
   10        2.552184e-01
   11        1.135629e+00
   12       -5.779894e-01
   13       -1.039015e+00
   14       -1.396259e+00
   15       -1.208943e+00
   16       -3.055828e-01
   17       -9.010045e-01
   18       -5.094201e-01
   19        2.139937e+00
   20       -1.127374e+00
   21       -7.102036e-01
   22        4.558644e-01
   23       -1.199792e+00
   24       -1.672992e-01
   25        1.140431e+00
   26       -7.168317e-01
   27       -1.477216e+00
   28       -4.905670e-01
   29       -1.206222e+00
   30       -1.490638e+00
   31        2.637184e-01
   32        7.317434e-01
   33       -4.850032e-01
   34        1.752241e+00
   35        7.739019e-01
   36       -1.317394e-01
   37        1.449067e-01
   38        1.803025e+00
   39       -1.991356e+00
   40        1.043657e+00
   41        2.310509e-01
   42       -2.741561e-01
   43        6.740338e-01
   44       -1.276239e+00
   45       -1.123348e+00
   46       -1.215210e+00
   47        9.610790e-02
   48        4.980580e-01
   49       -7.155481e-01
   50        2.050621e-01
   51        5.561563e-01
   52       -3.712880e-01
   53       -3.743381e-01
   54       -1.190308e+00
   55        1.922390e+00
   56       -7.310397e-01
   57       -1.527814e+00
   58       -3.549714e-01
   59        4.680842e-01
   60       -5.531009e-01
   61       -1.616242e+00
   62       -1.121111e+00
   63       -3.271672e+00
   64       -1.206512e+00
   65       -2.021399e+00
   66        5.336160e-01
   67       -3.147143e-01
   68        4.017000e-01
   69       -1.236295e-01
   70        4.519850e-01
   71       -4.057424e-01
   72       -3.096882e+00
   73        8.429281e-01
   74        2.515604e-01
   75       -3.733201e-01
   76        4.251505e-01
   77       -5.653509e-01
   78        4.790473e-01
   79        3.276235e-01
   80       -1.498698e+00
   81       -1.753023e+00
   82        1.100239e+00
   83        1.477828e+00
   84       -1.209204e+00
   85        1.052292e+00
   86        9.698105e-01
   87        3.865977e-01
   88        1.064715e+00
;
param outliervec:=
    1    0
    2    0
    3    0
    4    0
    5    0
    6    1
    7    0
    8    1
    9    1
   10    1
   11    1
   12    0
   13    0
   14    0
   15    0
   16    0
   17    1
   18    1
   19    0
   20    0
   21    1
   22    1
   23    0
   24    1
   25    0
   26    0
   27    0
   28    1
   29    0
   30    0
   31    1
   32    0
   33    0
   34    0
   35    0
   36    0
   37    1
   38    1
   39    0
   40    0
   41    1
   42    0
   43    0
   44    0
   45    0
   46    0
   47    0
   48    1
   49    0
   50    0
   51    1
   52    0
   53    0
   54    0
   55    0
   56    0
   57    0
   58    0
   59    1
   60    0
   61    0
   62    1
   63    0
   64    0
   65    0
   66    0
   67    1
   68    1
   69    1
   70    0
   71    1
   72    0
   73    0
   74    1
   75    0
   76    1
   77    0
   78    0
   79    1
   80    0
   81    0
   82    0
   83    0
   84    0
   85    0
   86    1
   87    1
   88    0
; 
param greedy_time :=         2.100394e-01
;