data;


param FN:= 1;
param D:= 100;
param U_Original:=
         1         1       -1.802025e+00
         2         1       -9.401948e-01
         3         1       -2.335611e-01
         4         1       -1.900377e-01
         5         1       -2.125619e-03
         6         1       -5.481405e-01
         7         1       -3.103020e-01
         8         1        8.981575e-01
         9         1       -1.787529e-01
        10         1        1.365267e-01
        11         1        1.319776e+00
        12         1       -5.099248e-01
        13         1       -3.992728e-01
        14         1       -2.153661e+00
        15         1       -9.266178e-01
        16         1        2.420775e-01
        17         1       -1.332809e+00
        18         1       -2.104550e+00
        19         1       -1.616694e+00
        20         1       -2.594310e+00
        21         1       -1.614206e-01
        22         1        1.471221e-01
        23         1       -4.300794e-01
        24         1       -1.190416e+00
        25         1        6.267504e-03
        26         1       -1.180726e+00
        27         1       -3.793884e-01
        28         1        3.103437e-01
        29         1       -1.569734e-01
        30         1        3.950660e-01
        31         1        3.134100e-01
        32         1       -1.222085e+00
        33         1       -5.380782e-01
        34         1        4.962206e-01
        35         1        8.328322e-01
        36         1       -2.917509e-01
        37         1       -1.970328e-01
        38         1        3.883724e-03
        39         1       -2.027952e-01
        40         1        5.678106e-01
        41         1        4.467340e-01
        42         1       -9.407444e-02
        43         1       -1.659150e+00
        44         1       -5.671017e-01
        45         1        4.657148e-01
        46         1       -7.109807e-01
        47         1        2.422504e-01
        48         1        9.587663e-01
        49         1        2.425405e-01
        50         1        1.266908e+00
        51         1        5.423925e-01
        52         1       -5.578602e-01
        53         1       -6.265074e-01
        54         1        2.557234e-01
        55         1       -4.554827e-01
        56         1       -4.461304e-02
        57         1        7.241962e-01
        58         1       -1.014050e+00
        59         1       -1.142325e+00
        60         1        3.987292e-01
        61         1       -4.134130e-01
        62         1        9.941121e-01
        63         1        1.429072e+00
        64         1       -1.587002e-01
        65         1        1.433398e+00
        66         1       -1.621976e+00
        67         1        9.141109e-01
        68         1       -1.220424e+00
        69         1       -8.645666e-01
        70         1        8.838591e-01
        71         1       -3.433338e-01
        72         1        9.231739e-01
        73         1        3.498678e-01
        74         1       -4.895455e-01
        75         1       -1.158767e+00
        76         1        1.304805e-01
        77         1       -2.692685e-01
        78         1       -1.810640e-01
        79         1        5.505255e-01
        80         1       -1.323986e+00
        81         1       -2.350264e+00
        82         1       -4.029357e-01
        83         1       -1.427265e+00
        84         1        1.154067e-01
        85         1       -1.909298e-01
        86         1        8.199554e-01
        87         1       -4.096593e-01
        88         1       -6.649901e-01
        89         1        9.980104e-01
        90         1       -2.073051e-01
        91         1       -5.565143e-01
        92         1        2.665568e+00
        93         1       -2.742127e+00
        94         1        2.547208e-01
        95         1        6.343299e-01
        96         1        1.406714e+00
        97         1       -2.041199e+00
        98         1       -7.842683e-01
        99         1       -5.285245e-01
       100         1       -4.820803e-01
         1         2        1.611483e+00
         2         2        5.519716e-01
         3         2        1.001791e+00
         4         2       -1.331551e+00
         5         2       -8.308675e-01
         6         2       -1.592395e-01
         7         2       -4.726211e-01
         8         2        4.878168e-01
         9         2        3.699154e-01
        10         2        2.092221e-01
        11         2        1.198975e+00
        12         2       -3.686914e-01
        13         2        2.692728e+00
        14         2       -1.241330e+00
        15         2        1.933376e-01
        16         2       -1.355781e+00
        17         2       -4.845820e-01
        18         2        1.975914e-01
        19         2        3.803409e-01
        20         2       -8.193280e-01
        21         2        3.078067e-01
        22         2        8.484220e-01
        23         2       -1.045752e+00
        24         2        9.737300e-01
        25         2       -1.964939e+00
        26         2        4.202766e-02
        27         2       -6.377943e-01
        28         2       -6.200934e-01
        29         2       -4.369211e-01
        30         2       -8.710460e-01
        31         2       -6.148623e-01
        32         2        4.161987e-01
        33         2        3.910204e-01
        34         2        8.796751e-01
        35         2        1.521286e+00
        36         2        8.399487e-01
        37         2        1.681060e+00
        38         2        1.260249e-02
        39         2        4.706542e-01
        40         2       -6.758622e-01
        41         2       -6.373552e-01
        42         2       -9.788285e-01
        43         2       -1.257930e+00
        44         2        1.216774e+00
        45         2        1.294797e+00
        46         2        2.023348e+00
        47         2       -7.583536e-02
        48         2       -8.194349e-02
        49         2       -1.739452e+00
        50         2        6.666384e-01
        51         2        1.187304e+00
        52         2       -9.320871e-01
        53         2       -9.818577e-01
        54         2        2.420115e+00
        55         2        7.496771e-02
        56         2        7.649041e-01
        57         2        2.052210e-01
        58         2        3.950047e-01
        59         2        1.079059e+00
        60         2       -9.716086e-02
        61         2        7.404618e-01
        62         2        1.089468e-02
        63         2       -1.728154e+00
        64         2       -3.033065e-01
        65         2        1.919275e+00
        66         2       -1.149162e+00
        67         2        5.004551e-01
        68         2        9.344563e-01
        69         2        3.595954e-01
        70         2       -8.480167e-01
        71         2       -2.845265e+00
        72         2       -5.387038e-01
        73         2        6.614008e-01
        74         2       -7.342969e-01
        75         2       -1.107893e+00
        76         2        6.692505e-02
        77         2        7.092833e-01
        78         2        4.572592e-01
        79         2       -7.226384e-02
        80         2       -2.728772e+00
        81         2       -2.251905e-01
        82         2       -1.589948e+00
        83         2       -7.763089e-01
        84         2        9.743442e-01
        85         2        2.974263e-01
        86         2       -3.868024e-01
        87         2       -6.504023e-01
        88         2        3.794913e-02
        89         2       -4.817021e-01
        90         2        1.080701e+00
        91         2        2.167322e-02
        92         2        5.054441e-01
        93         2        2.949132e-01
        94         2        1.719533e+00
        95         2       -4.473385e-02
        96         2       -5.482039e-01
        97         2        1.807134e+00
        98         2        1.215068e+00
        99         2        2.539588e-01
       100         2       -1.488853e-01
         1         3        2.411012e-02
         2         3        2.049270e+00
         3         3        8.313428e-01
         4         3        1.474473e+00
         5         3        6.431929e-01
         6         3       -2.989885e+00
         7         3       -1.440652e+00
         8         3       -6.414521e-01
         9         3        3.661784e-01
        10         3        6.596017e-01
        11         3        3.824700e-02
        12         3        1.086215e+00
        13         3        1.949408e-01
        14         3        1.154331e+00
        15         3       -1.829780e-02
        16         3        2.263394e+00
        17         3       -5.993252e-02
        18         3       -2.402994e-01
        19         3        7.941812e-01
        20         3        6.008430e-01
        21         3       -9.684583e-01
        22         3        8.300761e-01
        23         3        4.655325e-02
        24         3        1.287779e+00
        25         3        9.964289e-01
        26         3       -3.557118e-01
        27         3       -5.377780e-01
        28         3        9.766497e-01
        29         3        7.907350e-01
        30         3        9.398481e-01
        31         3        1.408199e+00
        32         3        5.921050e-02
        33         3        9.887598e-01
        34         3        7.595390e-02
        35         3       -3.376037e-01
        36         3       -3.286471e-01
        37         3        6.714989e-01
        38         3       -5.559038e-01
        39         3        7.626147e-01
        40         3        3.317277e-01
        41         3        4.722252e-01
        42         3        6.006452e-01
        43         3        3.589719e-01
        44         3        2.433505e+00
        45         3       -3.265260e-01
        46         3        1.446408e+00
        47         3        2.687788e-01
        48         3        1.295436e+00
        49         3       -1.076756e+00
        50         3       -1.906608e+00
        51         3        1.133403e+00
        52         3        2.766797e-01
        53         3        5.473825e-01
        54         3        1.155152e+00
        55         3        3.838031e-01
        56         3        2.067395e-01
        57         3        1.661184e+00
        58         3        1.773370e+00
        59         3       -4.106563e-01
        60         3       -9.495705e-01
        61         3        6.030358e-01
        62         3        7.628542e-01
        63         3       -8.127731e-01
        64         3        1.012353e+00
        65         3        1.536442e-01
        66         3       -3.629909e-02
        67         3       -4.545433e-01
        68         3        8.541310e-01
        69         3        5.309320e-01
        70         3       -2.738368e-01
        71         3        8.015271e-02
        72         3       -2.263982e-01
        73         3       -3.466074e-01
        74         3       -2.956553e-01
        75         3        3.294513e-02
        76         3        2.645625e-01
        77         3        1.473226e+00
        78         3        2.654203e-01
        79         3        8.958294e-01
        80         3        1.021845e+00
        81         3        2.178524e-01
        82         3       -1.491625e+00
        83         3       -3.792272e-01
        84         3        1.494263e+00
        85         3        4.039573e-01
        86         3        6.283810e-01
        87         3       -1.457859e+00
        88         3        3.629813e-02
        89         3       -1.281227e+00
        90         3        1.480015e-01
        91         3        4.528947e-01
        92         3       -9.735928e-01
        93         3       -1.535812e-01
        94         3       -6.202694e-01
        95         3       -1.037576e-01
        96         3       -8.619700e-01
        97         3        8.607990e-02
        98         3       -1.734212e-02
        99         3        3.348999e-01
       100         3       -3.548856e-01
         1         4        5.970641e-01
         2         4        1.015275e+00
         3         4       -5.007722e-01
         4         4        8.478366e-02
         5         4        3.151286e-01
         6         4       -7.388663e-01
         7         4        9.693509e-02
         8         4        2.441644e-01
         9         4       -5.289050e-01
        10         4        5.235002e-02
        11         4       -9.921239e-01
        12         4       -5.065334e-01
        13         4        4.505660e-01
        14         4       -4.988100e-01
        15         4       -8.555566e-01
        16         4       -5.726000e-02
        17         4       -1.244646e+00
        18         4        6.015817e-01
        19         4        2.541239e-01
        20         4       -1.009362e+00
        21         4       -9.361227e-02
        22         4       -1.644804e+00
        23         4        8.369296e-01
        24         4        6.953561e-01
        25         4        6.076034e-02
        26         4        5.259166e-01
        27         4        6.970919e-01
        28         4        6.376246e-01
        29         4       -7.927356e-01
        30         4        8.671714e-01
        31         4        5.231153e-01
        32         4       -4.897987e-01
        33         4        6.327615e-01
        34         4        1.137246e+00
        35         4        3.179162e-01
        36         4        1.160350e+00
        37         4       -2.200260e+00
        38         4       -1.105368e+00
        39         4       -7.847690e-01
        40         4       -2.777853e+00
        41         4        3.732647e+00
        42         4       -2.915231e-01
        43         4        8.155708e-01
        44         4       -1.072312e-01
        45         4        1.216669e+00
        46         4        4.831999e-01
        47         4        6.792840e-01
        48         4       -1.432007e-01
        49         4        3.282774e-01
        50         4        8.756048e-01
        51         4        6.678392e-01
        52         4       -7.741243e-01
        53         4       -2.287988e-01
        54         4       -1.043314e+00
        55         4        4.559717e-02
        56         4       -3.918368e-01
        57         4       -1.087986e+00
        58         4       -7.165316e-01
        59         4        1.098249e+00
        60         4        2.094503e-01
        61         4       -1.051148e+00
        62         4       -5.292689e-01
        63         4       -1.138049e+00
        64         4       -1.330467e+00
        65         4        8.412632e-02
        66         4        8.824864e-01
        67         4        1.741082e+00
        68         4        1.535474e+00
        69         4        6.624544e-01
        70         4        1.124368e+00
        71         4       -9.395779e-01
        72         4        2.246163e+00
        73         4       -8.175851e-01
        74         4        1.788785e+00
        75         4       -1.122986e+00
        76         4       -3.499102e-01
        77         4        4.528852e-02
        78         4       -2.119969e+00
        79         4       -4.653889e-01
        80         4       -1.514570e-01
        81         4        3.727358e-01
        82         4       -1.278773e+00
        83         4        7.606730e-01
        84         4        2.211108e-01
        85         4        1.300084e-01
        86         4        1.557820e-01
        87         4        1.780506e-01
        88         4        4.209199e-01
        89         4       -1.736363e+00
        90         4       -1.497327e+00
        91         4       -1.159573e+00
        92         4        3.815473e+00
        93         4       -3.393743e-01
        94         4       -6.786342e-01
        95         4        1.486080e+00
        96         4       -3.154910e-01
        97         4       -1.466446e+00
        98         4       -1.823798e-01
        99         4       -1.382171e+00
       100         4        3.954808e-02
         1         5        5.084098e-01
         2         5       -1.289196e+00
         3         5        2.507546e+00
         4         5       -7.389652e-01
         5         5       -1.234894e+00
         6         5        1.038191e+00
         7         5       -5.057865e-01
         8         5        1.053879e+00
         9         5       -2.152600e-01
        10         5        2.355586e+00
        11         5        8.799010e-01
        12         5        6.128534e-01
        13         5       -2.117454e-01
        14         5        4.352536e-01
        15         5        2.465470e+00
        16         5       -2.730477e-01
        17         5       -3.664257e-01
        18         5       -1.908087e-01
        19         5       -2.214962e-01
        20         5       -6.294753e-01
        21         5        1.282019e-01
        22         5        1.555244e-02
        23         5        1.349410e-02
        24         5       -1.164537e+00
        25         5       -1.800959e-01
        26         5        1.663117e-01
        27         5        2.046695e+00
        28         5        9.897301e-02
        29         5        1.076405e+00
        30         5       -8.788273e-01
        31         5        6.699153e-02
        32         5        8.615676e-01
        33         5        1.592532e+00
        34         5       -1.530671e+00
        35         5        5.012012e-01
        36         5        6.104507e-01
        37         5       -7.641836e-01
        38         5       -1.704733e+00
        39         5        4.723666e-01
        40         5       -2.020168e+00
        41         5        8.889638e-02
        42         5       -6.623135e-01
        43         5        9.558095e-01
        44         5        5.161178e-01
        45         5       -6.609664e-01
        46         5       -2.183641e+00
        47         5        4.609790e-01
        48         5       -3.770467e-01
        49         5       -3.249284e-01
        50         5        1.246524e+00
        51         5       -1.179139e+00
        52         5        8.318370e-01
        53         5       -4.570806e-01
        54         5       -2.144720e-01
        55         5        9.396541e-02
        56         5       -1.732562e+00
        57         5       -4.572254e-01
        58         5       -5.226155e-02
        59         5        8.439880e-01
        60         5       -1.210685e+00
        61         5        1.728014e+00
        62         5       -1.150236e-01
        63         5       -7.600389e-01
        64         5        8.770573e-01
        65         5       -1.076555e+00
        66         5       -1.211837e-01
        67         5        7.999971e-01
        68         5        1.411473e-01
        69         5        5.201456e-01
        70         5       -1.012437e-02
        71         5        9.703827e-01
        72         5        3.367474e-01
        73         5        9.020657e-01
        74         5       -1.302791e-01
        75         5       -4.822427e-01
        76         5        1.558775e+00
        77         5        6.522357e-01
        78         5        2.179826e+00
        79         5        5.364059e-01
        80         5       -3.056044e-01
        81         5       -5.014577e-01
        82         5        1.578349e+00
        83         5       -1.154754e+00
        84         5        1.615672e-01
        85         5       -7.913378e-02
        86         5       -8.521170e-01
        87         5        1.822842e-02
        88         5       -2.595416e+00
        89         5        1.044079e+00
        90         5        1.669859e-02
        91         5        6.956371e-01
        92         5        3.334162e-01
        93         5       -1.018795e+00
        94         5       -3.197863e-02
        95         5       -3.978914e-01
        96         5       -1.020977e+00
        97         5        1.954915e+00
        98         5        9.379874e-01
        99         5       -1.900264e+00
       100         5        5.354659e-01
;
param X_Original:=
    1        1.209633e+00
    2        2.709614e-01
    3        2.290421e+00
    4       -8.253126e-01
    5       -2.307900e-01
    6        3.065591e-01
    7       -4.926854e-01
    8        1.973338e+00
    9        1.497561e+00
   10       -7.578686e-01
   11        3.351113e-01
   12        2.938429e-01
   13        4.504730e-01
   14        1.846680e-01
   15        1.575688e+00
   16       -1.407210e+00
   17        8.658409e-01
   18       -2.185186e-01
   19        6.075000e-03
   20       -1.342315e+00
   21       -2.740156e-01
   22        1.021010e+00
   23       -1.662577e+00
   24        1.026184e+00
   25        6.599416e-01
   26        1.575089e+00
   27       -2.107672e+00
   28       -1.003409e+00
   29        2.422993e-01
   30        1.148239e+00
   31        7.217072e-01
   32       -1.483511e+00
   33        9.855812e-01
   34       -7.653055e-01
   35        1.893469e+00
   36       -3.537660e-02
   37        4.726390e-02
   38       -2.075137e+00
   39        5.334563e-01
   40        7.956236e-01
   41        4.995705e-02
   42        7.304229e-01
   43       -6.770690e-01
   44       -2.717414e-01
   45       -5.464714e-01
   46        2.533604e-02
   47       -1.342130e-01
   48       -2.089646e-01
   49       -7.247281e-01
   50       -6.911090e-01
   51       -1.054044e+00
   52       -5.155070e-01
   53       -5.385076e-01
   54        3.739356e+00
   55        7.322146e-02
   56       -8.092713e-01
   57        5.517804e-02
   58       -3.245231e-01
   59        1.433565e+00
   60        7.609065e-01
   61        1.167005e+00
   62       -4.001484e-02
   63       -5.804571e-01
   64        1.527296e+00
   65        9.847071e-01
   66       -1.796768e-02
   67        1.782972e+00
   68        4.518406e-01
   69        5.666495e-01
   70       -7.584700e-01
   71       -2.425443e+00
   72       -1.003568e+00
   73        8.469261e-03
   74       -1.095814e+00
   75       -1.917959e+00
   76        8.695578e-03
   77       -7.261785e-02
   78        1.520507e+00
   79        1.252353e+00
   80        5.565406e-01
   81        6.790063e-02
   82       -5.371318e-01
   83       -1.076799e+00
   84       -2.516036e-01
   85       -7.262244e-01
   86       -5.578343e-01
   87       -1.226619e+00
   88        1.859569e-01
   89       -1.223406e+00
   90       -1.196546e+00
   91        7.045345e-01
   92       -5.399101e-01
   93       -2.826338e-01
   94       -4.848411e-01
   95       -1.397983e+00
   96       -6.679162e-01
   97        4.079035e-01
   98        7.239361e-01
   99        3.510789e-01
  100        1.617201e+00
;
param outliervec_original :=
    1    1
    2    1
    3    1
    4    1
    5    1
    6    1
    7    1
    8    1
    9    1
   10    1
   11    1
   12    0
   13    1
   14    1
   15    1
   16    1
   17    1
   18    1
   19    1
   20    1
   21    1
   22    1
   23    0
   24    0
   25    1
   26    1
   27    1
   28    1
   29    1
   30    1
   31    1
   32    1
   33    1
   34    1
   35    1
   36    1
   37    1
   38    1
   39    1
   40    1
   41    1
   42    1
   43    1
   44    1
   45    1
   46    1
   47    1
   48    1
   49    1
   50    1
   51    1
   52    1
   53    0
   54    0
   55    0
   56    1
   57    1
   58    1
   59    1
   60    1
   61    0
   62    1
   63    0
   64    1
   65    1
   66    1
   67    1
   68    1
   69    1
   70    1
   71    1
   72    1
   73    1
   74    1
   75    1
   76    1
   77    1
   78    1
   79    1
   80    1
   81    1
   82    1
   83    1
   84    1
   85    1
   86    1
   87    1
   88    0
   89    1
   90    1
   91    0
   92    1
   93    0
   94    1
   95    1
   96    1
   97    1
   98    0
   99    1
  100    1
;
param d:= 73;
param r:=5;
param p:=0.880000;
param M:=1000;
param U:=
         1         1       -1.802025e+00
         2         1       -9.401948e-01
         3         1       -2.335611e-01
         4         1       -1.900377e-01
         5         1       -2.125619e-03
         6         1       -5.481405e-01
         7         1       -3.103020e-01
         8         1        8.981575e-01
         9         1       -1.787529e-01
        10         1       -5.099248e-01
        11         1       -2.153661e+00
        12         1       -9.266178e-01
        13         1        2.420775e-01
        14         1       -2.104550e+00
        15         1       -1.616694e+00
        16         1       -2.594310e+00
        17         1       -1.614206e-01
        18         1        1.471221e-01
        19         1       -4.300794e-01
        20         1       -1.190416e+00
        21         1        3.103437e-01
        22         1       -1.569734e-01
        23         1        3.134100e-01
        24         1       -5.380782e-01
        25         1        4.962206e-01
        26         1        8.328322e-01
        27         1       -2.917509e-01
        28         1        3.883724e-03
        29         1       -2.027952e-01
        30         1        4.467340e-01
        31         1       -1.659150e+00
        32         1        4.657148e-01
        33         1       -7.109807e-01
        34         1        2.422504e-01
        35         1        9.587663e-01
        36         1        2.425405e-01
        37         1       -5.578602e-01
        38         1       -6.265074e-01
        39         1        2.557234e-01
        40         1       -4.554827e-01
        41         1       -4.461304e-02
        42         1        7.241962e-01
        43         1       -1.014050e+00
        44         1       -1.142325e+00
        45         1       -4.134130e-01
        46         1        9.941121e-01
        47         1        1.429072e+00
        48         1       -1.587002e-01
        49         1        1.433398e+00
        50         1        9.141109e-01
        51         1       -1.220424e+00
        52         1       -8.645666e-01
        53         1        8.838591e-01
        54         1       -3.433338e-01
        55         1        9.231739e-01
        56         1       -4.895455e-01
        57         1       -1.158767e+00
        58         1        1.304805e-01
        59         1       -1.810640e-01
        60         1        5.505255e-01
        61         1       -2.350264e+00
        62         1       -4.029357e-01
        63         1       -1.427265e+00
        64         1       -1.909298e-01
        65         1        8.199554e-01
        66         1       -4.096593e-01
        67         1       -5.565143e-01
        68         1        2.665568e+00
        69         1       -2.742127e+00
        70         1        6.343299e-01
        71         1        1.406714e+00
        72         1       -7.842683e-01
        73         1       -5.285245e-01
         1         2        1.611483e+00
         2         2        5.519716e-01
         3         2        1.001791e+00
         4         2       -1.331551e+00
         5         2       -8.308675e-01
         6         2       -1.592395e-01
         7         2       -4.726211e-01
         8         2        4.878168e-01
         9         2        3.699154e-01
        10         2       -3.686914e-01
        11         2       -1.241330e+00
        12         2        1.933376e-01
        13         2       -1.355781e+00
        14         2        1.975914e-01
        15         2        3.803409e-01
        16         2       -8.193280e-01
        17         2        3.078067e-01
        18         2        8.484220e-01
        19         2       -1.045752e+00
        20         2        9.737300e-01
        21         2       -6.200934e-01
        22         2       -4.369211e-01
        23         2       -6.148623e-01
        24         2        3.910204e-01
        25         2        8.796751e-01
        26         2        1.521286e+00
        27         2        8.399487e-01
        28         2        1.260249e-02
        29         2        4.706542e-01
        30         2       -6.373552e-01
        31         2       -1.257930e+00
        32         2        1.294797e+00
        33         2        2.023348e+00
        34         2       -7.583536e-02
        35         2       -8.194349e-02
        36         2       -1.739452e+00
        37         2       -9.320871e-01
        38         2       -9.818577e-01
        39         2        2.420115e+00
        40         2        7.496771e-02
        41         2        7.649041e-01
        42         2        2.052210e-01
        43         2        3.950047e-01
        44         2        1.079059e+00
        45         2        7.404618e-01
        46         2        1.089468e-02
        47         2       -1.728154e+00
        48         2       -3.033065e-01
        49         2        1.919275e+00
        50         2        5.004551e-01
        51         2        9.344563e-01
        52         2        3.595954e-01
        53         2       -8.480167e-01
        54         2       -2.845265e+00
        55         2       -5.387038e-01
        56         2       -7.342969e-01
        57         2       -1.107893e+00
        58         2        6.692505e-02
        59         2        4.572592e-01
        60         2       -7.226384e-02
        61         2       -2.251905e-01
        62         2       -1.589948e+00
        63         2       -7.763089e-01
        64         2        2.974263e-01
        65         2       -3.868024e-01
        66         2       -6.504023e-01
        67         2        2.167322e-02
        68         2        5.054441e-01
        69         2        2.949132e-01
        70         2       -4.473385e-02
        71         2       -5.482039e-01
        72         2        1.215068e+00
        73         2        2.539588e-01
         1         3        2.411012e-02
         2         3        2.049270e+00
         3         3        8.313428e-01
         4         3        1.474473e+00
         5         3        6.431929e-01
         6         3       -2.989885e+00
         7         3       -1.440652e+00
         8         3       -6.414521e-01
         9         3        3.661784e-01
        10         3        1.086215e+00
        11         3        1.154331e+00
        12         3       -1.829780e-02
        13         3        2.263394e+00
        14         3       -2.402994e-01
        15         3        7.941812e-01
        16         3        6.008430e-01
        17         3       -9.684583e-01
        18         3        8.300761e-01
        19         3        4.655325e-02
        20         3        1.287779e+00
        21         3        9.766497e-01
        22         3        7.907350e-01
        23         3        1.408199e+00
        24         3        9.887598e-01
        25         3        7.595390e-02
        26         3       -3.376037e-01
        27         3       -3.286471e-01
        28         3       -5.559038e-01
        29         3        7.626147e-01
        30         3        4.722252e-01
        31         3        3.589719e-01
        32         3       -3.265260e-01
        33         3        1.446408e+00
        34         3        2.687788e-01
        35         3        1.295436e+00
        36         3       -1.076756e+00
        37         3        2.766797e-01
        38         3        5.473825e-01
        39         3        1.155152e+00
        40         3        3.838031e-01
        41         3        2.067395e-01
        42         3        1.661184e+00
        43         3        1.773370e+00
        44         3       -4.106563e-01
        45         3        6.030358e-01
        46         3        7.628542e-01
        47         3       -8.127731e-01
        48         3        1.012353e+00
        49         3        1.536442e-01
        50         3       -4.545433e-01
        51         3        8.541310e-01
        52         3        5.309320e-01
        53         3       -2.738368e-01
        54         3        8.015271e-02
        55         3       -2.263982e-01
        56         3       -2.956553e-01
        57         3        3.294513e-02
        58         3        2.645625e-01
        59         3        2.654203e-01
        60         3        8.958294e-01
        61         3        2.178524e-01
        62         3       -1.491625e+00
        63         3       -3.792272e-01
        64         3        4.039573e-01
        65         3        6.283810e-01
        66         3       -1.457859e+00
        67         3        4.528947e-01
        68         3       -9.735928e-01
        69         3       -1.535812e-01
        70         3       -1.037576e-01
        71         3       -8.619700e-01
        72         3       -1.734212e-02
        73         3        3.348999e-01
         1         4        5.970641e-01
         2         4        1.015275e+00
         3         4       -5.007722e-01
         4         4        8.478366e-02
         5         4        3.151286e-01
         6         4       -7.388663e-01
         7         4        9.693509e-02
         8         4        2.441644e-01
         9         4       -5.289050e-01
        10         4       -5.065334e-01
        11         4       -4.988100e-01
        12         4       -8.555566e-01
        13         4       -5.726000e-02
        14         4        6.015817e-01
        15         4        2.541239e-01
        16         4       -1.009362e+00
        17         4       -9.361227e-02
        18         4       -1.644804e+00
        19         4        8.369296e-01
        20         4        6.953561e-01
        21         4        6.376246e-01
        22         4       -7.927356e-01
        23         4        5.231153e-01
        24         4        6.327615e-01
        25         4        1.137246e+00
        26         4        3.179162e-01
        27         4        1.160350e+00
        28         4       -1.105368e+00
        29         4       -7.847690e-01
        30         4        3.732647e+00
        31         4        8.155708e-01
        32         4        1.216669e+00
        33         4        4.831999e-01
        34         4        6.792840e-01
        35         4       -1.432007e-01
        36         4        3.282774e-01
        37         4       -7.741243e-01
        38         4       -2.287988e-01
        39         4       -1.043314e+00
        40         4        4.559717e-02
        41         4       -3.918368e-01
        42         4       -1.087986e+00
        43         4       -7.165316e-01
        44         4        1.098249e+00
        45         4       -1.051148e+00
        46         4       -5.292689e-01
        47         4       -1.138049e+00
        48         4       -1.330467e+00
        49         4        8.412632e-02
        50         4        1.741082e+00
        51         4        1.535474e+00
        52         4        6.624544e-01
        53         4        1.124368e+00
        54         4       -9.395779e-01
        55         4        2.246163e+00
        56         4        1.788785e+00
        57         4       -1.122986e+00
        58         4       -3.499102e-01
        59         4       -2.119969e+00
        60         4       -4.653889e-01
        61         4        3.727358e-01
        62         4       -1.278773e+00
        63         4        7.606730e-01
        64         4        1.300084e-01
        65         4        1.557820e-01
        66         4        1.780506e-01
        67         4       -1.159573e+00
        68         4        3.815473e+00
        69         4       -3.393743e-01
        70         4        1.486080e+00
        71         4       -3.154910e-01
        72         4       -1.823798e-01
        73         4       -1.382171e+00
         1         5        5.084098e-01
         2         5       -1.289196e+00
         3         5        2.507546e+00
         4         5       -7.389652e-01
         5         5       -1.234894e+00
         6         5        1.038191e+00
         7         5       -5.057865e-01
         8         5        1.053879e+00
         9         5       -2.152600e-01
        10         5        6.128534e-01
        11         5        4.352536e-01
        12         5        2.465470e+00
        13         5       -2.730477e-01
        14         5       -1.908087e-01
        15         5       -2.214962e-01
        16         5       -6.294753e-01
        17         5        1.282019e-01
        18         5        1.555244e-02
        19         5        1.349410e-02
        20         5       -1.164537e+00
        21         5        9.897301e-02
        22         5        1.076405e+00
        23         5        6.699153e-02
        24         5        1.592532e+00
        25         5       -1.530671e+00
        26         5        5.012012e-01
        27         5        6.104507e-01
        28         5       -1.704733e+00
        29         5        4.723666e-01
        30         5        8.889638e-02
        31         5        9.558095e-01
        32         5       -6.609664e-01
        33         5       -2.183641e+00
        34         5        4.609790e-01
        35         5       -3.770467e-01
        36         5       -3.249284e-01
        37         5        8.318370e-01
        38         5       -4.570806e-01
        39         5       -2.144720e-01
        40         5        9.396541e-02
        41         5       -1.732562e+00
        42         5       -4.572254e-01
        43         5       -5.226155e-02
        44         5        8.439880e-01
        45         5        1.728014e+00
        46         5       -1.150236e-01
        47         5       -7.600389e-01
        48         5        8.770573e-01
        49         5       -1.076555e+00
        50         5        7.999971e-01
        51         5        1.411473e-01
        52         5        5.201456e-01
        53         5       -1.012437e-02
        54         5        9.703827e-01
        55         5        3.367474e-01
        56         5       -1.302791e-01
        57         5       -4.822427e-01
        58         5        1.558775e+00
        59         5        2.179826e+00
        60         5        5.364059e-01
        61         5       -5.014577e-01
        62         5        1.578349e+00
        63         5       -1.154754e+00
        64         5       -7.913378e-02
        65         5       -8.521170e-01
        66         5        1.822842e-02
        67         5        6.956371e-01
        68         5        3.334162e-01
        69         5       -1.018795e+00
        70         5       -3.978914e-01
        71         5       -1.020977e+00
        72         5        9.379874e-01
        73         5       -1.900264e+00
;

param theta:=
    1        3.482945e-01
    2        9.193085e-01
    3        5.675063e-01
    4       -6.863758e-01
    5       -2.508238e-01
;
param X_true:=
    1        3.301659e-01
    2        9.694420e-01
    3        1.026165e+00
    4       -3.263659e-01
    5       -3.061036e-01
    6       -1.787346e+00
    7       -1.299811e+00
    8       -3.467707e-02
    9        9.026362e-01
   10        2.938429e-01
   11       -1.002984e+00
   12       -1.865483e-01
   13        2.302129e-01
   14       -1.052779e+00
   15        1.183999e-01
   16       -4.651279e-01
   17       -2.907617e-01
   18        2.427330e+00
   19       -1.662577e+00
   20        1.026184e+00
   21       -3.701861e-01
   22        2.665352e-01
   23       -3.278425e-02
   24       -1.005710e-01
   25        6.279786e-01
   26        1.153087e+00
   27       -4.655042e-01
   28        8.837450e-01
   29        1.214998e+00
   30       -2.746636e+00
   31       -2.330107e+00
   32        4.979116e-01
   33        2.649349e+00
   34       -4.146765e-01
   35        1.186632e+00
   36       -2.269505e+00
   37       -5.714622e-01
   38       -5.385076e-01
   39        3.739356e+00
   40        7.322146e-02
   41        1.508485e+00
   42        2.245078e+00
   43        1.521260e+00
   44       -6.044309e-01
   45        1.167005e+00
   46        1.181312e+00
   47       -5.804571e-01
   48        9.336235e-01
   49        2.563128e+00
   50       -8.751988e-01
   51       -1.706040e-01
   52       -2.543950e-01
   53       -1.396349e+00
   54       -2.288262e+00
   55       -1.928357e+00
   56       -2.208439e+00
   57       -5.116432e-01
   58        1.063034e-01
   59        1.416269e+00
   60        8.185894e-01
   61       -1.032030e+00
   62       -1.966668e+00
   63       -1.658457e+00
   64        3.667890e-01
   65        3.934117e-01
   66       -1.694729e+00
   67        7.045345e-01
   68       -1.861935e+00
   69       -2.826338e-01
   70       -7.992823e-01
   71       -3.056056e-02
   72        7.239361e-01
   73        1.664762e+00
;
param X:=
    1        1.209633e+00
    2        2.709614e-01
    3        2.290421e+00
    4       -8.253126e-01
    5       -2.307900e-01
    6        3.065591e-01
    7       -4.926854e-01
    8        1.973338e+00
    9        1.497561e+00
   10        2.938429e-01
   11        1.846680e-01
   12        1.575688e+00
   13       -1.407210e+00
   14       -2.185186e-01
   15        6.075000e-03
   16       -1.342315e+00
   17       -2.740156e-01
   18        1.021010e+00
   19       -1.662577e+00
   20        1.026184e+00
   21       -1.003409e+00
   22        2.422993e-01
   23        7.217072e-01
   24        9.855812e-01
   25       -7.653055e-01
   26        1.893469e+00
   27       -3.537660e-02
   28       -2.075137e+00
   29        5.334563e-01
   30        4.995705e-02
   31       -6.770690e-01
   32       -5.464714e-01
   33        2.533604e-02
   34       -1.342130e-01
   35       -2.089646e-01
   36       -7.247281e-01
   37       -5.155070e-01
   38       -5.385076e-01
   39        3.739356e+00
   40        7.322146e-02
   41       -8.092713e-01
   42        5.517804e-02
   43       -3.245231e-01
   44        1.433565e+00
   45        1.167005e+00
   46       -4.001484e-02
   47       -5.804571e-01
   48        1.527296e+00
   49        9.847071e-01
   50        1.782972e+00
   51        4.518406e-01
   52        5.666495e-01
   53       -7.584700e-01
   54       -2.425443e+00
   55       -1.003568e+00
   56       -1.095814e+00
   57       -1.917959e+00
   58        8.695578e-03
   59        1.520507e+00
   60        1.252353e+00
   61        6.790063e-02
   62       -5.371318e-01
   63       -1.076799e+00
   64       -7.262244e-01
   65       -5.578343e-01
   66       -1.226619e+00
   67        7.045345e-01
   68       -5.399101e-01
   69       -2.826338e-01
   70       -1.397983e+00
   71       -6.679162e-01
   72        7.239361e-01
   73        3.510789e-01
;
param outliervec:=
    1    1
    2    1
    3    1
    4    1
    5    1
    6    1
    7    1
    8    1
    9    1
   10    0
   11    1
   12    1
   13    1
   14    1
   15    1
   16    1
   17    1
   18    1
   19    0
   20    0
   21    1
   22    1
   23    1
   24    1
   25    1
   26    1
   27    1
   28    1
   29    1
   30    1
   31    1
   32    1
   33    1
   34    1
   35    1
   36    1
   37    1
   38    0
   39    0
   40    0
   41    1
   42    1
   43    1
   44    1
   45    0
   46    1
   47    0
   48    1
   49    1
   50    1
   51    1
   52    1
   53    1
   54    1
   55    1
   56    1
   57    1
   58    1
   59    1
   60    1
   61    1
   62    1
   63    1
   64    1
   65    1
   66    1
   67    0
   68    1
   69    0
   70    1
   71    1
   72    0
   73    1
; 
param greedy_time :=         1.448138e-01
;