data;


param FN:= 0;
param D:= 100;
param U_Original:=
         1         1        1.164469e+00
         2         1        8.811190e-01
         3         1       -8.758521e-01
         4         1        7.522486e-01
         5         1        7.793397e-02
         6         1       -1.032865e+00
         7         1       -2.866269e-01
         8         1       -1.489874e+00
         9         1       -1.003073e+00
        10         1        3.814388e-01
        11         1        1.390840e-01
        12         1       -3.870919e-01
        13         1        4.671514e-01
        14         1       -7.034037e-01
        15         1       -1.279603e+00
        16         1       -3.648810e-01
        17         1        6.905824e-01
        18         1       -2.330172e-01
        19         1        7.884905e-01
        20         1       -1.565310e+00
        21         1       -8.976210e-01
        22         1        5.901411e-01
        23         1        5.727914e-01
        24         1        1.006914e+00
        25         1        1.952696e+00
        26         1        1.285310e+00
        27         1        1.305420e+00
        28         1       -8.993289e-01
        29         1       -4.585294e-01
        30         1        1.784503e+00
        31         1       -9.694484e-01
        32         1       -1.422181e+00
        33         1       -1.526338e+00
        34         1       -5.923795e-01
        35         1       -1.606902e+00
        36         1        1.323059e+00
        37         1       -1.111784e+00
        38         1        2.694544e-01
        39         1       -1.198981e+00
        40         1        8.160569e-01
        41         1       -1.361944e+00
        42         1        2.156204e-01
        43         1        1.956625e-02
        44         1        8.601974e-01
        45         1       -1.530394e+00
        46         1       -9.668953e-01
        47         1       -1.476222e+00
        48         1       -1.963655e-01
        49         1        1.520183e+00
        50         1       -8.779964e-01
        51         1        1.978879e-01
        52         1        1.531054e+00
        53         1        4.049786e-01
        54         1        1.251368e-01
        55         1       -8.014044e-01
        56         1       -1.983732e+00
        57         1        5.530089e-01
        58         1       -1.495016e-01
        59         1        5.612043e-01
        60         1        1.808716e-01
        61         1       -1.152309e+00
        62         1        1.775258e+00
        63         1        7.765378e-01
        64         1        9.716551e-01
        65         1       -6.720782e-01
        66         1        3.742013e-01
        67         1        3.816693e-02
        68         1       -1.159419e-01
        69         1        1.543391e+00
        70         1       -1.621690e+00
        71         1       -1.478183e+00
        72         1        9.102059e-01
        73         1       -8.001124e-01
        74         1        1.474829e+00
        75         1        3.658089e-01
        76         1        1.267581e+00
        77         1       -1.111889e+00
        78         1        1.490066e-01
        79         1        2.511395e-01
        80         1        2.171342e+00
        81         1       -4.868909e-01
        82         1        6.178898e-01
        83         1       -2.375955e+00
        84         1       -7.426620e-01
        85         1        5.069024e-01
        86         1        1.055538e+00
        87         1       -5.505282e-02
        88         1        3.897441e-01
        89         1       -4.217596e-01
        90         1        6.633530e-01
        91         1        6.369009e-01
        92         1       -7.536982e-01
        93         1       -2.311464e-01
        94         1        9.796802e-01
        95         1       -1.591106e-01
        96         1       -6.542627e-01
        97         1        1.513390e-01
        98         1       -7.889159e-01
        99         1        6.520048e-01
       100         1        1.772081e-01
         1         2        2.933414e-01
         2         2        2.131607e+00
         3         2       -3.414761e-01
         4         2       -1.458476e+00
         5         2       -9.828265e-02
         6         2       -5.334412e-01
         7         2        5.174329e-01
         8         2        1.710001e-01
         9         2       -2.004222e+00
        10         2       -3.337474e-01
        11         2        4.242331e-01
        12         2       -1.433751e+00
        13         2       -1.413045e-01
        14         2       -6.654534e-01
        15         2        3.846878e-01
        16         2       -1.342294e+00
        17         2        5.229657e-01
        18         2        8.053858e-01
        19         2        1.443002e+00
        20         2        1.902893e-01
        21         2       -1.448527e+00
        22         2       -4.229702e-01
        23         2        1.017490e+00
        24         2        2.242991e-01
        25         2       -1.390078e+00
        26         2        8.045673e-01
        27         2        2.284213e+00
        28         2        9.668984e-01
        29         2       -2.958727e-01
        30         2       -4.675554e-01
        31         2       -7.999618e-01
        32         2       -2.870591e-02
        33         2        1.037201e+00
        34         2        8.775896e-01
        35         2        1.796268e-01
        36         2        7.319746e-01
        37         2       -3.754579e-01
        38         2       -9.845069e-01
        39         2       -6.635995e-01
        40         2        9.224586e-01
        41         2        2.161568e-01
        42         2       -7.984234e-01
        43         2        1.314411e+00
        44         2       -1.290966e+00
        45         2       -3.074662e-01
        46         2        1.417209e-01
        47         2        4.036545e-01
        48         2       -7.245976e-01
        49         2        1.085055e+00
        50         2        2.087092e+00
        51         2       -2.931623e-01
        52         2       -2.897529e-01
        53         2       -1.358768e+00
        54         2       -3.207988e-01
        55         2        2.493209e-01
        56         2       -1.013811e+00
        57         2        3.197292e-01
        58         2       -3.755109e+00
        59         2        2.538849e-01
        60         2       -1.216343e+00
        61         2        2.648888e-01
        62         2       -3.673783e-01
        63         2        6.241614e-01
        64         2       -7.745928e-01
        65         2       -1.621542e-03
        66         2        1.595178e+00
        67         2       -8.799769e-02
        68         2       -4.755257e-01
        69         2       -1.043455e+00
        70         2        1.816574e-01
        71         2        1.119711e+00
        72         2       -1.393801e-01
        73         2       -1.524572e+00
        74         2        5.841760e-02
        75         2        2.195980e-01
        76         2        1.186237e+00
        77         2        1.183487e-02
        78         2       -4.674953e-01
        79         2        1.241057e+00
        80         2       -6.828767e-01
        81         2       -1.799213e+00
        82         2       -7.664338e-01
        83         2        1.291297e+00
        84         2       -4.704292e-01
        85         2        8.723130e-01
        86         2       -9.191234e-02
        87         2       -2.658937e-01
        88         2       -5.526854e-01
        89         2       -9.805917e-02
        90         2        9.803584e-03
        91         2       -5.936635e-01
        92         2        1.095383e+00
        93         2        3.078529e-01
        94         2       -1.954815e-01
        95         2        8.855911e-01
        96         2       -7.141648e-01
        97         2        1.332124e+00
        98         2       -4.724770e-02
        99         2       -1.465507e+00
       100         2       -1.483103e+00
         1         3       -5.508491e-01
         2         3        4.887249e-01
         3         3       -9.748157e-01
         4         3       -6.782047e-01
         5         3        1.130631e+00
         6         3        1.761592e+00
         7         3        8.673691e-01
         8         3        3.024793e-01
         9         3        1.285272e+00
        10         3       -6.723100e-01
        11         3        1.452786e+00
        12         3        4.715702e-01
        13         3        1.583822e-02
        14         3       -4.665488e-01
        15         3        2.270955e+00
        16         3        2.303726e-01
        17         3        7.589031e-01
        18         3        1.243297e+00
        19         3        1.289742e+00
        20         3        7.076362e-01
        21         3        1.441873e+00
        22         3        7.489605e-01
        23         3       -1.847446e-01
        24         3       -4.200572e-01
        25         3       -6.762653e-01
        26         3       -3.141966e-01
        27         3       -8.095354e-01
        28         3       -7.875233e-01
        29         3       -4.240272e+00
        30         3        4.317466e-01
        31         3       -2.386877e+00
        32         3        1.181776e+00
        33         3        3.144072e-01
        34         3       -3.357896e-02
        35         3       -3.089463e-01
        36         3        1.218811e-01
        37         3       -7.288442e-01
        38         3       -8.781921e-01
        39         3       -4.515159e-01
        40         3        7.073721e-02
        41         3       -1.136745e+00
        42         3        6.404648e-01
        43         3        4.955304e-01
        44         3       -8.269482e-01
        45         3        3.941961e-01
        46         3        8.755243e-01
        47         3        1.642428e+00
        48         3        3.450096e-01
        49         3       -8.922155e-01
        50         3       -6.100885e-01
        51         3       -3.260313e-01
        52         3        9.365334e-01
        53         3        1.069646e+00
        54         3       -1.667631e+00
        55         3        1.017516e+00
        56         3        7.562326e-01
        57         3        7.633362e-01
        58         3        1.794678e-01
        59         3        2.364778e-01
        60         3       -3.018537e+00
        61         3        2.089982e+00
        62         3        1.943184e+00
        63         3        2.017280e+00
        64         3        6.026489e-01
        65         3       -1.526669e-01
        66         3       -1.689456e-01
        67         3       -1.515223e+00
        68         3        2.296289e-01
        69         3       -3.635102e-01
        70         3        8.253094e-02
        71         3        2.900885e-02
        72         3       -1.484843e+00
        73         3        1.518822e+00
        74         3        7.015253e-01
        75         3        1.889585e+00
        76         3       -6.978898e-01
        77         3       -4.591599e-01
        78         3       -7.154471e-01
        79         3       -1.279347e+00
        80         3       -3.561364e-01
        81         3       -7.010655e-01
        82         3        6.007042e-01
        83         3        7.036787e-01
        84         3        1.591240e-01
        85         3        3.623628e-01
        86         3       -1.498066e+00
        87         3        1.212632e+00
        88         3       -2.758123e+00
        89         3        1.069614e+00
        90         3       -1.186468e+00
        91         3        1.942427e-01
        92         3       -7.245909e-01
        93         3       -4.468139e-01
        94         3       -9.340884e-02
        95         3        3.430546e-01
        96         3        1.162636e+00
        97         3       -8.742502e-01
        98         3       -3.361805e-01
        99         3       -3.008264e-01
       100         3       -6.935599e-01
         1         4       -6.871667e-01
         2         4       -7.899600e-01
         3         4        2.005578e-01
         4         4       -7.557864e-02
         5         4        1.120351e+00
         6         4        1.515491e-01
         7         4       -1.110709e+00
         8         4       -8.873146e-01
         9         4        5.783783e-01
        10         4       -1.771505e+00
        11         4        8.297847e-01
        12         4       -5.285030e-01
        13         4        7.180357e-01
        14         4        7.319058e-01
        15         4        7.040689e-02
        16         4        3.136820e-01
        17         4        2.540839e-01
        18         4       -9.253060e-01
        19         4        1.948595e+00
        20         4       -9.857959e-01
        21         4       -1.887464e+00
        22         4        1.730454e+00
        23         4       -7.251861e-01
        24         4       -1.674588e+00
        25         4       -1.329433e+00
        26         4       -1.465797e+00
        27         4       -7.014530e-01
        28         4       -1.209091e-01
        29         4       -5.742694e-02
        30         4        1.083015e+00
        31         4       -1.140300e+00
        32         4       -2.158433e-01
        33         4       -1.627796e+00
        34         4       -1.098899e+00
        35         4        1.299390e+00
        36         4       -6.042567e-01
        37         4        1.656363e+00
        38         4        1.323572e+00
        39         4        2.526566e-01
        40         4       -3.332215e-01
        41         4       -5.250013e-01
        42         4        3.736508e-01
        43         4       -2.408490e+00
        44         4        5.839300e-02
        45         4        1.218585e+00
        46         4       -1.234181e+00
        47         4        4.311512e-01
        48         4       -1.355686e+00
        49         4       -3.069508e+00
        50         4       -3.756368e-01
        51         4       -7.331473e-01
        52         4       -3.511310e-01
        53         4       -1.201038e+00
        54         4        1.794384e+00
        55         4        8.200591e-01
        56         4        4.496485e-02
        57         4       -3.142614e-02
        58         4        7.705524e-02
        59         4        6.105892e-01
        60         4       -1.016590e+00
        61         4       -5.888924e-01
        62         4       -4.742005e-01
        63         4       -7.964255e-03
        64         4       -1.168339e+00
        65         4       -1.829862e-01
        66         4       -2.335735e+00
        67         4        8.446088e-01
        68         4       -1.234311e+00
        69         4        1.703550e+00
        70         4        1.208649e+00
        71         4        1.319277e+00
        72         4       -1.579829e-01
        73         4       -7.982203e-01
        74         4        8.088062e-01
        75         4        1.739947e+00
        76         4       -5.835863e-02
        77         4       -9.233627e-01
        78         4       -1.914818e+00
        79         4        6.621164e-02
        80         4       -7.271422e-01
        81         4        3.879901e-01
        82         4       -1.018942e+00
        83         4        4.532871e-01
        84         4       -2.307427e-01
        85         4        7.086694e-01
        86         4       -1.322890e+00
        87         4        1.616471e-01
        88         4       -9.933531e-01
        89         4       -1.116952e+00
        90         4        3.937125e-01
        91         4       -8.371108e-03
        92         4        1.251485e+00
        93         4        8.372013e-01
        94         4        7.375250e-02
        95         4        1.686543e+00
        96         4       -1.404740e+00
        97         4       -9.319678e-01
        98         4       -5.539414e-01
        99         4       -9.780916e-01
       100         4        4.560098e-01
         1         5       -1.352376e+00
         2         5        2.248902e+00
         3         5        5.653206e-01
         4         5        1.684409e+00
         5         5       -2.120920e-01
         6         5        3.330236e-01
         7         5        1.489501e+00
         8         5        1.954249e-01
         9         5        1.208958e-01
        10         5        8.342535e-01
        11         5        6.016605e-01
        12         5        1.256110e+00
        13         5       -1.477738e+00
        14         5        1.752402e+00
        15         5        1.511081e-02
        16         5       -1.232197e+00
        17         5       -1.386301e+00
        18         5        1.335695e+00
        19         5       -1.080292e+00
        20         5       -1.349239e+00
        21         5       -8.216371e-01
        22         5        8.658442e-01
        23         5        6.549897e-01
        24         5        1.389400e+00
        25         5        3.689916e-01
        26         5        3.497885e-01
        27         5        9.772447e-01
        28         5        3.997145e-01
        29         5       -1.461054e+00
        30         5        1.312936e+00
        31         5       -1.876357e+00
        32         5       -1.644350e+00
        33         5       -8.112261e-01
        34         5       -3.999864e-01
        35         5       -1.091347e+00
        36         5        1.307319e+00
        37         5        2.157159e-02
        38         5       -2.368578e-01
        39         5        2.120242e+00
        40         5       -1.633849e-01
        41         5       -1.064058e+00
        42         5       -7.108225e-01
        43         5        4.632949e-01
        44         5       -1.865781e-01
        45         5        1.630438e+00
        46         5        8.371468e-01
        47         5        3.453062e-01
        48         5       -1.850426e-01
        49         5       -1.617889e+00
        50         5        1.187846e+00
        51         5       -3.223203e-02
        52         5        1.625285e-01
        53         5       -9.835598e-01
        54         5        1.237165e-01
        55         5        5.429506e-01
        56         5        1.027689e+00
        57         5       -1.784298e+00
        58         5       -4.996163e-01
        59         5        4.239981e-01
        60         5       -2.160229e-01
        61         5       -1.099202e+00
        62         5        9.660987e-01
        63         5       -9.936085e-01
        64         5       -1.229086e+00
        65         5        1.139100e-01
        66         5        7.576570e-01
        67         5       -1.201366e-01
        68         5        1.079492e+00
        69         5       -1.342071e-01
        70         5        2.514446e+00
        71         5       -9.537637e-02
        72         5       -9.682320e-01
        73         5       -1.701488e-02
        74         5       -9.087564e-01
        75         5       -1.528575e+00
        76         5       -1.736453e+00
        77         5        3.147494e-01
        78         5        8.936643e-01
        79         5        5.959251e-01
        80         5        4.499419e-02
        81         5       -1.552967e+00
        82         5       -5.224910e-01
        83         5        3.996230e-01
        84         5        3.370376e-01
        85         5       -5.814786e-01
        86         5        2.856444e-01
        87         5        1.320659e+00
        88         5        1.115011e+00
        89         5       -8.437848e-01
        90         5        1.018665e+00
        91         5        4.156619e-01
        92         5        9.332360e-01
        93         5        1.037858e+00
        94         5        4.505298e-03
        95         5        1.140599e+00
        96         5       -1.045177e+00
        97         5       -1.029529e-01
        98         5        4.910813e-01
        99         5        4.924734e-01
       100         5        9.247230e-01
;
param X_Original:=
    1       -2.077389e+00
    2        8.212581e-01
    3        1.661828e+00
    4        1.566156e-01
    5        9.218401e-01
    6        1.363231e+00
    7       -1.531409e+00
    8       -2.163794e+00
    9        7.140602e-01
   10       -1.155468e-01
   11       -1.030341e+00
   12       -3.746852e-01
   13       -2.628807e-01
   14       -9.028009e-01
   15       -1.949252e+00
   16        3.308310e-01
   17       -1.184529e+00
   18       -1.455647e+00
   19       -3.662347e-01
   20       -4.358271e+00
   21       -7.468567e+00
   22        1.439574e+00
   23       -1.005664e-01
   24       -1.759147e-01
   25       -2.560504e+00
   26       -1.987607e+00
   27        1.753005e+00
   28       -1.430027e-01
   29        8.340678e-02
   30       -1.414006e+00
   31        5.198265e-01
   32       -3.505391e+00
   33       -1.499360e-01
   34       -2.386570e+00
   35        3.883272e-01
   36        4.677357e-01
   37        1.020359e+00
   38       -4.939440e-01
   39       -1.284992e+00
   40       -3.266657e-01
   41        8.203895e-01
   42        1.521587e+00
   43       -2.937253e-01
   44        4.392812e-02
   45        3.655604e+00
   46        8.067273e-01
   47       -1.267313e+00
   48       -4.033956e+00
   49        3.898468e-01
   50        2.123759e+00
   51       -1.518462e+00
   52       -1.520627e+00
   53       -3.038557e-01
   54        1.487901e-01
   55       -1.107436e+00
   56       -1.759836e-01
   57        4.463987e-01
   58       -2.807992e+00
   59        1.058253e+00
   60       -4.126554e-01
   61       -8.032121e-01
   62        1.247759e+00
   63        5.076747e-01
   64        1.304399e+00
   65        1.323984e+00
   66        1.437248e+00
   67       -1.260917e+00
   68        9.218761e-01
   69       -1.138040e+00
   70        5.126863e+00
   71        3.338998e+00
   72        6.085770e-01
   73       -8.572554e-01
   74        2.056325e+00
   75       -7.078351e-01
   76       -3.613676e-01
   77       -3.030413e-01
   78        9.171659e-01
   79       -1.340040e+00
   80       -1.393953e+00
   81       -6.110280e-01
   82        3.380523e-01
   83        2.354848e-01
   84        1.228215e+00
   85        1.235851e+00
   86       -1.156090e+00
   87       -4.930812e-01
   88       -2.502281e-01
   89       -4.522255e+00
   90        3.165101e+00
   91        3.344152e-01
   92       -4.494898e-01
   93       -1.963394e-01
   94       -8.653365e-02
   95       -8.698573e-01
   96       -9.503816e-01
   97       -1.534726e-01
   98       -4.313124e-01
   99       -1.606813e+00
  100       -2.116470e-01
;
param outliervec_original :=
    1    0
    2    1
    3    0
    4    1
    5    1
    6    1
    7    0
    8    0
    9    1
   10    1
   11    1
   12    1
   13    1
   14    1
   15    0
   16    1
   17    0
   18    0
   19    1
   20    0
   21    0
   22    1
   23    1
   24    1
   25    0
   26    0
   27    0
   28    1
   29    1
   30    1
   31    1
   32    0
   33    1
   34    0
   35    1
   36    0
   37    1
   38    1
   39    1
   40    0
   41    1
   42    1
   43    1
   44    1
   45    0
   46    1
   47    1
   48    0
   49    1
   50    0
   51    0
   52    0
   53    1
   54    1
   55    1
   56    1
   57    1
   58    0
   59    1
   60    1
   61    1
   62    1
   63    1
   64    1
   65    1
   66    1
   67    1
   68    1
   69    1
   70    0
   71    0
   72    1
   73    1
   74    1
   75    1
   76    0
   77    1
   78    1
   79    1
   80    0
   81    1
   82    1
   83    1
   84    1
   85    0
   86    0
   87    1
   88    1
   89    0
   90    0
   91    1
   92    1
   93    1
   94    1
   95    1
   96    1
   97    1
   98    1
   99    1
  100    1
;
param d:= 79;
param r:=5;
param p:=0.700000;
param M:=1000;
param U:=
         1         1        1.164469e+00
         2         1        8.811190e-01
         3         1       -8.758521e-01
         4         1        7.522486e-01
         5         1        7.793397e-02
         6         1       -1.032865e+00
         7         1       -2.866269e-01
         8         1       -1.489874e+00
         9         1       -1.003073e+00
        10         1        3.814388e-01
        11         1        1.390840e-01
        12         1       -3.870919e-01
        13         1        4.671514e-01
        14         1       -1.279603e+00
        15         1       -3.648810e-01
        16         1        6.905824e-01
        17         1       -2.330172e-01
        18         1        7.884905e-01
        19         1       -1.565310e+00
        20         1       -8.976210e-01
        21         1        5.901411e-01
        22         1        5.727914e-01
        23         1        1.006914e+00
        24         1        1.952696e+00
        25         1        1.285310e+00
        26         1        1.305420e+00
        27         1       -8.993289e-01
        28         1       -4.585294e-01
        29         1       -1.422181e+00
        30         1       -1.526338e+00
        31         1       -5.923795e-01
        32         1       -1.606902e+00
        33         1        1.323059e+00
        34         1       -1.111784e+00
        35         1        2.694544e-01
        36         1        8.160569e-01
        37         1       -1.361944e+00
        38         1        1.956625e-02
        39         1        8.601974e-01
        40         1       -1.530394e+00
        41         1       -9.668953e-01
        42         1       -1.476222e+00
        43         1       -1.963655e-01
        44         1       -8.779964e-01
        45         1        1.978879e-01
        46         1        1.531054e+00
        47         1       -8.014044e-01
        48         1       -1.983732e+00
        49         1       -1.495016e-01
        50         1        5.612043e-01
        51         1        1.808716e-01
        52         1       -1.152309e+00
        53         1       -6.720782e-01
        54         1       -1.159419e-01
        55         1       -1.621690e+00
        56         1       -1.478183e+00
        57         1        9.102059e-01
        58         1       -8.001124e-01
        59         1        1.474829e+00
        60         1        3.658089e-01
        61         1        1.267581e+00
        62         1       -1.111889e+00
        63         1        1.490066e-01
        64         1        2.171342e+00
        65         1       -4.868909e-01
        66         1       -2.375955e+00
        67         1       -7.426620e-01
        68         1        5.069024e-01
        69         1        1.055538e+00
        70         1       -5.505282e-02
        71         1        3.897441e-01
        72         1       -4.217596e-01
        73         1        6.633530e-01
        74         1        6.369009e-01
        75         1        9.796802e-01
        76         1        1.513390e-01
        77         1       -7.889159e-01
        78         1        6.520048e-01
        79         1        1.772081e-01
         1         2        2.933414e-01
         2         2        2.131607e+00
         3         2       -3.414761e-01
         4         2       -1.458476e+00
         5         2       -9.828265e-02
         6         2       -5.334412e-01
         7         2        5.174329e-01
         8         2        1.710001e-01
         9         2       -2.004222e+00
        10         2       -3.337474e-01
        11         2        4.242331e-01
        12         2       -1.433751e+00
        13         2       -1.413045e-01
        14         2        3.846878e-01
        15         2       -1.342294e+00
        16         2        5.229657e-01
        17         2        8.053858e-01
        18         2        1.443002e+00
        19         2        1.902893e-01
        20         2       -1.448527e+00
        21         2       -4.229702e-01
        22         2        1.017490e+00
        23         2        2.242991e-01
        24         2       -1.390078e+00
        25         2        8.045673e-01
        26         2        2.284213e+00
        27         2        9.668984e-01
        28         2       -2.958727e-01
        29         2       -2.870591e-02
        30         2        1.037201e+00
        31         2        8.775896e-01
        32         2        1.796268e-01
        33         2        7.319746e-01
        34         2       -3.754579e-01
        35         2       -9.845069e-01
        36         2        9.224586e-01
        37         2        2.161568e-01
        38         2        1.314411e+00
        39         2       -1.290966e+00
        40         2       -3.074662e-01
        41         2        1.417209e-01
        42         2        4.036545e-01
        43         2       -7.245976e-01
        44         2        2.087092e+00
        45         2       -2.931623e-01
        46         2       -2.897529e-01
        47         2        2.493209e-01
        48         2       -1.013811e+00
        49         2       -3.755109e+00
        50         2        2.538849e-01
        51         2       -1.216343e+00
        52         2        2.648888e-01
        53         2       -1.621542e-03
        54         2       -4.755257e-01
        55         2        1.816574e-01
        56         2        1.119711e+00
        57         2       -1.393801e-01
        58         2       -1.524572e+00
        59         2        5.841760e-02
        60         2        2.195980e-01
        61         2        1.186237e+00
        62         2        1.183487e-02
        63         2       -4.674953e-01
        64         2       -6.828767e-01
        65         2       -1.799213e+00
        66         2        1.291297e+00
        67         2       -4.704292e-01
        68         2        8.723130e-01
        69         2       -9.191234e-02
        70         2       -2.658937e-01
        71         2       -5.526854e-01
        72         2       -9.805917e-02
        73         2        9.803584e-03
        74         2       -5.936635e-01
        75         2       -1.954815e-01
        76         2        1.332124e+00
        77         2       -4.724770e-02
        78         2       -1.465507e+00
        79         2       -1.483103e+00
         1         3       -5.508491e-01
         2         3        4.887249e-01
         3         3       -9.748157e-01
         4         3       -6.782047e-01
         5         3        1.130631e+00
         6         3        1.761592e+00
         7         3        8.673691e-01
         8         3        3.024793e-01
         9         3        1.285272e+00
        10         3       -6.723100e-01
        11         3        1.452786e+00
        12         3        4.715702e-01
        13         3        1.583822e-02
        14         3        2.270955e+00
        15         3        2.303726e-01
        16         3        7.589031e-01
        17         3        1.243297e+00
        18         3        1.289742e+00
        19         3        7.076362e-01
        20         3        1.441873e+00
        21         3        7.489605e-01
        22         3       -1.847446e-01
        23         3       -4.200572e-01
        24         3       -6.762653e-01
        25         3       -3.141966e-01
        26         3       -8.095354e-01
        27         3       -7.875233e-01
        28         3       -4.240272e+00
        29         3        1.181776e+00
        30         3        3.144072e-01
        31         3       -3.357896e-02
        32         3       -3.089463e-01
        33         3        1.218811e-01
        34         3       -7.288442e-01
        35         3       -8.781921e-01
        36         3        7.073721e-02
        37         3       -1.136745e+00
        38         3        4.955304e-01
        39         3       -8.269482e-01
        40         3        3.941961e-01
        41         3        8.755243e-01
        42         3        1.642428e+00
        43         3        3.450096e-01
        44         3       -6.100885e-01
        45         3       -3.260313e-01
        46         3        9.365334e-01
        47         3        1.017516e+00
        48         3        7.562326e-01
        49         3        1.794678e-01
        50         3        2.364778e-01
        51         3       -3.018537e+00
        52         3        2.089982e+00
        53         3       -1.526669e-01
        54         3        2.296289e-01
        55         3        8.253094e-02
        56         3        2.900885e-02
        57         3       -1.484843e+00
        58         3        1.518822e+00
        59         3        7.015253e-01
        60         3        1.889585e+00
        61         3       -6.978898e-01
        62         3       -4.591599e-01
        63         3       -7.154471e-01
        64         3       -3.561364e-01
        65         3       -7.010655e-01
        66         3        7.036787e-01
        67         3        1.591240e-01
        68         3        3.623628e-01
        69         3       -1.498066e+00
        70         3        1.212632e+00
        71         3       -2.758123e+00
        72         3        1.069614e+00
        73         3       -1.186468e+00
        74         3        1.942427e-01
        75         3       -9.340884e-02
        76         3       -8.742502e-01
        77         3       -3.361805e-01
        78         3       -3.008264e-01
        79         3       -6.935599e-01
         1         4       -6.871667e-01
         2         4       -7.899600e-01
         3         4        2.005578e-01
         4         4       -7.557864e-02
         5         4        1.120351e+00
         6         4        1.515491e-01
         7         4       -1.110709e+00
         8         4       -8.873146e-01
         9         4        5.783783e-01
        10         4       -1.771505e+00
        11         4        8.297847e-01
        12         4       -5.285030e-01
        13         4        7.180357e-01
        14         4        7.040689e-02
        15         4        3.136820e-01
        16         4        2.540839e-01
        17         4       -9.253060e-01
        18         4        1.948595e+00
        19         4       -9.857959e-01
        20         4       -1.887464e+00
        21         4        1.730454e+00
        22         4       -7.251861e-01
        23         4       -1.674588e+00
        24         4       -1.329433e+00
        25         4       -1.465797e+00
        26         4       -7.014530e-01
        27         4       -1.209091e-01
        28         4       -5.742694e-02
        29         4       -2.158433e-01
        30         4       -1.627796e+00
        31         4       -1.098899e+00
        32         4        1.299390e+00
        33         4       -6.042567e-01
        34         4        1.656363e+00
        35         4        1.323572e+00
        36         4       -3.332215e-01
        37         4       -5.250013e-01
        38         4       -2.408490e+00
        39         4        5.839300e-02
        40         4        1.218585e+00
        41         4       -1.234181e+00
        42         4        4.311512e-01
        43         4       -1.355686e+00
        44         4       -3.756368e-01
        45         4       -7.331473e-01
        46         4       -3.511310e-01
        47         4        8.200591e-01
        48         4        4.496485e-02
        49         4        7.705524e-02
        50         4        6.105892e-01
        51         4       -1.016590e+00
        52         4       -5.888924e-01
        53         4       -1.829862e-01
        54         4       -1.234311e+00
        55         4        1.208649e+00
        56         4        1.319277e+00
        57         4       -1.579829e-01
        58         4       -7.982203e-01
        59         4        8.088062e-01
        60         4        1.739947e+00
        61         4       -5.835863e-02
        62         4       -9.233627e-01
        63         4       -1.914818e+00
        64         4       -7.271422e-01
        65         4        3.879901e-01
        66         4        4.532871e-01
        67         4       -2.307427e-01
        68         4        7.086694e-01
        69         4       -1.322890e+00
        70         4        1.616471e-01
        71         4       -9.933531e-01
        72         4       -1.116952e+00
        73         4        3.937125e-01
        74         4       -8.371108e-03
        75         4        7.375250e-02
        76         4       -9.319678e-01
        77         4       -5.539414e-01
        78         4       -9.780916e-01
        79         4        4.560098e-01
         1         5       -1.352376e+00
         2         5        2.248902e+00
         3         5        5.653206e-01
         4         5        1.684409e+00
         5         5       -2.120920e-01
         6         5        3.330236e-01
         7         5        1.489501e+00
         8         5        1.954249e-01
         9         5        1.208958e-01
        10         5        8.342535e-01
        11         5        6.016605e-01
        12         5        1.256110e+00
        13         5       -1.477738e+00
        14         5        1.511081e-02
        15         5       -1.232197e+00
        16         5       -1.386301e+00
        17         5        1.335695e+00
        18         5       -1.080292e+00
        19         5       -1.349239e+00
        20         5       -8.216371e-01
        21         5        8.658442e-01
        22         5        6.549897e-01
        23         5        1.389400e+00
        24         5        3.689916e-01
        25         5        3.497885e-01
        26         5        9.772447e-01
        27         5        3.997145e-01
        28         5       -1.461054e+00
        29         5       -1.644350e+00
        30         5       -8.112261e-01
        31         5       -3.999864e-01
        32         5       -1.091347e+00
        33         5        1.307319e+00
        34         5        2.157159e-02
        35         5       -2.368578e-01
        36         5       -1.633849e-01
        37         5       -1.064058e+00
        38         5        4.632949e-01
        39         5       -1.865781e-01
        40         5        1.630438e+00
        41         5        8.371468e-01
        42         5        3.453062e-01
        43         5       -1.850426e-01
        44         5        1.187846e+00
        45         5       -3.223203e-02
        46         5        1.625285e-01
        47         5        5.429506e-01
        48         5        1.027689e+00
        49         5       -4.996163e-01
        50         5        4.239981e-01
        51         5       -2.160229e-01
        52         5       -1.099202e+00
        53         5        1.139100e-01
        54         5        1.079492e+00
        55         5        2.514446e+00
        56         5       -9.537637e-02
        57         5       -9.682320e-01
        58         5       -1.701488e-02
        59         5       -9.087564e-01
        60         5       -1.528575e+00
        61         5       -1.736453e+00
        62         5        3.147494e-01
        63         5        8.936643e-01
        64         5        4.499419e-02
        65         5       -1.552967e+00
        66         5        3.996230e-01
        67         5        3.370376e-01
        68         5       -5.814786e-01
        69         5        2.856444e-01
        70         5        1.320659e+00
        71         5        1.115011e+00
        72         5       -8.437848e-01
        73         5        1.018665e+00
        74         5        4.156619e-01
        75         5        4.505298e-03
        76         5       -1.029529e-01
        77         5        4.910813e-01
        78         5        4.924734e-01
        79         5        9.247230e-01
;

param theta:=
    1        1.211132e-01
    2        6.063961e-01
    3       -9.693124e-01
    4        2.247367e+00
    5        1.024812e+00
;
param X_true:=
    1       -2.077389e+00
    2        1.454958e+00
    3        1.661828e+00
    4        1.420435e+00
    5        1.154390e+00
    6       -1.474230e+00
    7       -1.531409e+00
    8       -2.163794e+00
    9       -1.158945e+00
   10       -2.630775e+00
   11        1.347314e+00
   12       -1.273865e+00
   13        5.482553e-02
   14       -1.949252e+00
   15       -1.639268e+00
   16       -1.184529e+00
   17       -1.455647e+00
   18        2.992475e+00
   19       -4.358271e+00
   20       -7.468567e+00
   21        3.865303e+00
   22       -9.306797e-02
   23       -1.674408e+00
   24       -2.560504e+00
   25       -1.987607e+00
   26        1.753005e+00
   27        1.378664e+00
   28        2.248833e+00
   29       -3.505391e+00
   30       -4.350273e+00
   31       -2.386570e+00
   32        2.015553e+00
   33        4.677357e-01
   34        4.088713e+00
   35        3.018693e+00
   36       -3.266657e-01
   37       -1.202343e+00
   38       -4.618870e+00
   39        6.293862e-02
   40        3.655604e+00
   41       -2.795560e+00
   42       -2.032125e-01
   43       -4.033956e+00
   44        2.123759e+00
   45       -1.518462e+00
   46       -1.520627e+00
   47        1.467231e+00
   48       -4.338115e-01
   49       -2.807992e+00
   50        1.799440e+00
   51       -2.958082e-01
   52       -4.454711e+00
   53       -2.288996e-01
   54       -2.192654e+00
   55        5.126863e+00
   56        3.338998e+00
   57        1.176933e-01
   58       -4.304942e+00
   59        4.204278e-01
   60        6.896669e-01
   61       -3.613676e-01
   62       -1.434994e+00
   63       -2.959409e+00
   64       -1.393953e+00
   65       -1.189997e+00
   66        1.241434e+00
   67       -7.026165e-01
   68        1.235851e+00
   69       -1.156090e+00
   70        3.733838e-01
   71        1.295788e+00
   72       -4.522255e+00
   73        3.165101e+00
   74       -6.397751e-02
   75        2.610213e-01
   76       -5.264352e-01
   77       -5.399784e-01
   78       -2.211554e+00
   79        1.766879e+00
;
param X:=
    1       -2.077389e+00
    2        8.212581e-01
    3        1.661828e+00
    4        1.566156e-01
    5        9.218401e-01
    6        1.363231e+00
    7       -1.531409e+00
    8       -2.163794e+00
    9        7.140602e-01
   10       -1.155468e-01
   11       -1.030341e+00
   12       -3.746852e-01
   13       -2.628807e-01
   14       -1.949252e+00
   15        3.308310e-01
   16       -1.184529e+00
   17       -1.455647e+00
   18       -3.662347e-01
   19       -4.358271e+00
   20       -7.468567e+00
   21        1.439574e+00
   22       -1.005664e-01
   23       -1.759147e-01
   24       -2.560504e+00
   25       -1.987607e+00
   26        1.753005e+00
   27       -1.430027e-01
   28        8.340678e-02
   29       -3.505391e+00
   30       -1.499360e-01
   31       -2.386570e+00
   32        3.883272e-01
   33        4.677357e-01
   34        1.020359e+00
   35       -4.939440e-01
   36       -3.266657e-01
   37        8.203895e-01
   38       -2.937253e-01
   39        4.392812e-02
   40        3.655604e+00
   41        8.067273e-01
   42       -1.267313e+00
   43       -4.033956e+00
   44        2.123759e+00
   45       -1.518462e+00
   46       -1.520627e+00
   47       -1.107436e+00
   48       -1.759836e-01
   49       -2.807992e+00
   50        1.058253e+00
   51       -4.126554e-01
   52       -8.032121e-01
   53        1.323984e+00
   54        9.218761e-01
   55        5.126863e+00
   56        3.338998e+00
   57        6.085770e-01
   58       -8.572554e-01
   59        2.056325e+00
   60       -7.078351e-01
   61       -3.613676e-01
   62       -3.030413e-01
   63        9.171659e-01
   64       -1.393953e+00
   65       -6.110280e-01
   66        2.354848e-01
   67        1.228215e+00
   68        1.235851e+00
   69       -1.156090e+00
   70       -4.930812e-01
   71       -2.502281e-01
   72       -4.522255e+00
   73        3.165101e+00
   74        3.344152e-01
   75       -8.653365e-02
   76       -1.534726e-01
   77       -4.313124e-01
   78       -1.606813e+00
   79       -2.116470e-01
;
param outliervec:=
    1    0
    2    1
    3    0
    4    1
    5    1
    6    1
    7    0
    8    0
    9    1
   10    1
   11    1
   12    1
   13    1
   14    0
   15    1
   16    0
   17    0
   18    1
   19    0
   20    0
   21    1
   22    1
   23    1
   24    0
   25    0
   26    0
   27    1
   28    1
   29    0
   30    1
   31    0
   32    1
   33    0
   34    1
   35    1
   36    0
   37    1
   38    1
   39    1
   40    0
   41    1
   42    1
   43    0
   44    0
   45    0
   46    0
   47    1
   48    1
   49    0
   50    1
   51    1
   52    1
   53    1
   54    1
   55    0
   56    0
   57    1
   58    1
   59    1
   60    1
   61    0
   62    1
   63    1
   64    0
   65    1
   66    1
   67    1
   68    0
   69    0
   70    1
   71    1
   72    0
   73    0
   74    1
   75    1
   76    1
   77    1
   78    1
   79    1
; 
param greedy_time :=         2.899138e-01
;