data;


param FN:= 0;
param D:= 100;
param U_Original:=
         1         1       -5.705572e-01
         2         1        1.175267e-01
         3         1       -4.395345e-02
         4         1       -6.969583e-01
         5         1       -4.022018e-01
         6         1       -1.316786e+00
         7         1        2.129774e+00
         8         1        3.534401e-01
         9         1        1.385378e+00
        10         1       -5.773023e-02
        11         1        8.365276e-01
        12         1       -4.033447e-01
        13         1        1.015138e+00
        14         1        1.831188e+00
        15         1        9.078759e-01
        16         1       -5.119373e-01
        17         1       -5.327483e-01
        18         1        4.849243e-01
        19         1       -9.195071e-01
        20         1        9.382421e-01
        21         1        7.202122e-01
        22         1        1.574381e-01
        23         1       -5.150761e-01
        24         1        7.522291e-01
        25         1       -5.496147e-01
        26         1        9.195522e-01
        27         1       -1.319094e+00
        28         1        1.001586e+00
        29         1        2.462991e-01
        30         1        2.940437e-01
        31         1        1.189632e+00
        32         1        7.281105e-01
        33         1        3.490968e-01
        34         1       -1.097409e+00
        35         1        1.027705e-01
        36         1        8.796360e-01
        37         1       -1.027571e-01
        38         1        1.632887e+00
        39         1       -7.566925e-01
        40         1       -1.265876e-02
        41         1       -1.499885e+00
        42         1        1.588678e+00
        43         1       -6.692625e-01
        44         1        1.858027e-01
        45         1        1.157336e+00
        46         1       -9.213894e-01
        47         1       -2.799370e-01
        48         1        4.090423e-01
        49         1       -2.050210e+00
        50         1       -1.046289e+00
        51         1        5.618896e-01
        52         1       -3.660703e-01
        53         1       -3.384532e-01
        54         1        6.634885e-01
        55         1       -1.437333e-01
        56         1        7.809183e-01
        57         1       -5.494733e-02
        58         1       -5.015017e-01
        59         1        3.451437e-01
        60         1       -4.162621e-02
        61         1        1.517656e+00
        62         1        1.057855e+00
        63         1        8.048497e-01
        64         1        7.047129e-01
        65         1        2.818324e-01
        66         1        1.064100e-01
        67         1       -4.278322e-01
        68         1        1.657781e+00
        69         1       -2.879708e-01
        70         1       -3.454863e-02
        71         1       -2.043046e-01
        72         1       -1.071202e+00
        73         1        1.850845e-01
        74         1        3.807915e-01
        75         1        9.412963e-01
        76         1        2.805499e-01
        77         1        1.165802e+00
        78         1       -3.091937e-01
        79         1        3.410480e-01
        80         1       -6.306846e-01
        81         1        1.597427e+00
        82         1       -1.608921e+00
        83         1        7.242080e-01
        84         1       -3.967073e-01
        85         1       -1.449806e+00
        86         1        1.055777e+00
        87         1       -1.072721e-01
        88         1       -1.445250e+00
        89         1        4.120370e-01
        90         1        1.679618e+00
        91         1       -1.393291e+00
        92         1       -5.437106e-01
        93         1       -2.496980e-01
        94         1       -1.511181e-01
        95         1        8.509913e-01
        96         1       -4.519347e-01
        97         1       -2.019253e+00
        98         1       -2.100116e+00
        99         1        1.701314e+00
       100         1       -6.053026e-01
         1         2       -2.669776e+00
         2         2        5.439400e-01
         3         2       -5.180615e-01
         4         2        4.287830e-01
         5         2       -8.047866e-01
         6         2       -1.073462e+00
         7         2       -8.098163e-01
         8         2       -6.627354e-01
         9         2        1.459737e+00
        10         2        6.003326e-01
        11         2       -1.004933e+00
        12         2       -5.525309e-01
        13         2        3.953433e-01
        14         2        1.301344e-01
        15         2        1.720412e-01
        16         2        1.775922e+00
        17         2       -1.663510e+00
        18         2        4.025990e-01
        19         2        1.011086e+00
        20         2       -4.814384e-01
        21         2       -5.627292e-02
        22         2        3.089317e-01
        23         2        1.612401e-01
        24         2       -1.015311e+00
        25         2        1.458017e+00
        26         2        4.223180e-01
        27         2       -1.015605e+00
        28         2        1.180369e+00
        29         2        1.658921e+00
        30         2       -9.104727e-01
        31         2        9.088439e-01
        32         2       -3.009732e-02
        33         2        1.950852e-01
        34         2        8.453998e-02
        35         2       -1.084197e+00
        36         2        2.322371e-01
        37         2        1.018507e+00
        38         2        4.791443e-01
        39         2        1.000087e+00
        40         2       -6.833190e-01
        41         2        9.050485e-01
        42         2       -1.189787e+00
        43         2       -1.241412e+00
        44         2       -6.747142e-02
        45         2       -7.532205e-01
        46         2        2.125893e-01
        47         2        6.706902e-01
        48         2       -1.325241e-01
        49         2        6.592287e-01
        50         2       -6.773798e-01
        51         2       -2.058659e-01
        52         2        1.511106e+00
        53         2        7.468733e-01
        54         2        1.374912e+00
        55         2        1.459782e+00
        56         2        1.200739e+00
        57         2        2.062084e+00
        58         2        9.830681e-01
        59         2        1.496304e+00
        60         2        6.018617e-01
        61         2        5.130046e-01
        62         2        3.162139e-01
        63         2       -3.592448e-01
        64         2        2.071500e+00
        65         2        3.943057e-01
        66         2        1.201616e-01
        67         2        1.178813e-01
        68         2        1.196663e+00
        69         2        1.209057e+00
        70         2        1.398076e+00
        71         2       -2.308193e-01
        72         2       -3.372306e-01
        73         2        1.552269e-01
        74         2        2.679645e-01
        75         2        8.382123e-01
        76         2       -1.304232e+00
        77         2       -3.485050e-02
        78         2       -1.104892e+00
        79         2       -1.159350e-01
        80         2       -9.970488e-02
        81         2        6.173523e-01
        82         2        5.913964e-01
        83         2       -2.966305e+00
        84         2        5.595396e-01
        85         2       -5.739698e-01
        86         2       -6.654023e-01
        87         2       -9.543203e-01
        88         2        1.496988e+00
        89         2        5.053641e-01
        90         2        1.030452e+00
        91         2       -3.938699e-01
        92         2        2.292500e-01
        93         2       -5.415408e-01
        94         2        1.055978e+00
        95         2       -1.022896e-01
        96         2       -2.484155e+00
        97         2        5.497926e-01
        98         2        1.827305e-01
        99         2       -1.571687e+00
       100         2       -1.329641e-01
         1         3       -4.148479e-02
         2         3       -2.118117e+00
         3         3        1.600527e-02
         4         3        2.098998e+00
         5         3       -1.010510e+00
         6         3       -3.825799e-01
         7         3        3.445499e-02
         8         3       -1.844429e+00
         9         3       -2.336165e-01
        10         3       -1.132734e-01
        11         3        8.627547e-01
        12         3       -3.502703e-01
        13         3        7.150407e-01
        14         3       -1.898231e-01
        15         3        5.364920e-01
        16         3       -2.082013e-01
        17         3       -7.236857e-01
        18         3        1.248390e+00
        19         3        1.715292e-01
        20         3        7.324365e-02
        21         3        1.036990e+00
        22         3       -4.683491e-01
        23         3        4.156635e-01
        24         3        3.709734e-02
        25         3       -1.516518e-01
        26         3       -4.362047e-02
        27         3        1.304686e-01
        28         3        8.035204e-01
        29         3       -1.712161e-01
        30         3       -7.366051e-01
        31         3        1.213738e+00
        32         3        6.040771e-01
        33         3       -1.856680e+00
        34         3        3.542483e-01
        35         3        1.055293e+00
        36         3        8.016135e-01
        37         3       -6.933077e-01
        38         3       -3.743512e-01
        39         3       -2.379103e-01
        40         3        1.292713e+00
        41         3       -1.038663e-01
        42         3        7.290958e-01
        43         3        3.828121e-01
        44         3       -1.662355e+00
        45         3        4.174479e-02
        46         3       -7.156364e-01
        47         3        1.905411e-01
        48         3        1.617912e+00
        49         3        9.070035e-01
        50         3        5.228801e-03
        51         3       -2.497282e+00
        52         3       -6.460570e-01
        53         3       -1.519308e-01
        54         3       -1.477770e-01
        55         3        7.230448e-01
        56         3        1.542287e+00
        57         3       -7.512460e-01
        58         3       -9.815102e-01
        59         3       -2.431693e-01
        60         3       -2.789171e-01
        61         3       -3.713203e-01
        62         3       -9.331767e-01
        63         3       -2.114421e-01
        64         3        2.472758e+00
        65         3        1.884117e-01
        66         3        2.125673e-01
        67         3       -1.542477e-01
        68         3        1.325260e+00
        69         3        7.379829e-01
        70         3       -1.092262e+00
        71         3        1.168928e+00
        72         3       -7.900359e-01
        73         3       -2.036232e+00
        74         3        5.238798e-01
        75         3       -5.023375e-01
        76         3       -5.220565e-01
        77         3        5.481745e-01
        78         3       -2.595743e-01
        79         3       -1.409454e-01
        80         3       -3.199324e-01
        81         3        1.679706e+00
        82         3        1.670112e-01
        83         3       -8.442726e-01
        84         3        4.081041e-01
        85         3       -7.509610e-01
        86         3        2.126450e+00
        87         3       -1.236933e-01
        88         3       -1.429164e+00
        89         3       -9.734025e-01
        90         3       -1.392430e+00
        91         3        7.160099e-01
        92         3       -1.144891e+00
        93         3       -5.595277e-02
        94         3       -1.115374e+00
        95         3        6.287400e-01
        96         3       -2.348314e+00
        97         3        2.229032e-01
        98         3        1.927044e+00
        99         3        2.227294e+00
       100         3        3.859888e-01
         1         4       -2.035168e+00
         2         4       -9.296258e-01
         3         4       -5.411286e-01
         4         4       -8.077059e-01
         5         4        8.080302e-01
         6         4        2.932844e-01
         7         4       -7.763193e-01
         8         4        1.088681e+00
         9         4        5.811852e-01
        10         4        3.083412e-02
        11         4       -7.332658e-01
        12         4       -1.237922e+00
        13         4        3.675643e-02
        14         4        1.569527e+00
        15         4       -1.272973e+00
        16         4       -7.373609e-01
        17         4       -9.257512e-01
        18         4        2.032758e+00
        19         4       -9.890931e-01
        20         4       -1.244193e+00
        21         4        1.182912e+00
        22         4       -1.220030e+00
        23         4       -2.372375e-01
        24         4        1.512376e+00
        25         4        9.033884e-01
        26         4        3.513717e-01
        27         4        5.091398e-01
        28         4       -7.923689e-01
        29         4       -1.084425e+00
        30         4       -1.638079e+00
        31         4        2.886151e+00
        32         4        4.694761e-01
        33         4        7.664701e-01
        34         4       -6.001091e-01
        35         4        2.416262e-01
        36         4       -5.704256e-01
        37         4        5.836945e-01
        38         4       -1.045861e+00
        39         4        3.273749e-01
        40         4        1.971255e+00
        41         4       -2.452215e-01
        42         4       -2.757367e-01
        43         4        8.999279e-01
        44         4        3.141940e+00
        45         4        1.085929e+00
        46         4        1.457172e+00
        47         4        1.337115e+00
        48         4        1.871696e+00
        49         4       -9.164130e-01
        50         4       -2.355000e-01
        51         4       -1.295699e+00
        52         4       -2.978588e-01
        53         4        7.080649e-01
        54         4        5.783921e-01
        55         4       -1.714904e+00
        56         4        7.688687e-02
        57         4       -4.820519e-01
        58         4        1.867314e+00
        59         4        1.569388e-02
        60         4        7.549305e-01
        61         4       -4.968970e-01
        62         4        3.191837e-01
        63         4        1.552723e-01
        64         4        2.872951e+00
        65         4        2.500450e+00
        66         4       -1.688875e+00
        67         4        9.661997e-01
        68         4       -1.102614e+00
        69         4       -1.420666e+00
        70         4       -1.131114e+00
        71         4        1.489740e+00
        72         4        1.174819e-01
        73         4        1.686581e-01
        74         4        1.133083e+00
        75         4        5.044995e-01
        76         4       -1.298907e-01
        77         4        2.285421e+00
        78         4       -1.440393e+00
        79         4        1.900205e+00
        80         4       -3.690749e-02
        81         4       -2.325824e-01
        82         4       -4.671276e-01
        83         4        2.159312e+00
        84         4        6.705490e-01
        85         4       -9.233182e-01
        86         4        3.763304e-01
        87         4        9.137400e-01
        88         4        7.689540e-02
        89         4        5.715846e-01
        90         4        2.774428e-01
        91         4        8.323467e-01
        92         4        2.053172e+00
        93         4        7.341959e-01
        94         4        1.015676e+00
        95         4        5.659424e-01
        96         4        1.834936e+00
        97         4       -5.985042e-01
        98         4        7.428506e-01
        99         4        2.509656e+00
       100         4        4.728848e-01
         1         5       -4.216291e-01
         2         5       -3.905792e-01
         3         5        1.802454e+00
         4         5        1.745691e-02
         5         5        2.295744e+00
         6         5        8.448095e-01
         7         5       -3.735757e-01
         8         5        9.900623e-01
         9         5        8.028616e-01
        10         5       -5.155847e-01
        11         5        3.723832e-02
        12         5       -7.478108e-01
        13         5        1.015046e+00
        14         5        8.797664e-01
        15         5       -7.528512e-01
        16         5        1.257302e+00
        17         5        8.525201e-02
        18         5        2.557938e-01
        19         5        1.390513e+00
        20         5       -2.553760e-01
        21         5       -3.407156e-01
        22         5        1.709640e+00
        23         5       -1.042834e+00
        24         5        1.121694e+00
        25         5       -1.726364e+00
        26         5       -1.111680e+00
        27         5        3.139314e+00
        28         5       -1.029989e+00
        29         5       -9.417668e-01
        30         5       -1.944674e-01
        31         5        1.171464e+00
        32         5        4.178908e-01
        33         5       -3.929896e-01
        34         5       -7.726863e-01
        35         5        4.366840e-02
        36         5        1.658033e+00
        37         5       -2.805678e-02
        38         5        2.250072e-02
        39         5       -2.418617e+00
        40         5       -1.437063e+00
        41         5       -1.076787e-02
        42         5       -1.071792e+00
        43         5        6.542770e-01
        44         5       -7.574587e-01
        45         5       -8.183821e-01
        46         5       -1.204808e+00
        47         5        1.021589e-01
        48         5       -9.365458e-01
        49         5        8.098868e-01
        50         5       -1.461540e+00
        51         5       -2.632802e-01
        52         5       -1.044204e-01
        53         5       -2.383053e-02
        54         5        1.127228e+00
        55         5        2.319980e+00
        56         5        4.402962e-02
        57         5       -5.191398e-01
        58         5        3.463236e-01
        59         5       -1.371419e+00
        60         5       -3.504452e-01
        61         5       -2.186420e-02
        62         5        4.003578e-01
        63         5        1.811395e+00
        64         5        1.705913e+00
        65         5        2.060670e+00
        66         5       -2.273386e+00
        67         5        7.414395e-01
        68         5        2.337088e-01
        69         5        1.667682e-01
        70         5       -3.100579e-01
        71         5        3.717386e-01
        72         5       -5.136368e-01
        73         5       -5.700002e-02
        74         5        2.302329e-01
        75         5        1.031029e+00
        76         5       -2.214303e-01
        77         5       -1.365980e+00
        78         5       -1.154109e+00
        79         5        6.880170e-01
        80         5        7.911109e-02
        81         5       -6.841255e-02
        82         5        4.390212e-01
        83         5       -7.475240e-01
        84         5        7.481127e-01
        85         5        3.075154e-01
        86         5        3.338931e-01
        87         5        1.434563e+00
        88         5        4.703617e-01
        89         5        1.447463e+00
        90         5       -8.725381e-01
        91         5        7.511676e-01
        92         5       -1.222576e+00
        93         5        8.000661e-01
        94         5        2.500286e-01
        95         5       -1.817461e+00
        96         5        9.021029e-01
        97         5        1.426049e+00
        98         5       -4.120451e-01
        99         5        2.601072e-01
       100         5       -3.277786e-01
;
param X_Original:=
    1       -1.250280e+00
    2        1.425145e+00
    3       -1.404505e+00
    4        8.142626e-02
    5        6.949115e-02
    6       -5.487339e-01
    7        1.045684e+00
    8        1.646261e+00
    9        4.004802e-01
   10        5.032833e-01
   11        1.251686e-01
   12       -7.409946e-02
   13       -1.734962e+00
   14       -1.124251e+00
   15        1.334934e+00
   16       -6.651726e-01
   17       -1.233613e+00
   18       -1.816450e+00
   19       -4.042212e-01
   20       -8.738248e-01
   21       -3.028886e-01
   22       -9.119845e-01
   23       -3.971155e-02
   24        5.930945e-01
   25       -5.708710e-01
   26       -1.959008e-01
   27       -8.608685e-01
   28       -7.184437e-01
   29       -5.672266e-01
   30       -1.566317e+00
   31        6.727301e-03
   32        6.886348e-01
   33       -8.411730e-01
   34        1.301871e+00
   35       -4.691882e-01
   36       -7.892414e-01
   37       -8.651308e-02
   38       -1.658194e+00
   39       -1.667331e+00
   40       -1.368659e-01
   41       -4.661257e-01
   42       -6.758307e-01
   43        1.749200e-01
   44       -1.015134e+00
   45        1.124362e+00
   46       -2.197017e+00
   47       -8.265122e-01
   48       -2.339586e-01
   49       -5.448403e-01
   50        5.491390e-01
   51        2.287886e+00
   52        4.267668e-01
   53        2.394344e+00
   54       -4.725372e-01
   55        6.587536e-01
   56        1.866474e-01
   57       -6.185720e-01
   58        2.449727e+00
   59        6.601242e-01
   60        1.112969e+00
   61       -8.270682e-01
   62        1.931003e+00
   63        3.809499e-01
   64       -1.755777e+00
   65        4.851235e-01
   66        1.710275e+00
   67        3.205463e-01
   68       -2.394234e+00
   69        1.354161e+00
   70        8.933052e-01
   71       -6.383733e-01
   72       -5.325330e-01
   73        1.236205e+00
   74       -1.413634e+00
   75       -4.341763e-01
   76        7.803717e-01
   77       -7.125785e-03
   78       -8.134488e-02
   79       -2.274415e-01
   80       -1.569181e+00
   81        6.650091e-01
   82       -5.264846e-01
   83        1.731254e+00
   84        5.409535e-01
   85        1.161741e-01
   86        5.792853e-01
   87        3.395481e-01
   88        9.086850e-01
   89       -6.418420e-04
   90        3.007766e-01
   91        1.575735e-01
   92        3.490846e+00
   93        1.813366e-01
   94       -7.131660e-01
   95        1.240514e+00
   96       -3.352306e-01
   97        1.373359e+00
   98        1.216114e+00
   99        1.569443e+00
  100        9.502643e-01
;
param outliervec_original :=
    1    1
    2    1
    3    0
    4    1
    5    1
    6    1
    7    1
    8    1
    9    0
   10    0
   11    1
   12    0
   13    1
   14    1
   15    1
   16    1
   17    1
   18    1
   19    1
   20    0
   21    0
   22    1
   23    1
   24    1
   25    1
   26    1
   27    1
   28    1
   29    1
   30    1
   31    1
   32    1
   33    1
   34    1
   35    1
   36    1
   37    1
   38    1
   39    1
   40    1
   41    1
   42    0
   43    1
   44    1
   45    1
   46    1
   47    1
   48    1
   49    1
   50    0
   51    0
   52    1
   53    1
   54    1
   55    1
   56    1
   57    1
   58    1
   59    1
   60    0
   61    1
   62    1
   63    1
   64    0
   65    1
   66    1
   67    1
   68    0
   69    1
   70    0
   71    0
   72    1
   73    1
   74    1
   75    1
   76    1
   77    1
   78    1
   79    1
   80    1
   81    1
   82    1
   83    1
   84    1
   85    1
   86    1
   87    1
   88    1
   89    1
   90    1
   91    1
   92    0
   93    1
   94    1
   95    1
   96    1
   97    1
   98    1
   99    1
  100    1
;
param d:= 74;
param r:=5;
param p:=0.840000;
param M:=1000;
param U:=
         1         1       -5.705572e-01
         2         1        1.175267e-01
         3         1       -4.395345e-02
         4         1       -4.022018e-01
         5         1       -1.316786e+00
         6         1        3.534401e-01
         7         1        1.385378e+00
         8         1       -5.773023e-02
         9         1       -4.033447e-01
        10         1        1.015138e+00
        11         1        1.831188e+00
        12         1       -5.119373e-01
        13         1        4.849243e-01
        14         1       -9.195071e-01
        15         1        9.382421e-01
        16         1        7.202122e-01
        17         1        1.574381e-01
        18         1       -5.150761e-01
        19         1        7.522291e-01
        20         1        9.195522e-01
        21         1       -1.319094e+00
        22         1        1.001586e+00
        23         1        2.462991e-01
        24         1        2.940437e-01
        25         1        1.189632e+00
        26         1       -1.097409e+00
        27         1        1.027705e-01
        28         1        8.796360e-01
        29         1       -1.027571e-01
        30         1        1.632887e+00
        31         1       -1.265876e-02
        32         1       -1.499885e+00
        33         1        1.588678e+00
        34         1       -6.692625e-01
        35         1        1.157336e+00
        36         1        4.090423e-01
        37         1       -2.050210e+00
        38         1       -1.046289e+00
        39         1        5.618896e-01
        40         1       -3.660703e-01
        41         1       -3.384532e-01
        42         1        6.634885e-01
        43         1       -5.015017e-01
        44         1        3.451437e-01
        45         1       -4.162621e-02
        46         1        1.517656e+00
        47         1        1.057855e+00
        48         1        8.048497e-01
        49         1        7.047129e-01
        50         1        2.818324e-01
        51         1       -4.278322e-01
        52         1        1.657781e+00
        53         1       -3.454863e-02
        54         1       -2.043046e-01
        55         1        1.850845e-01
        56         1        3.807915e-01
        57         1        9.412963e-01
        58         1        2.805499e-01
        59         1        1.165802e+00
        60         1       -3.091937e-01
        61         1        3.410480e-01
        62         1       -1.608921e+00
        63         1        7.242080e-01
        64         1       -3.967073e-01
        65         1       -1.449806e+00
        66         1       -1.072721e-01
        67         1       -1.445250e+00
        68         1        4.120370e-01
        69         1        1.679618e+00
        70         1       -1.393291e+00
        71         1       -5.437106e-01
        72         1       -2.496980e-01
        73         1        8.509913e-01
        74         1       -6.053026e-01
         1         2       -2.669776e+00
         2         2        5.439400e-01
         3         2       -5.180615e-01
         4         2       -8.047866e-01
         5         2       -1.073462e+00
         6         2       -6.627354e-01
         7         2        1.459737e+00
         8         2        6.003326e-01
         9         2       -5.525309e-01
        10         2        3.953433e-01
        11         2        1.301344e-01
        12         2        1.775922e+00
        13         2        4.025990e-01
        14         2        1.011086e+00
        15         2       -4.814384e-01
        16         2       -5.627292e-02
        17         2        3.089317e-01
        18         2        1.612401e-01
        19         2       -1.015311e+00
        20         2        4.223180e-01
        21         2       -1.015605e+00
        22         2        1.180369e+00
        23         2        1.658921e+00
        24         2       -9.104727e-01
        25         2        9.088439e-01
        26         2        8.453998e-02
        27         2       -1.084197e+00
        28         2        2.322371e-01
        29         2        1.018507e+00
        30         2        4.791443e-01
        31         2       -6.833190e-01
        32         2        9.050485e-01
        33         2       -1.189787e+00
        34         2       -1.241412e+00
        35         2       -7.532205e-01
        36         2       -1.325241e-01
        37         2        6.592287e-01
        38         2       -6.773798e-01
        39         2       -2.058659e-01
        40         2        1.511106e+00
        41         2        7.468733e-01
        42         2        1.374912e+00
        43         2        9.830681e-01
        44         2        1.496304e+00
        45         2        6.018617e-01
        46         2        5.130046e-01
        47         2        3.162139e-01
        48         2       -3.592448e-01
        49         2        2.071500e+00
        50         2        3.943057e-01
        51         2        1.178813e-01
        52         2        1.196663e+00
        53         2        1.398076e+00
        54         2       -2.308193e-01
        55         2        1.552269e-01
        56         2        2.679645e-01
        57         2        8.382123e-01
        58         2       -1.304232e+00
        59         2       -3.485050e-02
        60         2       -1.104892e+00
        61         2       -1.159350e-01
        62         2        5.913964e-01
        63         2       -2.966305e+00
        64         2        5.595396e-01
        65         2       -5.739698e-01
        66         2       -9.543203e-01
        67         2        1.496988e+00
        68         2        5.053641e-01
        69         2        1.030452e+00
        70         2       -3.938699e-01
        71         2        2.292500e-01
        72         2       -5.415408e-01
        73         2       -1.022896e-01
        74         2       -1.329641e-01
         1         3       -4.148479e-02
         2         3       -2.118117e+00
         3         3        1.600527e-02
         4         3       -1.010510e+00
         5         3       -3.825799e-01
         6         3       -1.844429e+00
         7         3       -2.336165e-01
         8         3       -1.132734e-01
         9         3       -3.502703e-01
        10         3        7.150407e-01
        11         3       -1.898231e-01
        12         3       -2.082013e-01
        13         3        1.248390e+00
        14         3        1.715292e-01
        15         3        7.324365e-02
        16         3        1.036990e+00
        17         3       -4.683491e-01
        18         3        4.156635e-01
        19         3        3.709734e-02
        20         3       -4.362047e-02
        21         3        1.304686e-01
        22         3        8.035204e-01
        23         3       -1.712161e-01
        24         3       -7.366051e-01
        25         3        1.213738e+00
        26         3        3.542483e-01
        27         3        1.055293e+00
        28         3        8.016135e-01
        29         3       -6.933077e-01
        30         3       -3.743512e-01
        31         3        1.292713e+00
        32         3       -1.038663e-01
        33         3        7.290958e-01
        34         3        3.828121e-01
        35         3        4.174479e-02
        36         3        1.617912e+00
        37         3        9.070035e-01
        38         3        5.228801e-03
        39         3       -2.497282e+00
        40         3       -6.460570e-01
        41         3       -1.519308e-01
        42         3       -1.477770e-01
        43         3       -9.815102e-01
        44         3       -2.431693e-01
        45         3       -2.789171e-01
        46         3       -3.713203e-01
        47         3       -9.331767e-01
        48         3       -2.114421e-01
        49         3        2.472758e+00
        50         3        1.884117e-01
        51         3       -1.542477e-01
        52         3        1.325260e+00
        53         3       -1.092262e+00
        54         3        1.168928e+00
        55         3       -2.036232e+00
        56         3        5.238798e-01
        57         3       -5.023375e-01
        58         3       -5.220565e-01
        59         3        5.481745e-01
        60         3       -2.595743e-01
        61         3       -1.409454e-01
        62         3        1.670112e-01
        63         3       -8.442726e-01
        64         3        4.081041e-01
        65         3       -7.509610e-01
        66         3       -1.236933e-01
        67         3       -1.429164e+00
        68         3       -9.734025e-01
        69         3       -1.392430e+00
        70         3        7.160099e-01
        71         3       -1.144891e+00
        72         3       -5.595277e-02
        73         3        6.287400e-01
        74         3        3.859888e-01
         1         4       -2.035168e+00
         2         4       -9.296258e-01
         3         4       -5.411286e-01
         4         4        8.080302e-01
         5         4        2.932844e-01
         6         4        1.088681e+00
         7         4        5.811852e-01
         8         4        3.083412e-02
         9         4       -1.237922e+00
        10         4        3.675643e-02
        11         4        1.569527e+00
        12         4       -7.373609e-01
        13         4        2.032758e+00
        14         4       -9.890931e-01
        15         4       -1.244193e+00
        16         4        1.182912e+00
        17         4       -1.220030e+00
        18         4       -2.372375e-01
        19         4        1.512376e+00
        20         4        3.513717e-01
        21         4        5.091398e-01
        22         4       -7.923689e-01
        23         4       -1.084425e+00
        24         4       -1.638079e+00
        25         4        2.886151e+00
        26         4       -6.001091e-01
        27         4        2.416262e-01
        28         4       -5.704256e-01
        29         4        5.836945e-01
        30         4       -1.045861e+00
        31         4        1.971255e+00
        32         4       -2.452215e-01
        33         4       -2.757367e-01
        34         4        8.999279e-01
        35         4        1.085929e+00
        36         4        1.871696e+00
        37         4       -9.164130e-01
        38         4       -2.355000e-01
        39         4       -1.295699e+00
        40         4       -2.978588e-01
        41         4        7.080649e-01
        42         4        5.783921e-01
        43         4        1.867314e+00
        44         4        1.569388e-02
        45         4        7.549305e-01
        46         4       -4.968970e-01
        47         4        3.191837e-01
        48         4        1.552723e-01
        49         4        2.872951e+00
        50         4        2.500450e+00
        51         4        9.661997e-01
        52         4       -1.102614e+00
        53         4       -1.131114e+00
        54         4        1.489740e+00
        55         4        1.686581e-01
        56         4        1.133083e+00
        57         4        5.044995e-01
        58         4       -1.298907e-01
        59         4        2.285421e+00
        60         4       -1.440393e+00
        61         4        1.900205e+00
        62         4       -4.671276e-01
        63         4        2.159312e+00
        64         4        6.705490e-01
        65         4       -9.233182e-01
        66         4        9.137400e-01
        67         4        7.689540e-02
        68         4        5.715846e-01
        69         4        2.774428e-01
        70         4        8.323467e-01
        71         4        2.053172e+00
        72         4        7.341959e-01
        73         4        5.659424e-01
        74         4        4.728848e-01
         1         5       -4.216291e-01
         2         5       -3.905792e-01
         3         5        1.802454e+00
         4         5        2.295744e+00
         5         5        8.448095e-01
         6         5        9.900623e-01
         7         5        8.028616e-01
         8         5       -5.155847e-01
         9         5       -7.478108e-01
        10         5        1.015046e+00
        11         5        8.797664e-01
        12         5        1.257302e+00
        13         5        2.557938e-01
        14         5        1.390513e+00
        15         5       -2.553760e-01
        16         5       -3.407156e-01
        17         5        1.709640e+00
        18         5       -1.042834e+00
        19         5        1.121694e+00
        20         5       -1.111680e+00
        21         5        3.139314e+00
        22         5       -1.029989e+00
        23         5       -9.417668e-01
        24         5       -1.944674e-01
        25         5        1.171464e+00
        26         5       -7.726863e-01
        27         5        4.366840e-02
        28         5        1.658033e+00
        29         5       -2.805678e-02
        30         5        2.250072e-02
        31         5       -1.437063e+00
        32         5       -1.076787e-02
        33         5       -1.071792e+00
        34         5        6.542770e-01
        35         5       -8.183821e-01
        36         5       -9.365458e-01
        37         5        8.098868e-01
        38         5       -1.461540e+00
        39         5       -2.632802e-01
        40         5       -1.044204e-01
        41         5       -2.383053e-02
        42         5        1.127228e+00
        43         5        3.463236e-01
        44         5       -1.371419e+00
        45         5       -3.504452e-01
        46         5       -2.186420e-02
        47         5        4.003578e-01
        48         5        1.811395e+00
        49         5        1.705913e+00
        50         5        2.060670e+00
        51         5        7.414395e-01
        52         5        2.337088e-01
        53         5       -3.100579e-01
        54         5        3.717386e-01
        55         5       -5.700002e-02
        56         5        2.302329e-01
        57         5        1.031029e+00
        58         5       -2.214303e-01
        59         5       -1.365980e+00
        60         5       -1.154109e+00
        61         5        6.880170e-01
        62         5        4.390212e-01
        63         5       -7.475240e-01
        64         5        7.481127e-01
        65         5        3.075154e-01
        66         5        1.434563e+00
        67         5        4.703617e-01
        68         5        1.447463e+00
        69         5       -8.725381e-01
        70         5        7.511676e-01
        71         5       -1.222576e+00
        72         5        8.000661e-01
        73         5       -1.817461e+00
        74         5       -3.277786e-01
;

param theta:=
    1       -1.656472e-02
    2        1.140115e-01
    3       -1.227380e+00
    4        6.824645e-01
    5       -5.310661e-01
;
param X_true:=
    1       -1.409034e+00
    2        2.232789e+00
    3       -1.404505e+00
    4        4.874466e-01
    5        1.205025e-01
    6        2.399598e+00
    7        4.004802e-01
    8        5.032833e-01
    9       -7.409946e-02
   10       -1.363340e+00
   11        8.214208e-01
   12       -7.044353e-01
   13       -2.429384e-01
   14       -1.493500e+00
   15       -8.738248e-01
   16       -3.028886e-01
   17       -1.133103e+00
   18       -9.135371e-02
   19        2.626990e-01
   20        9.166303e-01
   21       -1.573788e+00
   22       -8.620115e-01
   23        1.552621e-01
   24       -2.192367e-01
   25       -5.823339e-02
   26       -4.061861e-01
   27       -1.278848e+00
   28       -2.241798e+00
   29        1.382026e+00
   30       -2.386613e-01
   31        4.441409e-01
   32        9.387797e-02
   33       -6.758307e-01
   34       -3.336003e-01
   35        1.019440e+00
   36       -2.329433e-01
   37       -2.059640e+00
   38        5.491390e-01
   39        2.287886e+00
   40        8.234806e-01
   41        7.731200e-01
   42        1.232434e-01
   43        2.415529e+00
   44        1.202365e+00
   45        1.112969e+00
   46        1.615967e-01
   47        1.169106e+00
   48       -6.507732e-01
   49       -1.755777e+00
   50        4.211506e-01
   51        4.754908e-01
   52       -2.394234e+00
   53        8.933052e-01
   54       -6.383733e-01
   55        2.659236e+00
   56        3.226398e-02
   57        4.932907e-01
   58        5.163653e-01
   59        1.589041e+00
   60       -1.723610e-01
   61        1.085566e+00
   62       -6.628562e-01
   63        2.556693e+00
   64       -3.702048e-01
   65        8.684789e-02
   66       -9.346039e-02
   67        1.751426e+00
   68        8.669138e-01
   69        2.451422e+00
   70       -7.315149e-01
   71        3.490846e+00
   72        8.724423e-02
   73        5.539663e-01
   74        1.791156e-02
;
param X:=
    1       -1.250280e+00
    2        1.425145e+00
    3       -1.404505e+00
    4        6.949115e-02
    5       -5.487339e-01
    6        1.646261e+00
    7        4.004802e-01
    8        5.032833e-01
    9       -7.409946e-02
   10       -1.734962e+00
   11       -1.124251e+00
   12       -6.651726e-01
   13       -1.816450e+00
   14       -4.042212e-01
   15       -8.738248e-01
   16       -3.028886e-01
   17       -9.119845e-01
   18       -3.971155e-02
   19        5.930945e-01
   20       -1.959008e-01
   21       -8.608685e-01
   22       -7.184437e-01
   23       -5.672266e-01
   24       -1.566317e+00
   25        6.727301e-03
   26        1.301871e+00
   27       -4.691882e-01
   28       -7.892414e-01
   29       -8.651308e-02
   30       -1.658194e+00
   31       -1.368659e-01
   32       -4.661257e-01
   33       -6.758307e-01
   34        1.749200e-01
   35        1.124362e+00
   36       -2.339586e-01
   37       -5.448403e-01
   38        5.491390e-01
   39        2.287886e+00
   40        4.267668e-01
   41        2.394344e+00
   42       -4.725372e-01
   43        2.449727e+00
   44        6.601242e-01
   45        1.112969e+00
   46       -8.270682e-01
   47        1.931003e+00
   48        3.809499e-01
   49       -1.755777e+00
   50        4.851235e-01
   51        3.205463e-01
   52       -2.394234e+00
   53        8.933052e-01
   54       -6.383733e-01
   55        1.236205e+00
   56       -1.413634e+00
   57       -4.341763e-01
   58        7.803717e-01
   59       -7.125785e-03
   60       -8.134488e-02
   61       -2.274415e-01
   62       -5.264846e-01
   63        1.731254e+00
   64        5.409535e-01
   65        1.161741e-01
   66        3.395481e-01
   67        9.086850e-01
   68       -6.418420e-04
   69        3.007766e-01
   70        1.575735e-01
   71        3.490846e+00
   72        1.813366e-01
   73        1.240514e+00
   74        9.502643e-01
;
param outliervec:=
    1    1
    2    1
    3    0
    4    1
    5    1
    6    1
    7    0
    8    0
    9    0
   10    1
   11    1
   12    1
   13    1
   14    1
   15    0
   16    0
   17    1
   18    1
   19    1
   20    1
   21    1
   22    1
   23    1
   24    1
   25    1
   26    1
   27    1
   28    1
   29    1
   30    1
   31    1
   32    1
   33    0
   34    1
   35    1
   36    1
   37    1
   38    0
   39    0
   40    1
   41    1
   42    1
   43    1
   44    1
   45    0
   46    1
   47    1
   48    1
   49    0
   50    1
   51    1
   52    0
   53    0
   54    0
   55    1
   56    1
   57    1
   58    1
   59    1
   60    1
   61    1
   62    1
   63    1
   64    1
   65    1
   66    1
   67    1
   68    1
   69    1
   70    1
   71    0
   72    1
   73    1
   74    1
; 
param greedy_time :=         1.945493e-01
;