data;


param FN:= 0;
param D:= 100;
param U_Original:=
         1         1        1.719901e+00
         2         1        4.926404e-01
         3         1        1.584388e-01
         4         1       -1.149882e-01
         5         1        1.845029e+00
         6         1        2.381047e+00
         7         1        2.518162e-01
         8         1        4.334885e-01
         9         1       -1.005971e+00
        10         1        7.536723e-01
        11         1       -5.867452e-01
        12         1        4.913726e-01
        13         1       -8.321554e-02
        14         1       -9.374749e-01
        15         1        2.330466e-01
        16         1        6.641362e-01
        17         1        1.713448e+00
        18         1        1.470459e+00
        19         1       -4.729512e-01
        20         1       -2.770428e-01
        21         1        7.196144e-01
        22         1        2.290537e+00
        23         1       -6.126020e-01
        24         1        4.948026e-01
        25         1        3.771504e-01
        26         1        8.624685e-01
        27         1        9.435018e-01
        28         1       -1.890823e+00
        29         1        9.604630e-01
        30         1        3.709442e-01
        31         1        1.771600e+00
        32         1       -4.856066e-01
        33         1        6.708858e-01
        34         1        3.430079e-01
        35         1        1.325447e+00
        36         1       -7.200056e-01
        37         1        1.558228e+00
        38         1        1.120957e+00
        39         1        5.896370e-01
        40         1        8.040054e-01
        41         1       -6.906982e-01
        42         1        2.019758e+00
        43         1        9.744420e-03
        44         1        7.591930e-01
        45         1        3.299804e-01
        46         1        1.207163e+00
        47         1        6.516628e-01
        48         1        1.866480e-02
        49         1       -3.371678e-01
        50         1        2.704847e-01
        51         1       -4.656327e-01
        52         1        3.763990e-01
        53         1        5.202421e-01
        54         1       -5.397269e-02
        55         1       -1.915191e-01
        56         1        1.262979e-01
        57         1        1.230693e+00
        58         1        4.035730e-01
        59         1        2.625274e-01
        60         1       -2.349207e+00
        61         1       -7.420691e-01
        62         1        9.692671e-01
        63         1       -4.747547e-01
        64         1       -8.363336e-01
        65         1       -1.317569e+00
        66         1        7.902630e-01
        67         1       -8.252771e-01
        68         1       -1.243226e+00
        69         1       -2.097546e-01
        70         1        4.626541e-01
        71         1       -5.924207e-01
        72         1        1.529153e+00
        73         1        2.032832e+00
        74         1       -5.490044e-01
        75         1        9.854683e-01
        76         1        5.453837e-01
        77         1       -6.673179e-02
        78         1       -1.906518e-01
        79         1       -5.489480e-02
        80         1       -6.013590e-02
        81         1        1.021380e+00
        82         1       -4.683085e-01
        83         1        6.469743e-01
        84         1       -1.007192e+00
        85         1       -1.339108e+00
        86         1       -5.626771e-01
        87         1       -1.177999e+00
        88         1        1.153417e+00
        89         1       -2.711578e-01
        90         1        1.002786e+00
        91         1        3.818453e-01
        92         1       -8.769235e-01
        93         1       -9.225078e-01
        94         1       -5.249847e-01
        95         1       -7.738424e-02
        96         1        3.004770e+00
        97         1       -1.228656e-01
        98         1       -9.765489e-01
        99         1        6.057648e-01
       100         1        1.007382e+00
         1         2       -6.793464e-01
         2         2        8.929168e-02
         3         2       -3.769516e-01
         4         2        8.777110e-02
         5         2        1.629482e-01
         6         2        7.880581e-01
         7         2        1.571741e+00
         8         2       -1.507340e+00
         9         2        1.160341e+00
        10         2       -2.062780e-01
        11         2        1.006067e+00
        12         2       -3.200875e-01
        13         2       -7.716757e-01
        14         2        1.726077e+00
        15         2        4.365313e-01
        16         2        2.448898e-01
        17         2       -3.520287e-01
        18         2       -1.636163e+00
        19         2       -1.304446e+00
        20         2       -1.062023e+00
        21         2        1.022469e-01
        22         2       -4.767012e-01
        23         2       -8.357238e-01
        24         2       -7.126743e-01
        25         2        4.211143e-01
        26         2        7.104013e-01
        27         2        7.987575e-01
        28         2        8.320830e-01
        29         2        1.269073e+00
        30         2       -6.042833e-01
        31         2        1.858491e+00
        32         2       -5.011035e-01
        33         2       -2.895287e-01
        34         2        6.787307e-01
        35         2        1.673498e-01
        36         2        1.091297e+00
        37         2        3.123857e-01
        38         2       -4.921764e-01
        39         2       -1.647591e+00
        40         2        2.908996e-01
        41         2        8.051183e-01
        42         2       -1.786561e+00
        43         2       -8.110063e-01
        44         2        2.867586e-01
        45         2        2.682590e-02
        46         2        9.077595e-01
        47         2        2.507658e+00
        48         2       -4.273317e-01
        49         2        5.243584e-01
        50         2       -8.731035e-01
        51         2       -9.531035e-01
        52         2        1.168922e+00
        53         2        8.560713e-01
        54         2        9.564119e-01
        55         2        9.053610e-01
        56         2        2.085216e+00
        57         2       -9.821547e-01
        58         2       -9.086490e-01
        59         2       -1.057769e+00
        60         2        2.062678e-01
        61         2       -8.699487e-01
        62         2        1.545325e+00
        63         2        2.136303e-01
        64         2       -3.761728e-01
        65         2        1.676481e-01
        66         2        5.366591e-01
        67         2        1.154693e+00
        68         2       -2.276456e-01
        69         2        5.948734e-01
        70         2        8.203163e-01
        71         2        3.066689e-01
        72         2       -6.363708e-01
        73         2       -2.359105e-01
        74         2        8.732638e-01
        75         2        1.095381e+00
        76         2        2.305272e+00
        77         2       -2.637032e-01
        78         2       -1.983738e+00
        79         2        2.812407e+00
        80         2        6.120559e-01
        81         2        7.718553e-01
        82         2       -9.141866e-01
        83         2        8.297086e-01
        84         2       -1.201176e+00
        85         2       -7.947425e-01
        86         2        1.374737e+00
        87         2       -1.080420e+00
        88         2        3.663924e-01
        89         2        1.291832e+00
        90         2        7.209566e-01
        91         2        2.905670e-01
        92         2       -8.320861e-01
        93         2       -9.992877e-01
        94         2       -3.334621e-01
        95         2        1.469655e-01
        96         2        3.070440e-01
        97         2        7.378191e-01
        98         2       -9.125637e-01
        99         2       -6.150728e-01
       100         2       -4.684878e-01
         1         3       -1.003903e+00
         2         3        1.219080e-01
         3         3        3.966497e-01
         4         3       -7.624795e-01
         5         3       -2.260876e-01
         6         3       -1.682346e+00
         7         3       -5.028017e-01
         8         3        9.994200e-01
         9         3        1.099874e-02
        10         3        1.084714e+00
        11         3       -2.303836e-01
        12         3        1.034982e+00
        13         3        2.441422e+00
        14         3        4.322447e-01
        15         3       -1.325897e+00
        16         3        8.977457e-01
        17         3       -8.051326e-01
        18         3       -5.105081e-01
        19         3        2.011584e+00
        20         3        6.927203e-01
        21         3        1.132885e-02
        22         3        3.015494e-01
        23         3       -2.269175e+00
        24         3        2.768441e-01
        25         3       -5.059133e-01
        26         3       -5.093021e-01
        27         3       -5.070528e-01
        28         3        1.346016e+00
        29         3       -7.583875e-02
        30         3        9.863120e-01
        31         3       -9.411749e-01
        32         3        5.338374e-01
        33         3        1.814111e+00
        34         3        8.041068e-01
        35         3       -1.905327e-01
        36         3       -2.559156e-01
        37         3       -1.354191e+00
        38         3       -1.315339e-01
        39         3        1.542856e+00
        40         3       -2.583665e+00
        41         3       -1.442420e-01
        42         3        6.617835e-01
        43         3       -4.005482e-01
        44         3        1.005516e+00
        45         3        1.531285e-01
        46         3        1.509319e+00
        47         3       -8.231886e-01
        48         3        1.995950e-02
        49         3        1.652634e-01
        50         3        8.714370e-02
        51         3       -1.070936e+00
        52         3       -1.149029e-01
        53         3        6.910501e-01
        54         3        2.816210e-01
        55         3       -8.242741e-01
        56         3       -2.257310e-01
        57         3       -1.010237e+00
        58         3       -2.265383e-01
        59         3       -1.390200e+00
        60         3        5.180783e-01
        61         3        2.359076e+00
        62         3        7.338146e-01
        63         3       -4.848594e-01
        64         3       -6.103146e-01
        65         3       -8.493580e-01
        66         3        1.470269e+00
        67         3        1.051402e+00
        68         3       -7.796414e-01
        69         3       -8.781841e-01
        70         3        7.153659e-01
        71         3        5.055378e-01
        72         3        1.677369e+00
        73         3        6.803295e-01
        74         3        1.932113e+00
        75         3        8.172133e-01
        76         3       -3.299091e-01
        77         3       -1.796391e-01
        78         3       -9.172618e-01
        79         3       -5.163787e-01
        80         3        6.330538e-01
        81         3        1.761186e+00
        82         3        1.345364e+00
        83         3        4.440144e-01
        84         3       -5.553159e-01
        85         3       -2.784139e+00
        86         3       -1.105536e+00
        87         3        4.747738e-01
        88         3        5.654144e-02
        89         3       -1.200198e+00
        90         3       -2.191729e-01
        91         3       -4.741171e-01
        92         3       -2.021236e+00
        93         3        1.133877e+00
        94         3        1.715308e+00
        95         3        1.680670e+00
        96         3       -3.841816e-01
        97         3        5.846133e-01
        98         3       -2.345003e+00
        99         3        5.725251e-01
       100         3        1.658274e+00
         1         4       -2.385510e-01
         2         4        8.344324e-01
         3         4        1.343006e+00
         4         4        2.512926e-01
         5         4        8.862590e-01
         6         4        1.762890e-01
         7         4       -2.916358e-01
         8         4        3.589851e-01
         9         4       -5.562910e-01
        10         4       -1.828056e+00
        11         4       -3.736891e-01
        12         4       -6.955785e-01
        13         4       -7.882059e-01
        14         4       -7.955998e-02
        15         4       -6.612614e-01
        16         4        2.081688e+00
        17         4        1.751583e+00
        18         4        1.116326e+00
        19         4       -1.631270e+00
        20         4       -9.616016e-02
        21         4       -5.647507e-01
        22         4        1.293580e+00
        23         4       -1.413683e-01
        24         4        1.097093e-01
        25         4        1.230697e-01
        26         4       -1.932599e-01
        27         4       -3.475765e-02
        28         4        4.037910e-01
        29         4        1.019222e+00
        30         4        3.563885e-01
        31         4        2.457802e-01
        32         4       -4.229654e-01
        33         4       -8.081868e-01
        34         4        6.078346e-01
        35         4       -1.250029e+00
        36         4       -8.439335e-01
        37         4        3.312315e-01
        38         4        6.025697e-01
        39         4       -1.613274e+00
        40         4       -7.403704e-01
        41         4        9.816273e-01
        42         4        7.279032e-01
        43         4       -4.439964e-01
        44         4       -1.450248e+00
        45         4       -9.320999e-01
        46         4        7.202492e-01
        47         4        2.866400e-01
        48         4       -6.914335e-01
        49         4       -1.548363e+00
        50         4       -1.006661e+00
        51         4       -6.959530e-01
        52         4        1.559643e+00
        53         4       -2.025544e-01
        54         4        2.598348e+00
        55         4        2.228147e-01
        56         4        1.179620e-01
        57         4       -1.594469e+00
        58         4       -1.298117e+00
        59         4        1.303989e-01
        60         4        2.680508e-01
        61         4       -1.133258e+00
        62         4        1.071158e+00
        63         4        2.703761e-01
        64         4       -1.471368e-01
        65         4       -1.228484e+00
        66         4       -5.174034e-01
        67         4        2.275218e-01
        68         4       -1.792728e+00
        69         4       -1.429625e+00
        70         4        6.314957e-01
        71         4       -1.140325e-01
        72         4        3.841838e-01
        73         4        2.771937e-01
        74         4       -2.000156e+00
        75         4       -2.806139e-01
        76         4        1.181705e+00
        77         4        1.011696e+00
        78         4       -6.898949e-01
        79         4        6.067439e-01
        80         4       -1.133484e-01
        81         4       -1.922820e+00
        82         4        1.035429e+00
        83         4        1.974335e+00
        84         4       -4.134409e-01
        85         4        4.321864e-02
        86         4        1.603064e+00
        87         4        4.618737e-01
        88         4       -1.814710e-01
        89         4        1.152704e-01
        90         4        1.526035e+00
        91         4       -2.045165e-01
        92         4       -1.180311e-01
        93         4       -8.299397e-01
        94         4       -6.853642e-01
        95         4        3.811600e-02
        96         4        2.458253e-01
        97         4       -6.148210e-01
        98         4        4.935025e-01
        99         4       -1.884588e+00
       100         4       -7.845658e-01
         1         5        4.228782e-01
         2         5        7.819031e-01
         3         5       -4.319832e-01
         4         5        1.054028e+00
         5         5       -1.405687e+00
         6         5        9.272151e-01
         7         5        9.131102e-01
         8         5        2.433083e-01
         9         5        8.318427e-01
        10         5       -1.602041e-01
        11         5       -6.805454e-01
        12         5       -1.263670e-01
        13         5       -1.552408e-01
        14         5       -2.549343e+00
        15         5       -5.753673e-01
        16         5        4.130121e-01
        17         5        4.420995e-01
        18         5       -2.486146e-01
        19         5       -1.183308e-01
        20         5        3.009340e-01
        21         5        1.418046e+00
        22         5       -2.936265e-01
        23         5        2.690209e-01
        24         5       -1.094200e+00
        25         5       -9.910163e-01
        26         5       -2.325318e+00
        27         5       -6.980436e-01
        28         5       -1.326201e+00
        29         5       -2.230877e-01
        30         5       -5.700380e-01
        31         5       -4.049124e-01
        32         5        1.001341e+00
        33         5        9.371490e-02
        34         5       -3.935150e-01
        35         5       -3.723815e-01
        36         5       -1.038558e+00
        37         5       -1.130895e+00
        38         5        7.719147e-01
        39         5        5.551817e-02
        40         5        8.048373e-01
        41         5       -1.247973e+00
        42         5       -5.944292e-01
        43         5       -4.484432e-01
        44         5        9.880228e-01
        45         5        1.291246e+00
        46         5        4.370880e-02
        47         5        5.997709e-01
        48         5       -7.748695e-02
        49         5       -7.529625e-01
        50         5       -6.048826e-01
        51         5        7.504851e-01
        52         5       -1.213131e+00
        53         5        1.495871e+00
        54         5       -9.763376e-01
        55         5        1.117780e+00
        56         5        1.299995e+00
        57         5       -1.551488e+00
        58         5        2.065379e+00
        59         5       -9.460769e-01
        60         5        1.464532e-02
        61         5        5.383337e-01
        62         5        7.866025e-01
        63         5        2.533021e-01
        64         5        2.531381e-02
        65         5       -2.717289e-01
        66         5       -3.481652e-01
        67         5        2.205724e-01
        68         5       -1.191148e+00
        69         5        1.443657e+00
        70         5       -6.788500e-02
        71         5        5.213202e-01
        72         5       -2.100403e+00
        73         5        6.310468e-01
        74         5        1.031933e+00
        75         5       -7.935563e-01
        76         5        1.863900e-01
        77         5        2.247854e-02
        78         5       -6.718958e-01
        79         5       -1.342504e-01
        80         5        1.983910e+00
        81         5       -2.206596e+00
        82         5       -1.232866e+00
        83         5        2.151081e-01
        84         5       -6.049922e-01
        85         5        5.341781e-01
        86         5       -2.405750e-01
        87         5        1.054805e+00
        88         5        1.799916e-01
        89         5       -1.486152e+00
        90         5       -5.968237e-02
        91         5        1.603412e-01
        92         5       -1.149285e-01
        93         5        7.249404e-01
        94         5        4.943225e-01
        95         5        4.468934e-01
        96         5       -1.396260e+00
        97         5       -8.069445e-01
        98         5       -7.216528e-01
        99         5       -6.856933e-01
       100         5       -1.103868e+00
;
param X_Original:=
    1       -4.165838e-01
    2       -2.630345e-01
    3        1.638564e+00
    4       -1.890592e+00
    5        1.449693e+00
    6        2.893605e+00
    7        1.349517e+00
    8        2.398424e-01
    9       -1.150067e-01
   10       -1.448908e-01
   11        7.391189e-02
   12       -2.808877e+00
   13        9.553709e-01
   14        8.172643e-01
   15       -1.147417e+00
   16        5.293212e-01
   17        4.327371e+00
   18       -3.949222e-01
   19        5.457735e-01
   20        1.135302e+00
   21        1.320596e+00
   22       -1.606585e+00
   23        5.477246e+00
   24        1.453282e+00
   25        2.460194e+00
   26        3.901592e+00
   27        1.270107e+00
   28        1.256846e-01
   29        5.414144e-01
   30        1.919410e+00
   31        8.889477e-01
   32       -3.003420e+00
   33        2.299741e-01
   34        2.702733e+00
   35       -4.745395e-01
   36        4.292585e-01
   37       -9.213689e-01
   38        5.318514e-01
   39        1.051394e+00
   40       -6.226101e-03
   41        1.951079e-01
   42        6.122305e-01
   43       -7.346996e-01
   44       -5.687895e+00
   45        6.875354e-01
   46       -1.047421e+00
   47        4.146772e-01
   48       -4.066672e-01
   49        8.227284e-01
   50       -1.661881e+00
   51        3.769353e-01
   52       -4.609110e-01
   53       -4.458805e+00
   54        7.606634e-01
   55        1.044080e-01
   56        1.489524e+00
   57       -7.054257e-01
   58        1.246160e-02
   59        4.593550e-01
   60        2.808828e-01
   61       -7.341869e+00
   62       -2.600509e+00
   63        3.499558e-01
   64        1.263520e+00
   65        4.667467e-01
   66       -3.767200e+00
   67       -1.409767e+00
   68        1.200808e+00
   69       -2.140744e+00
   70       -3.274177e-01
   71       -2.459602e+00
   72       -8.246572e-01
   73        5.566747e-01
   74       -9.336139e+00
   75       -1.922943e+00
   76        1.282622e+00
   77        3.663173e-01
   78        1.649812e-01
   79        9.359774e-02
   80       -4.728604e+00
   81       -8.733681e-01
   82        6.007668e-03
   83        7.229616e-01
   84        9.647057e-01
   85        6.174399e+00
   86       -9.043669e-01
   87       -1.405589e+00
   88       -7.560684e-01
   89        1.260705e-01
   90        1.128774e+00
   91       -1.569394e-02
   92       -1.497783e+00
   93       -1.639947e+00
   94        1.853653e-02
   95       -3.506039e-01
   96        5.030012e-01
   97        2.651958e+00
   98        7.662113e-01
   99        4.285090e-01
  100       -1.068734e-01
;
param outliervec_original :=
    1    1
    2    0
    3    0
    4    1
    5    1
    6    0
    7    1
    8    1
    9    1
   10    1
   11    1
   12    0
   13    1
   14    1
   15    1
   16    1
   17    0
   18    1
   19    1
   20    1
   21    1
   22    1
   23    0
   24    0
   25    0
   26    0
   27    1
   28    1
   29    1
   30    1
   31    1
   32    0
   33    1
   34    1
   35    0
   36    1
   37    1
   38    0
   39    1
   40    1
   41    1
   42    1
   43    1
   44    0
   45    1
   46    1
   47    1
   48    1
   49    1
   50    1
   51    1
   52    1
   53    0
   54    1
   55    0
   56    1
   57    1
   58    1
   59    1
   60    1
   61    0
   62    1
   63    1
   64    0
   65    0
   66    0
   67    1
   68    1
   69    0
   70    1
   71    0
   72    1
   73    1
   74    0
   75    0
   76    1
   77    1
   78    1
   79    0
   80    0
   81    1
   82    1
   83    0
   84    1
   85    0
   86    1
   87    0
   88    1
   89    1
   90    1
   91    1
   92    1
   93    1
   94    1
   95    1
   96    1
   97    1
   98    1
   99    1
  100    1
;
param d:= 78;
param r:=5;
param p:=0.720000;
param M:=1000;
param U:=
         1         1        1.719901e+00
         2         1        4.926404e-01
         3         1        1.584388e-01
         4         1       -1.149882e-01
         5         1        1.845029e+00
         6         1        2.381047e+00
         7         1        2.518162e-01
         8         1        4.334885e-01
         9         1       -1.005971e+00
        10         1       -5.867452e-01
        11         1        4.913726e-01
        12         1       -9.374749e-01
        13         1        6.641362e-01
        14         1        1.713448e+00
        15         1       -2.770428e-01
        16         1        2.290537e+00
        17         1       -6.126020e-01
        18         1        4.948026e-01
        19         1        3.771504e-01
        20         1        8.624685e-01
        21         1        9.435018e-01
        22         1       -1.890823e+00
        23         1        9.604630e-01
        24         1        3.709442e-01
        25         1        1.771600e+00
        26         1       -4.856066e-01
        27         1        1.325447e+00
        28         1       -7.200056e-01
        29         1        1.120957e+00
        30         1        8.040054e-01
        31         1       -6.906982e-01
        32         1        2.019758e+00
        33         1        9.744420e-03
        34         1        7.591930e-01
        35         1        1.207163e+00
        36         1        6.516628e-01
        37         1        1.866480e-02
        38         1       -3.371678e-01
        39         1        2.704847e-01
        40         1       -4.656327e-01
        41         1        5.202421e-01
        42         1       -5.397269e-02
        43         1       -1.915191e-01
        44         1        1.230693e+00
        45         1       -2.349207e+00
        46         1       -7.420691e-01
        47         1        9.692671e-01
        48         1       -4.747547e-01
        49         1       -8.363336e-01
        50         1       -1.317569e+00
        51         1        7.902630e-01
        52         1       -8.252771e-01
        53         1       -1.243226e+00
        54         1       -2.097546e-01
        55         1        4.626541e-01
        56         1       -5.924207e-01
        57         1        1.529153e+00
        58         1        2.032832e+00
        59         1       -5.490044e-01
        60         1        9.854683e-01
        61         1        5.453837e-01
        62         1       -6.673179e-02
        63         1       -1.906518e-01
        64         1       -5.489480e-02
        65         1       -6.013590e-02
        66         1        1.021380e+00
        67         1       -4.683085e-01
        68         1        6.469743e-01
        69         1       -1.007192e+00
        70         1       -1.339108e+00
        71         1       -1.177999e+00
        72         1        1.153417e+00
        73         1        1.002786e+00
        74         1        3.818453e-01
        75         1       -9.225078e-01
        76         1        3.004770e+00
        77         1        6.057648e-01
        78         1        1.007382e+00
         1         2       -6.793464e-01
         2         2        8.929168e-02
         3         2       -3.769516e-01
         4         2        8.777110e-02
         5         2        1.629482e-01
         6         2        7.880581e-01
         7         2        1.571741e+00
         8         2       -1.507340e+00
         9         2        1.160341e+00
        10         2        1.006067e+00
        11         2       -3.200875e-01
        12         2        1.726077e+00
        13         2        2.448898e-01
        14         2       -3.520287e-01
        15         2       -1.062023e+00
        16         2       -4.767012e-01
        17         2       -8.357238e-01
        18         2       -7.126743e-01
        19         2        4.211143e-01
        20         2        7.104013e-01
        21         2        7.987575e-01
        22         2        8.320830e-01
        23         2        1.269073e+00
        24         2       -6.042833e-01
        25         2        1.858491e+00
        26         2       -5.011035e-01
        27         2        1.673498e-01
        28         2        1.091297e+00
        29         2       -4.921764e-01
        30         2        2.908996e-01
        31         2        8.051183e-01
        32         2       -1.786561e+00
        33         2       -8.110063e-01
        34         2        2.867586e-01
        35         2        9.077595e-01
        36         2        2.507658e+00
        37         2       -4.273317e-01
        38         2        5.243584e-01
        39         2       -8.731035e-01
        40         2       -9.531035e-01
        41         2        8.560713e-01
        42         2        9.564119e-01
        43         2        9.053610e-01
        44         2       -9.821547e-01
        45         2        2.062678e-01
        46         2       -8.699487e-01
        47         2        1.545325e+00
        48         2        2.136303e-01
        49         2       -3.761728e-01
        50         2        1.676481e-01
        51         2        5.366591e-01
        52         2        1.154693e+00
        53         2       -2.276456e-01
        54         2        5.948734e-01
        55         2        8.203163e-01
        56         2        3.066689e-01
        57         2       -6.363708e-01
        58         2       -2.359105e-01
        59         2        8.732638e-01
        60         2        1.095381e+00
        61         2        2.305272e+00
        62         2       -2.637032e-01
        63         2       -1.983738e+00
        64         2        2.812407e+00
        65         2        6.120559e-01
        66         2        7.718553e-01
        67         2       -9.141866e-01
        68         2        8.297086e-01
        69         2       -1.201176e+00
        70         2       -7.947425e-01
        71         2       -1.080420e+00
        72         2        3.663924e-01
        73         2        7.209566e-01
        74         2        2.905670e-01
        75         2       -9.992877e-01
        76         2        3.070440e-01
        77         2       -6.150728e-01
        78         2       -4.684878e-01
         1         3       -1.003903e+00
         2         3        1.219080e-01
         3         3        3.966497e-01
         4         3       -7.624795e-01
         5         3       -2.260876e-01
         6         3       -1.682346e+00
         7         3       -5.028017e-01
         8         3        9.994200e-01
         9         3        1.099874e-02
        10         3       -2.303836e-01
        11         3        1.034982e+00
        12         3        4.322447e-01
        13         3        8.977457e-01
        14         3       -8.051326e-01
        15         3        6.927203e-01
        16         3        3.015494e-01
        17         3       -2.269175e+00
        18         3        2.768441e-01
        19         3       -5.059133e-01
        20         3       -5.093021e-01
        21         3       -5.070528e-01
        22         3        1.346016e+00
        23         3       -7.583875e-02
        24         3        9.863120e-01
        25         3       -9.411749e-01
        26         3        5.338374e-01
        27         3       -1.905327e-01
        28         3       -2.559156e-01
        29         3       -1.315339e-01
        30         3       -2.583665e+00
        31         3       -1.442420e-01
        32         3        6.617835e-01
        33         3       -4.005482e-01
        34         3        1.005516e+00
        35         3        1.509319e+00
        36         3       -8.231886e-01
        37         3        1.995950e-02
        38         3        1.652634e-01
        39         3        8.714370e-02
        40         3       -1.070936e+00
        41         3        6.910501e-01
        42         3        2.816210e-01
        43         3       -8.242741e-01
        44         3       -1.010237e+00
        45         3        5.180783e-01
        46         3        2.359076e+00
        47         3        7.338146e-01
        48         3       -4.848594e-01
        49         3       -6.103146e-01
        50         3       -8.493580e-01
        51         3        1.470269e+00
        52         3        1.051402e+00
        53         3       -7.796414e-01
        54         3       -8.781841e-01
        55         3        7.153659e-01
        56         3        5.055378e-01
        57         3        1.677369e+00
        58         3        6.803295e-01
        59         3        1.932113e+00
        60         3        8.172133e-01
        61         3       -3.299091e-01
        62         3       -1.796391e-01
        63         3       -9.172618e-01
        64         3       -5.163787e-01
        65         3        6.330538e-01
        66         3        1.761186e+00
        67         3        1.345364e+00
        68         3        4.440144e-01
        69         3       -5.553159e-01
        70         3       -2.784139e+00
        71         3        4.747738e-01
        72         3        5.654144e-02
        73         3       -2.191729e-01
        74         3       -4.741171e-01
        75         3        1.133877e+00
        76         3       -3.841816e-01
        77         3        5.725251e-01
        78         3        1.658274e+00
         1         4       -2.385510e-01
         2         4        8.344324e-01
         3         4        1.343006e+00
         4         4        2.512926e-01
         5         4        8.862590e-01
         6         4        1.762890e-01
         7         4       -2.916358e-01
         8         4        3.589851e-01
         9         4       -5.562910e-01
        10         4       -3.736891e-01
        11         4       -6.955785e-01
        12         4       -7.955998e-02
        13         4        2.081688e+00
        14         4        1.751583e+00
        15         4       -9.616016e-02
        16         4        1.293580e+00
        17         4       -1.413683e-01
        18         4        1.097093e-01
        19         4        1.230697e-01
        20         4       -1.932599e-01
        21         4       -3.475765e-02
        22         4        4.037910e-01
        23         4        1.019222e+00
        24         4        3.563885e-01
        25         4        2.457802e-01
        26         4       -4.229654e-01
        27         4       -1.250029e+00
        28         4       -8.439335e-01
        29         4        6.025697e-01
        30         4       -7.403704e-01
        31         4        9.816273e-01
        32         4        7.279032e-01
        33         4       -4.439964e-01
        34         4       -1.450248e+00
        35         4        7.202492e-01
        36         4        2.866400e-01
        37         4       -6.914335e-01
        38         4       -1.548363e+00
        39         4       -1.006661e+00
        40         4       -6.959530e-01
        41         4       -2.025544e-01
        42         4        2.598348e+00
        43         4        2.228147e-01
        44         4       -1.594469e+00
        45         4        2.680508e-01
        46         4       -1.133258e+00
        47         4        1.071158e+00
        48         4        2.703761e-01
        49         4       -1.471368e-01
        50         4       -1.228484e+00
        51         4       -5.174034e-01
        52         4        2.275218e-01
        53         4       -1.792728e+00
        54         4       -1.429625e+00
        55         4        6.314957e-01
        56         4       -1.140325e-01
        57         4        3.841838e-01
        58         4        2.771937e-01
        59         4       -2.000156e+00
        60         4       -2.806139e-01
        61         4        1.181705e+00
        62         4        1.011696e+00
        63         4       -6.898949e-01
        64         4        6.067439e-01
        65         4       -1.133484e-01
        66         4       -1.922820e+00
        67         4        1.035429e+00
        68         4        1.974335e+00
        69         4       -4.134409e-01
        70         4        4.321864e-02
        71         4        4.618737e-01
        72         4       -1.814710e-01
        73         4        1.526035e+00
        74         4       -2.045165e-01
        75         4       -8.299397e-01
        76         4        2.458253e-01
        77         4       -1.884588e+00
        78         4       -7.845658e-01
         1         5        4.228782e-01
         2         5        7.819031e-01
         3         5       -4.319832e-01
         4         5        1.054028e+00
         5         5       -1.405687e+00
         6         5        9.272151e-01
         7         5        9.131102e-01
         8         5        2.433083e-01
         9         5        8.318427e-01
        10         5       -6.805454e-01
        11         5       -1.263670e-01
        12         5       -2.549343e+00
        13         5        4.130121e-01
        14         5        4.420995e-01
        15         5        3.009340e-01
        16         5       -2.936265e-01
        17         5        2.690209e-01
        18         5       -1.094200e+00
        19         5       -9.910163e-01
        20         5       -2.325318e+00
        21         5       -6.980436e-01
        22         5       -1.326201e+00
        23         5       -2.230877e-01
        24         5       -5.700380e-01
        25         5       -4.049124e-01
        26         5        1.001341e+00
        27         5       -3.723815e-01
        28         5       -1.038558e+00
        29         5        7.719147e-01
        30         5        8.048373e-01
        31         5       -1.247973e+00
        32         5       -5.944292e-01
        33         5       -4.484432e-01
        34         5        9.880228e-01
        35         5        4.370880e-02
        36         5        5.997709e-01
        37         5       -7.748695e-02
        38         5       -7.529625e-01
        39         5       -6.048826e-01
        40         5        7.504851e-01
        41         5        1.495871e+00
        42         5       -9.763376e-01
        43         5        1.117780e+00
        44         5       -1.551488e+00
        45         5        1.464532e-02
        46         5        5.383337e-01
        47         5        7.866025e-01
        48         5        2.533021e-01
        49         5        2.531381e-02
        50         5       -2.717289e-01
        51         5       -3.481652e-01
        52         5        2.205724e-01
        53         5       -1.191148e+00
        54         5        1.443657e+00
        55         5       -6.788500e-02
        56         5        5.213202e-01
        57         5       -2.100403e+00
        58         5        6.310468e-01
        59         5        1.031933e+00
        60         5       -7.935563e-01
        61         5        1.863900e-01
        62         5        2.247854e-02
        63         5       -6.718958e-01
        64         5       -1.342504e-01
        65         5        1.983910e+00
        66         5       -2.206596e+00
        67         5       -1.232866e+00
        68         5        2.151081e-01
        69         5       -6.049922e-01
        70         5        5.341781e-01
        71         5        1.054805e+00
        72         5        1.799916e-01
        73         5       -5.968237e-02
        74         5        1.603412e-01
        75         5        7.249404e-01
        76         5       -1.396260e+00
        77         5       -6.856933e-01
        78         5       -1.103868e+00
;

param theta:=
    1        2.450521e-01
    2       -7.111456e-01
    3       -2.351322e+00
    4        1.282348e+00
    5       -1.357863e+00
;
param X_true:=
    1        2.413744e+00
    2       -2.630345e-01
    3        1.638564e+00
    4        5.644919e-01
    5        3.961739e+00
    6        2.893605e+00
    7       -1.516767e+00
    8       -1.007785e+00
    9       -2.691047e+00
   10        6.784007e-02
   11       -2.808877e+00
   12        8.021866e-01
   13       -1.023281e-02
   14        4.327371e+00
   15       -1.367766e+00
   16        2.349888e+00
   17        5.477246e+00
   18        1.453282e+00
   19        2.460194e+00
   20        3.901592e+00
   21        1.891343e+00
   22       -1.940096e+00
   23        9.816828e-01
   24       -4.235049e-01
   25        2.241069e+00
   26       -3.003420e+00
   27       -4.745395e-01
   28        3.782839e-02
   29        5.318514e-01
   30        3.978185e+00
   31        2.781052e+00
   32        2.039010e+00
   33        1.444155e+00
   34       -5.687895e+00
   35       -2.904630e+00
   36       -2.588399e-01
   37       -4.435052e-01
   38       -1.918432e+00
   39       -1.392507e-01
   40        1.260622e+00
   41       -4.458805e+00
   42        3.398600e+00
   43        1.044080e-01
   44        3.459299e+00
   45       -1.586264e+00
   46       -7.341869e+00
   47       -2.162840e+00
   48        7.808427e-01
   49        1.263520e+00
   50        4.667467e-01
   51       -3.767200e+00
   52       -3.609960e+00
   53        1.140392e+00
   54       -2.140744e+00
   55       -1.217403e+00
   56       -2.459602e+00
   57        3.282896e-01
   58       -1.409923e+00
   59       -9.336139e+00
   60       -1.922943e+00
   61        6.937585e-01
   62        1.756667e+00
   63        3.442360e+00
   64        9.359774e-02
   65       -4.728604e+00
   66       -4.002043e+00
   67        4.298020e-01
   68        7.229616e-01
   69        2.314820e+00
   70        6.174399e+00
   71       -1.405589e+00
   72       -6.418323e-01
   73        2.386804e+00
   74        6.226799e-01
   75       -4.087449e+00
   76        3.514579e+00
   77       -2.258822e+00
   78       -2.924702e+00
;
param X:=
    1       -4.165838e-01
    2       -2.630345e-01
    3        1.638564e+00
    4       -1.890592e+00
    5        1.449693e+00
    6        2.893605e+00
    7        1.349517e+00
    8        2.398424e-01
    9       -1.150067e-01
   10        7.391189e-02
   11       -2.808877e+00
   12        8.172643e-01
   13        5.293212e-01
   14        4.327371e+00
   15        1.135302e+00
   16       -1.606585e+00
   17        5.477246e+00
   18        1.453282e+00
   19        2.460194e+00
   20        3.901592e+00
   21        1.270107e+00
   22        1.256846e-01
   23        5.414144e-01
   24        1.919410e+00
   25        8.889477e-01
   26       -3.003420e+00
   27       -4.745395e-01
   28        4.292585e-01
   29        5.318514e-01
   30       -6.226101e-03
   31        1.951079e-01
   32        6.122305e-01
   33       -7.346996e-01
   34       -5.687895e+00
   35       -1.047421e+00
   36        4.146772e-01
   37       -4.066672e-01
   38        8.227284e-01
   39       -1.661881e+00
   40        3.769353e-01
   41       -4.458805e+00
   42        7.606634e-01
   43        1.044080e-01
   44       -7.054257e-01
   45        2.808828e-01
   46       -7.341869e+00
   47       -2.600509e+00
   48        3.499558e-01
   49        1.263520e+00
   50        4.667467e-01
   51       -3.767200e+00
   52       -1.409767e+00
   53        1.200808e+00
   54       -2.140744e+00
   55       -3.274177e-01
   56       -2.459602e+00
   57       -8.246572e-01
   58        5.566747e-01
   59       -9.336139e+00
   60       -1.922943e+00
   61        1.282622e+00
   62        3.663173e-01
   63        1.649812e-01
   64        9.359774e-02
   65       -4.728604e+00
   66       -8.733681e-01
   67        6.007668e-03
   68        7.229616e-01
   69        9.647057e-01
   70        6.174399e+00
   71       -1.405589e+00
   72       -7.560684e-01
   73        1.128774e+00
   74       -1.569394e-02
   75       -1.639947e+00
   76        5.030012e-01
   77        4.285090e-01
   78       -1.068734e-01
;
param outliervec:=
    1    1
    2    0
    3    0
    4    1
    5    1
    6    0
    7    1
    8    1
    9    1
   10    1
   11    0
   12    1
   13    1
   14    0
   15    1
   16    1
   17    0
   18    0
   19    0
   20    0
   21    1
   22    1
   23    1
   24    1
   25    1
   26    0
   27    0
   28    1
   29    0
   30    1
   31    1
   32    1
   33    1
   34    0
   35    1
   36    1
   37    1
   38    1
   39    1
   40    1
   41    0
   42    1
   43    0
   44    1
   45    1
   46    0
   47    1
   48    1
   49    0
   50    0
   51    0
   52    1
   53    1
   54    0
   55    1
   56    0
   57    1
   58    1
   59    0
   60    0
   61    1
   62    1
   63    1
   64    0
   65    0
   66    1
   67    1
   68    0
   69    1
   70    0
   71    0
   72    1
   73    1
   74    1
   75    1
   76    1
   77    1
   78    1
; 
param greedy_time :=         3.329944e-01
;