data;


param FN:= 3;
param D:= 100;
param U_Original:=
         1         1       -1.333191e+00
         2         1        1.082421e+00
         3         1        1.297602e+00
         4         1        8.905027e-01
         5         1       -6.451350e-01
         6         1        7.619957e-01
         7         1       -3.773605e-02
         8         1        6.581820e-01
         9         1        7.013635e-02
        10         1        1.523894e-01
        11         1        1.630741e+00
        12         1       -1.305250e+00
        13         1        1.208714e+00
        14         1       -8.266428e-01
        15         1       -4.158073e-01
        16         1       -1.957599e-01
        17         1        2.678418e-01
        18         1        1.803104e+00
        19         1       -5.420445e-01
        20         1        1.928578e-01
        21         1       -1.223731e-01
        22         1        3.321161e-01
        23         1        1.138845e+00
        24         1        9.828332e-01
        25         1       -2.895484e-02
        26         1       -1.169090e+00
        27         1        1.770748e+00
        28         1        9.607424e-01
        29         1       -1.519837e+00
        30         1        1.030269e+00
        31         1       -2.066210e+00
        32         1       -3.245045e-02
        33         1        1.031247e+00
        34         1        1.403620e+00
        35         1        1.155096e+00
        36         1       -1.605265e+00
        37         1       -9.578252e-01
        38         1       -1.393012e-01
        39         1        9.701665e-01
        40         1        1.648619e+00
        41         1        8.631100e-01
        42         1        2.096667e-01
        43         1       -7.427219e-01
        44         1        1.753749e+00
        45         1        1.344182e+00
        46         1       -4.135036e-02
        47         1       -2.938007e-01
        48         1        4.742361e-02
        49         1       -1.335259e-01
        50         1       -2.073956e+00
        51         1        3.316082e-01
        52         1        1.017600e+00
        53         1        1.295422e+00
        54         1       -4.429048e-01
        55         1        5.451078e-02
        56         1        1.084248e+00
        57         1       -4.202448e-01
        58         1        9.287112e-01
        59         1        7.015949e-01
        60         1        5.443874e-01
        61         1        1.724417e+00
        62         1        9.323145e-01
        63         1       -1.287347e+00
        64         1       -1.686926e-01
        65         1       -4.557213e-01
        66         1       -7.823734e-01
        67         1       -7.944423e-01
        68         1       -9.047304e-01
        69         1       -3.861464e-01
        70         1       -2.978925e-01
        71         1       -4.619644e-01
        72         1       -1.665176e+00
        73         1       -1.002547e-01
        74         1       -7.778520e-01
        75         1       -1.502770e-01
        76         1       -4.221181e-01
        77         1       -1.159348e-02
        78         1       -4.593542e-01
        79         1        7.312461e-01
        80         1        1.173206e+00
        81         1        7.098581e-01
        82         1       -2.046456e+00
        83         1        7.304283e-01
        84         1        3.704754e-01
        85         1       -8.294623e-01
        86         1       -2.960852e-01
        87         1        7.377112e-01
        88         1       -8.306170e-01
        89         1        3.975894e-02
        90         1       -1.948022e+00
        91         1       -4.782890e-01
        92         1        2.911828e-02
        93         1       -1.070042e+00
        94         1        1.835573e-01
        95         1        1.005703e+00
        96         1       -9.263257e-01
        97         1        1.192716e-01
        98         1       -3.242508e-02
        99         1        1.346701e+00
       100         1       -1.532075e+00
         1         2       -1.291371e+00
         2         2        3.606339e-01
         3         2       -1.170114e+00
         4         2        1.000641e+00
         5         2       -1.744508e-01
         6         2       -2.311057e-01
         7         2       -1.613036e+00
         8         2        4.782987e-01
         9         2        1.395803e-01
        10         2       -1.669701e-01
        11         2       -1.267155e+00
        12         2       -2.082211e+00
        13         2       -1.374078e+00
        14         2       -8.743317e-01
        15         2       -7.165510e-01
        16         2        4.115333e-01
        17         2       -2.734248e-02
        18         2        9.514499e-01
        19         2        9.217437e-01
        20         2        4.736272e-01
        21         2       -4.171450e-03
        22         2       -8.061348e-01
        23         2       -3.389929e-02
        24         2        4.643463e-01
        25         2       -1.450958e-01
        26         2       -7.853980e-01
        27         2        2.297883e+00
        28         2        1.151044e+00
        29         2        1.694282e+00
        30         2       -4.755093e-02
        31         2        1.219109e+00
        32         2        1.727800e-01
        33         2        7.658465e-01
        34         2       -7.051432e-01
        35         2        4.054772e-01
        36         2       -5.735204e-01
        37         2       -2.332400e-01
        38         2       -1.643768e-01
        39         2       -5.332397e-01
        40         2       -5.100322e-01
        41         2        8.785715e-01
        42         2        6.601483e-01
        43         2       -1.391514e+00
        44         2       -1.935945e+00
        45         2        1.127683e+00
        46         2        5.443746e-01
        47         2       -6.918130e-01
        48         2        7.883244e-01
        49         2       -7.932508e-01
        50         2       -8.652924e-01
        51         2       -1.828696e+00
        52         2        5.699878e-01
        53         2        1.473727e+00
        54         2        3.772745e-01
        55         2        1.071762e+00
        56         2       -8.004572e-01
        57         2        1.759558e+00
        58         2        5.897703e-01
        59         2       -2.598429e-01
        60         2       -1.140195e+00
        61         2        1.098160e+00
        62         2        9.671151e-01
        63         2       -1.828010e+00
        64         2       -1.455556e+00
        65         2        4.781736e-01
        66         2        4.175015e-01
        67         2       -9.414709e-01
        68         2       -8.476662e-01
        69         2        1.864734e-01
        70         2       -3.215014e-01
        71         2       -7.229308e-01
        72         2        7.169498e-01
        73         2        6.551389e-01
        74         2        1.359075e+00
        75         2        5.162362e-01
        76         2       -2.731744e-01
        77         2       -1.817024e+00
        78         2       -2.183335e+00
        79         2       -1.067755e+00
        80         2        3.288972e-01
        81         2       -4.952493e-01
        82         2       -6.213572e-01
        83         2        1.365303e+00
        84         2        3.634249e-01
        85         2        1.102615e+00
        86         2        5.074115e-01
        87         2        8.408464e-02
        88         2        8.926417e-01
        89         2       -2.588793e-01
        90         2       -1.197255e+00
        91         2        1.255385e+00
        92         2       -1.422387e+00
        93         2        1.192964e+00
        94         2       -2.707070e-02
        95         2       -1.827095e-01
        96         2        1.287012e+00
        97         2        2.064941e+00
        98         2        3.808011e-01
        99         2       -1.354112e+00
       100         2        8.074863e-01
         1         3       -8.602867e-02
         2         3       -1.800012e-01
         3         3       -6.962182e-01
         4         3        1.107341e+00
         5         3        1.428113e+00
         6         3        6.570473e-01
         7         3        1.551545e+00
         8         3       -7.476896e-01
         9         3       -9.389450e-01
        10         3       -5.778758e-02
        11         3       -1.185501e+00
        12         3        8.677891e-01
        13         3       -9.392529e-01
        14         3       -7.743301e-01
        15         3        6.896753e-01
        16         3        1.785295e-01
        17         3        6.434591e-01
        18         3        1.034851e+00
        19         3        4.916804e-02
        20         3       -1.593588e-01
        21         3        1.112033e+00
        22         3       -1.794745e-01
        23         3       -2.618026e-01
        24         3        1.038535e+00
        25         3       -4.873744e-01
        26         3       -9.040638e-01
        27         3        2.671834e-01
        28         3       -1.426624e+00
        29         3       -1.241906e-02
        30         3       -1.470547e+00
        31         3       -1.183267e+00
        32         3        1.640748e-01
        33         3       -9.780010e-01
        34         3       -4.652405e-01
        35         3        1.408656e+00
        36         3       -1.219832e+00
        37         3        4.915388e-01
        38         3       -4.632089e-01
        39         3        1.545870e+00
        40         3        1.649015e-01
        41         3       -1.710215e+00
        42         3        4.162557e-01
        43         3       -7.264440e-01
        44         3        5.594291e-01
        45         3       -6.995595e-02
        46         3       -1.898563e+00
        47         3       -8.510390e-01
        48         3       -1.017307e-01
        49         3       -1.661310e-01
        50         3        1.552188e-01
        51         3        2.955245e-01
        52         3       -2.118994e-01
        53         3        4.069101e-01
        54         3        8.765130e-01
        55         3       -2.743503e-02
        56         3       -9.282226e-01
        57         3       -9.317925e-01
        58         3       -8.937342e-01
        59         3       -1.030637e+00
        60         3        6.837261e-01
        61         3       -9.244432e-01
        62         3       -1.266516e+00
        63         3       -1.429534e-01
        64         3       -8.487548e-01
        65         3        7.893716e-01
        66         3       -7.805545e-01
        67         3       -1.037303e+00
        68         3        9.541632e-02
        69         3       -5.179582e-01
        70         3       -1.125932e+00
        71         3        8.452676e-01
        72         3        1.027607e+00
        73         3        3.380333e-01
        74         3        4.911487e-01
        75         3       -9.971746e-01
        76         3       -9.212851e-01
        77         3       -4.654126e-01
        78         3       -7.130452e-01
        79         3       -5.601822e-01
        80         3        2.568144e+00
        81         3       -1.313321e+00
        82         3       -1.223535e+00
        83         3        1.470532e-01
        84         3       -1.087876e+00
        85         3       -8.905246e-01
        86         3       -1.587791e+00
        87         3       -3.888163e-01
        88         3       -1.436083e+00
        89         3        6.970943e-01
        90         3       -1.105976e+00
        91         3       -1.916263e+00
        92         3       -1.218983e-01
        93         3       -1.071095e+00
        94         3        9.137399e-01
        95         3        7.635368e-01
        96         3       -6.515258e-01
        97         3        1.126959e+00
        98         3       -1.028628e+00
        99         3        2.713925e-01
       100         3       -1.295539e-01
         1         4        6.367692e-02
         2         4        1.152000e+00
         3         4       -1.272182e+00
         4         4       -1.375334e-01
         5         4       -1.380144e-01
         6         4        3.334477e-02
         7         4       -6.684696e-01
         8         4        3.567318e-01
         9         4       -2.047099e-01
        10         4        1.229928e+00
        11         4        2.146679e+00
        12         4       -1.818063e+00
        13         4       -7.279472e-01
        14         4       -2.739597e-01
        15         4        2.106485e+00
        16         4       -1.565480e+00
        17         4        2.935040e-01
        18         4        1.238234e+00
        19         4        5.139395e-01
        20         4        3.317425e-01
        21         4        1.726454e-01
        22         4       -9.282661e-01
        23         4       -3.952823e-01
        24         4       -2.694939e+00
        25         4        2.599845e-01
        26         4       -9.683020e-01
        27         4       -2.044554e+00
        28         4        9.814592e-03
        29         4       -4.940080e-01
        30         4        5.346467e-01
        31         4        6.605139e-01
        32         4        9.001655e-01
        33         4        1.319769e+00
        34         4       -7.222398e-01
        35         4        2.238100e+00
        36         4       -2.491802e-01
        37         4        3.175545e-01
        38         4        5.697948e-01
        39         4        4.312621e-01
        40         4       -1.313170e+00
        41         4       -9.564968e-01
        42         4       -1.803422e+00
        43         4       -3.593631e-02
        44         4       -1.215143e-01
        45         4        8.746851e-01
        46         4        3.723209e-01
        47         4        4.514505e-01
        48         4       -9.581454e-01
        49         4        1.274150e+00
        50         4        1.136713e+00
        51         4        1.603646e+00
        52         4        1.123960e+00
        53         4       -1.530521e+00
        54         4        5.693099e-01
        55         4        3.681000e-01
        56         4        1.649617e-01
        57         4       -5.798620e-01
        58         4       -6.210208e-01
        59         4        8.111293e-01
        60         4       -1.186071e+00
        61         4       -7.316508e-01
        62         4       -2.381637e-01
        63         4        1.460176e+00
        64         4        2.488272e-01
        65         4        2.034924e-01
        66         4        2.416097e-01
        67         4       -3.813932e-01
        68         4        5.720442e-01
        69         4        4.319380e-01
        70         4        8.172517e-02
        71         4        1.510108e+00
        72         4       -1.122216e-01
        73         4        2.569692e-02
        74         4        1.011435e+00
        75         4       -6.838788e-01
        76         4       -1.846770e+00
        77         4       -8.447233e-01
        78         4       -1.061596e+00
        79         4        5.199205e-01
        80         4       -3.071033e-01
        81         4       -4.936260e-01
        82         4       -1.516026e-01
        83         4       -1.621402e-01
        84         4       -3.671712e-01
        85         4       -1.515700e-01
        86         4       -4.015145e-01
        87         4        8.279251e-01
        88         4        1.666967e+00
        89         4       -2.240820e-01
        90         4       -1.005822e+00
        91         4       -4.135876e-02
        92         4        7.122882e-01
        93         4       -1.921750e+00
        94         4        8.491654e-01
        95         4       -1.192955e+00
        96         4        2.144496e+00
        97         4        2.924062e-01
        98         4       -2.955049e-02
        99         4       -5.322220e-01
       100         4       -3.982339e-01
         1         5       -7.484505e-01
         2         5        9.315705e-01
         3         5        8.162020e-01
         4         5        1.656938e+00
         5         5        1.924306e-01
         6         5        9.637617e-01
         7         5        2.176956e-01
         8         5        5.981626e-01
         9         5        8.767353e-01
        10         5       -8.619205e-01
        11         5       -3.661487e-01
        12         5       -1.064851e+00
        13         5       -3.779432e-01
        14         5       -5.383393e-01
        15         5        5.282894e-01
        16         5        9.291988e-01
        17         5        2.076100e+00
        18         5        1.592287e+00
        19         5       -5.757744e-01
        20         5       -5.356188e-01
        21         5        9.233796e-03
        22         5        5.398431e-01
        23         5       -1.171699e+00
        24         5        8.528896e-02
        25         5        7.622539e-01
        26         5       -6.221579e-01
        27         5       -1.134769e+00
        28         5        1.327801e+00
        29         5        2.865816e+00
        30         5       -1.178938e+00
        31         5        6.812223e-01
        32         5        1.102445e+00
        33         5       -1.440889e+00
        34         5       -3.794302e-01
        35         5       -1.072980e+00
        36         5       -1.023897e+00
        37         5        9.497381e-01
        38         5       -2.481913e+00
        39         5       -7.451387e-01
        40         5       -1.921880e+00
        41         5        4.949367e-01
        42         5       -1.129478e-01
        43         5       -3.879365e-01
        44         5       -8.787035e-01
        45         5        7.543344e-02
        46         5        4.016854e-01
        47         5       -1.273847e-01
        48         5        1.838314e-01
        49         5       -8.095218e-01
        50         5       -2.405542e-02
        51         5        9.525559e-01
        52         5        1.178893e+00
        53         5       -1.149395e+00
        54         5       -1.346269e+00
        55         5       -3.361329e-01
        56         5       -4.661611e-01
        57         5        2.647151e-01
        58         5        1.156586e+00
        59         5        6.189989e-01
        60         5       -7.934945e-01
        61         5       -1.955205e-01
        62         5       -1.248166e+00
        63         5       -1.664337e+00
        64         5       -8.793573e-01
        65         5       -6.709235e-01
        66         5        4.172929e-01
        67         5        7.708828e-01
        68         5        1.419958e+00
        69         5       -3.864075e-01
        70         5        1.891536e+00
        71         5       -1.084130e-01
        72         5        1.007959e+00
        73         5       -8.468508e-01
        74         5        5.337266e-01
        75         5        9.789189e-01
        76         5       -5.199600e-01
        77         5       -6.722477e-01
        78         5        1.496780e+00
        79         5       -2.927480e-01
        80         5       -1.217903e+00
        81         5        4.782725e-01
        82         5        5.587119e-01
        83         5        7.636260e-01
        84         5       -3.882428e-01
        85         5       -2.131453e-01
        86         5        1.610053e+00
        87         5        4.611746e-01
        88         5        3.238233e-01
        89         5       -1.689913e-01
        90         5       -4.072012e-01
        91         5       -2.004238e-01
        92         5       -5.844543e-02
        93         5       -8.835024e-01
        94         5       -3.372091e-03
        95         5        4.405902e-01
        96         5       -4.392747e-01
        97         5        2.070579e-01
        98         5        1.180486e-01
        99         5       -9.501840e-01
       100         5       -3.937061e-01
;
param X_Original:=
    1       -1.555738e+00
    2        2.201118e-01
    3        1.077298e+00
    4       -1.026576e+00
    5        1.129257e+00
    6        2.513369e+00
    7        7.407406e-01
    8        1.786439e+00
    9       -6.008328e-02
   10        3.734283e-01
   11        8.064418e-01
   12        1.617445e+00
   13        7.477930e-01
   14       -1.405194e+00
   15       -9.609361e-02
   16        1.018952e+00
   17       -1.027673e+00
   18        8.555096e-01
   19       -1.784748e+00
   20       -7.148638e-01
   21       -6.110089e-01
   22       -7.953103e-02
   23       -1.501827e+00
   24        1.192201e-01
   25       -5.901209e-01
   26        8.374845e-01
   27       -3.192329e-02
   28        4.493540e-02
   29        2.892166e-01
   30        4.353990e-02
   31       -3.188886e-01
   32       -1.777024e-01
   33       -2.186324e+00
   34        1.206869e+00
   35        7.143800e-01
   36       -6.492964e-01
   37        2.297489e-01
   38        8.913053e-01
   39       -2.479177e-01
   40       -2.995136e-01
   41       -1.780900e+00
   42        2.023364e+00
   43        1.009350e+00
   44        1.400519e+00
   45        1.316560e+00
   46        3.668530e-02
   47       -8.452101e-01
   48       -1.452418e-01
   49       -6.598710e-01
   50        7.715888e-01
   51        3.813931e-01
   52       -8.150069e-01
   53        1.319829e+00
   54        1.108362e+00
   55        1.451520e+00
   56        2.958851e+00
   57       -4.272734e-01
   58        5.042249e-02
   59        2.335669e-01
   60        1.215281e+00
   61        2.177015e-02
   62        5.468914e-01
   63        1.494165e+00
   64       -4.949427e-01
   65       -1.078986e+00
   66       -1.819893e-01
   67       -1.062096e-01
   68       -1.090795e+00
   69       -4.979395e-01
   70       -2.285682e+00
   71        3.732608e-01
   72       -8.828509e-02
   73        5.362467e-02
   74        9.847925e-01
   75       -3.636739e-01
   76        1.923419e-01
   77       -1.600284e+00
   78        1.641919e+00
   79       -4.376573e-01
   80       -4.822073e-01
   81       -6.376450e-01
   82        5.066338e-01
   83       -8.850109e-01
   84        2.218194e-01
   85       -2.617645e+00
   86        8.545264e-02
   87       -3.427112e-01
   88       -7.079923e-01
   89       -3.964466e-01
   90        1.670178e+00
   91        5.781176e-01
   92        5.903476e-01
   93        4.332770e-01
   94       -7.993465e-01
   95        5.291468e-01
   96       -3.390595e+00
   97        5.691765e-01
   98       -1.195828e+00
   99        1.145847e+00
  100       -2.479087e+00
;
param outliervec_original :=
    1    1
    2    1
    3    1
    4    1
    5    0
    6    0
    7    1
    8    1
    9    0
   10    1
   11    1
   12    1
   13    1
   14    1
   15    1
   16    0
   17    1
   18    1
   19    0
   20    1
   21    1
   22    1
   23    1
   24    1
   25    1
   26    1
   27    0
   28    1
   29    0
   30    1
   31    1
   32    1
   33    0
   34    0
   35    0
   36    1
   37    1
   38    1
   39    1
   40    1
   41    1
   42    1
   43    1
   44    1
   45    1
   46    1
   47    1
   48    0
   49    1
   50    1
   51    1
   52    1
   53    1
   54    1
   55    1
   56    1
   57    1
   58    1
   59    0
   60    1
   61    1
   62    1
   63    1
   64    1
   65    1
   66    1
   67    1
   68    1
   69    1
   70    1
   71    0
   72    0
   73    1
   74    1
   75    0
   76    1
   77    1
   78    1
   79    1
   80    1
   81    1
   82    1
   83    1
   84    1
   85    0
   86    1
   87    1
   88    1
   89    1
   90    1
   91    1
   92    0
   93    1
   94    1
   95    1
   96    0
   97    1
   98    0
   99    1
  100    0
;
param d:= 76;
param r:=5;
param p:=0.800000;
param M:=1000;
param U:=
         1         1        1.082421e+00
         2         1        1.297602e+00
         3         1        8.905027e-01
         4         1       -6.451350e-01
         5         1       -3.773605e-02
         6         1        7.013635e-02
         7         1        1.523894e-01
         8         1        1.630741e+00
         9         1       -1.305250e+00
        10         1        1.208714e+00
        11         1       -4.158073e-01
        12         1       -1.957599e-01
        13         1        2.678418e-01
        14         1       -5.420445e-01
        15         1        1.928578e-01
        16         1       -1.223731e-01
        17         1        3.321161e-01
        18         1        9.828332e-01
        19         1       -2.895484e-02
        20         1       -1.169090e+00
        21         1        1.770748e+00
        22         1        9.607424e-01
        23         1        1.030269e+00
        24         1       -2.066210e+00
        25         1       -3.245045e-02
        26         1        1.031247e+00
        27         1        1.403620e+00
        28         1       -1.605265e+00
        29         1       -9.578252e-01
        30         1       -1.393012e-01
        31         1        9.701665e-01
        32         1       -7.427219e-01
        33         1        1.753749e+00
        34         1       -4.135036e-02
        35         1        4.742361e-02
        36         1       -1.335259e-01
        37         1       -2.073956e+00
        38         1        3.316082e-01
        39         1        1.017600e+00
        40         1        1.084248e+00
        41         1       -4.202448e-01
        42         1        9.287112e-01
        43         1        7.015949e-01
        44         1        5.443874e-01
        45         1        1.724417e+00
        46         1        9.323145e-01
        47         1       -1.287347e+00
        48         1       -4.557213e-01
        49         1       -7.823734e-01
        50         1       -7.944423e-01
        51         1       -9.047304e-01
        52         1       -3.861464e-01
        53         1       -4.619644e-01
        54         1       -1.665176e+00
        55         1       -1.002547e-01
        56         1       -1.502770e-01
        57         1       -4.221181e-01
        58         1       -4.593542e-01
        59         1        1.173206e+00
        60         1       -2.046456e+00
        61         1        7.304283e-01
        62         1        3.704754e-01
        63         1       -8.294623e-01
        64         1       -2.960852e-01
        65         1        7.377112e-01
        66         1       -8.306170e-01
        67         1        3.975894e-02
        68         1       -1.948022e+00
        69         1        2.911828e-02
        70         1       -1.070042e+00
        71         1        1.835573e-01
        72         1        1.005703e+00
        73         1       -9.263257e-01
        74         1       -3.242508e-02
        75         1        1.346701e+00
        76         1       -1.532075e+00
         1         2        3.606339e-01
         2         2       -1.170114e+00
         3         2        1.000641e+00
         4         2       -1.744508e-01
         5         2       -1.613036e+00
         6         2        1.395803e-01
         7         2       -1.669701e-01
         8         2       -1.267155e+00
         9         2       -2.082211e+00
        10         2       -1.374078e+00
        11         2       -7.165510e-01
        12         2        4.115333e-01
        13         2       -2.734248e-02
        14         2        9.217437e-01
        15         2        4.736272e-01
        16         2       -4.171450e-03
        17         2       -8.061348e-01
        18         2        4.643463e-01
        19         2       -1.450958e-01
        20         2       -7.853980e-01
        21         2        2.297883e+00
        22         2        1.151044e+00
        23         2       -4.755093e-02
        24         2        1.219109e+00
        25         2        1.727800e-01
        26         2        7.658465e-01
        27         2       -7.051432e-01
        28         2       -5.735204e-01
        29         2       -2.332400e-01
        30         2       -1.643768e-01
        31         2       -5.332397e-01
        32         2       -1.391514e+00
        33         2       -1.935945e+00
        34         2        5.443746e-01
        35         2        7.883244e-01
        36         2       -7.932508e-01
        37         2       -8.652924e-01
        38         2       -1.828696e+00
        39         2        5.699878e-01
        40         2       -8.004572e-01
        41         2        1.759558e+00
        42         2        5.897703e-01
        43         2       -2.598429e-01
        44         2       -1.140195e+00
        45         2        1.098160e+00
        46         2        9.671151e-01
        47         2       -1.828010e+00
        48         2        4.781736e-01
        49         2        4.175015e-01
        50         2       -9.414709e-01
        51         2       -8.476662e-01
        52         2        1.864734e-01
        53         2       -7.229308e-01
        54         2        7.169498e-01
        55         2        6.551389e-01
        56         2        5.162362e-01
        57         2       -2.731744e-01
        58         2       -2.183335e+00
        59         2        3.288972e-01
        60         2       -6.213572e-01
        61         2        1.365303e+00
        62         2        3.634249e-01
        63         2        1.102615e+00
        64         2        5.074115e-01
        65         2        8.408464e-02
        66         2        8.926417e-01
        67         2       -2.588793e-01
        68         2       -1.197255e+00
        69         2       -1.422387e+00
        70         2        1.192964e+00
        71         2       -2.707070e-02
        72         2       -1.827095e-01
        73         2        1.287012e+00
        74         2        3.808011e-01
        75         2       -1.354112e+00
        76         2        8.074863e-01
         1         3       -1.800012e-01
         2         3       -6.962182e-01
         3         3        1.107341e+00
         4         3        1.428113e+00
         5         3        1.551545e+00
         6         3       -9.389450e-01
         7         3       -5.778758e-02
         8         3       -1.185501e+00
         9         3        8.677891e-01
        10         3       -9.392529e-01
        11         3        6.896753e-01
        12         3        1.785295e-01
        13         3        6.434591e-01
        14         3        4.916804e-02
        15         3       -1.593588e-01
        16         3        1.112033e+00
        17         3       -1.794745e-01
        18         3        1.038535e+00
        19         3       -4.873744e-01
        20         3       -9.040638e-01
        21         3        2.671834e-01
        22         3       -1.426624e+00
        23         3       -1.470547e+00
        24         3       -1.183267e+00
        25         3        1.640748e-01
        26         3       -9.780010e-01
        27         3       -4.652405e-01
        28         3       -1.219832e+00
        29         3        4.915388e-01
        30         3       -4.632089e-01
        31         3        1.545870e+00
        32         3       -7.264440e-01
        33         3        5.594291e-01
        34         3       -1.898563e+00
        35         3       -1.017307e-01
        36         3       -1.661310e-01
        37         3        1.552188e-01
        38         3        2.955245e-01
        39         3       -2.118994e-01
        40         3       -9.282226e-01
        41         3       -9.317925e-01
        42         3       -8.937342e-01
        43         3       -1.030637e+00
        44         3        6.837261e-01
        45         3       -9.244432e-01
        46         3       -1.266516e+00
        47         3       -1.429534e-01
        48         3        7.893716e-01
        49         3       -7.805545e-01
        50         3       -1.037303e+00
        51         3        9.541632e-02
        52         3       -5.179582e-01
        53         3        8.452676e-01
        54         3        1.027607e+00
        55         3        3.380333e-01
        56         3       -9.971746e-01
        57         3       -9.212851e-01
        58         3       -7.130452e-01
        59         3        2.568144e+00
        60         3       -1.223535e+00
        61         3        1.470532e-01
        62         3       -1.087876e+00
        63         3       -8.905246e-01
        64         3       -1.587791e+00
        65         3       -3.888163e-01
        66         3       -1.436083e+00
        67         3        6.970943e-01
        68         3       -1.105976e+00
        69         3       -1.218983e-01
        70         3       -1.071095e+00
        71         3        9.137399e-01
        72         3        7.635368e-01
        73         3       -6.515258e-01
        74         3       -1.028628e+00
        75         3        2.713925e-01
        76         3       -1.295539e-01
         1         4        1.152000e+00
         2         4       -1.272182e+00
         3         4       -1.375334e-01
         4         4       -1.380144e-01
         5         4       -6.684696e-01
         6         4       -2.047099e-01
         7         4        1.229928e+00
         8         4        2.146679e+00
         9         4       -1.818063e+00
        10         4       -7.279472e-01
        11         4        2.106485e+00
        12         4       -1.565480e+00
        13         4        2.935040e-01
        14         4        5.139395e-01
        15         4        3.317425e-01
        16         4        1.726454e-01
        17         4       -9.282661e-01
        18         4       -2.694939e+00
        19         4        2.599845e-01
        20         4       -9.683020e-01
        21         4       -2.044554e+00
        22         4        9.814592e-03
        23         4        5.346467e-01
        24         4        6.605139e-01
        25         4        9.001655e-01
        26         4        1.319769e+00
        27         4       -7.222398e-01
        28         4       -2.491802e-01
        29         4        3.175545e-01
        30         4        5.697948e-01
        31         4        4.312621e-01
        32         4       -3.593631e-02
        33         4       -1.215143e-01
        34         4        3.723209e-01
        35         4       -9.581454e-01
        36         4        1.274150e+00
        37         4        1.136713e+00
        38         4        1.603646e+00
        39         4        1.123960e+00
        40         4        1.649617e-01
        41         4       -5.798620e-01
        42         4       -6.210208e-01
        43         4        8.111293e-01
        44         4       -1.186071e+00
        45         4       -7.316508e-01
        46         4       -2.381637e-01
        47         4        1.460176e+00
        48         4        2.034924e-01
        49         4        2.416097e-01
        50         4       -3.813932e-01
        51         4        5.720442e-01
        52         4        4.319380e-01
        53         4        1.510108e+00
        54         4       -1.122216e-01
        55         4        2.569692e-02
        56         4       -6.838788e-01
        57         4       -1.846770e+00
        58         4       -1.061596e+00
        59         4       -3.071033e-01
        60         4       -1.516026e-01
        61         4       -1.621402e-01
        62         4       -3.671712e-01
        63         4       -1.515700e-01
        64         4       -4.015145e-01
        65         4        8.279251e-01
        66         4        1.666967e+00
        67         4       -2.240820e-01
        68         4       -1.005822e+00
        69         4        7.122882e-01
        70         4       -1.921750e+00
        71         4        8.491654e-01
        72         4       -1.192955e+00
        73         4        2.144496e+00
        74         4       -2.955049e-02
        75         4       -5.322220e-01
        76         4       -3.982339e-01
         1         5        9.315705e-01
         2         5        8.162020e-01
         3         5        1.656938e+00
         4         5        1.924306e-01
         5         5        2.176956e-01
         6         5        8.767353e-01
         7         5       -8.619205e-01
         8         5       -3.661487e-01
         9         5       -1.064851e+00
        10         5       -3.779432e-01
        11         5        5.282894e-01
        12         5        9.291988e-01
        13         5        2.076100e+00
        14         5       -5.757744e-01
        15         5       -5.356188e-01
        16         5        9.233796e-03
        17         5        5.398431e-01
        18         5        8.528896e-02
        19         5        7.622539e-01
        20         5       -6.221579e-01
        21         5       -1.134769e+00
        22         5        1.327801e+00
        23         5       -1.178938e+00
        24         5        6.812223e-01
        25         5        1.102445e+00
        26         5       -1.440889e+00
        27         5       -3.794302e-01
        28         5       -1.023897e+00
        29         5        9.497381e-01
        30         5       -2.481913e+00
        31         5       -7.451387e-01
        32         5       -3.879365e-01
        33         5       -8.787035e-01
        34         5        4.016854e-01
        35         5        1.838314e-01
        36         5       -8.095218e-01
        37         5       -2.405542e-02
        38         5        9.525559e-01
        39         5        1.178893e+00
        40         5       -4.661611e-01
        41         5        2.647151e-01
        42         5        1.156586e+00
        43         5        6.189989e-01
        44         5       -7.934945e-01
        45         5       -1.955205e-01
        46         5       -1.248166e+00
        47         5       -1.664337e+00
        48         5       -6.709235e-01
        49         5        4.172929e-01
        50         5        7.708828e-01
        51         5        1.419958e+00
        52         5       -3.864075e-01
        53         5       -1.084130e-01
        54         5        1.007959e+00
        55         5       -8.468508e-01
        56         5        9.789189e-01
        57         5       -5.199600e-01
        58         5        1.496780e+00
        59         5       -1.217903e+00
        60         5        5.587119e-01
        61         5        7.636260e-01
        62         5       -3.882428e-01
        63         5       -2.131453e-01
        64         5        1.610053e+00
        65         5        4.611746e-01
        66         5        3.238233e-01
        67         5       -1.689913e-01
        68         5       -4.072012e-01
        69         5       -5.844543e-02
        70         5       -8.835024e-01
        71         5       -3.372091e-03
        72         5        4.405902e-01
        73         5       -4.392747e-01
        74         5        1.180486e-01
        75         5       -9.501840e-01
        76         5       -3.937061e-01
;

param theta:=
    1        1.006228e+00
    2       -6.464119e-01
    3        1.010704e+00
    4       -2.503225e-01
    5        9.781342e-01
;
param X_true:=
    1        1.296210e+00
    2        2.475875e+00
    3        3.023262e+00
    4        1.129257e+00
    5        2.953329e+00
    6       -6.008328e-02
    7       -9.479439e-01
    8        3.646803e-01
    9        3.226512e-01
   10        9.683576e-01
   11        7.331969e-01
   12        1.018952e+00
   13        2.893936e+00
   14       -1.784748e+00
   15       -8.794485e-01
   16        9.683932e-01
   17        1.434198e+00
   18        2.498274e+00
   19        2.535180e-01
   20       -1.948907e+00
   21       -3.192329e-02
   22        7.572833e-02
   23       -1.705553e+00
   24       -3.561260e+00
   25        8.743155e-01
   26       -2.186324e+00
   27        1.206869e+00
   28       -3.418804e+00
   29        5.319020e-01
   30       -3.072762e+00
   31        2.047902e+00
   32       -9.530800e-01
   33        2.751255e+00
   34       -2.013371e+00
   35       -1.452418e-01
   36       -8.998843e-01
   37       -1.679200e+00
   38        2.344586e+00
   39        1.313474e+00
   40        1.739980e-01
   41       -2.097820e+00
   42        9.364418e-01
   43        2.335669e-01
   44        1.497750e+00
   45        8.289430e-02
   46       -2.128444e+00
   47       -2.250360e+00
   48       -6.756710e-01
   49       -1.497988e+00
   50       -3.907119e-01
   51        9.797133e-01
   52       -1.517110e+00
   53        3.732608e-01
   54       -8.828509e-02
   55       -1.018283e+00
   56       -3.636739e-01
   57       -1.225269e+00
   58        1.960668e+00
   59        2.449126e+00
   60       -2.309791e+00
   61        7.889446e-01
   62       -1.249385e+00
   63       -2.617645e+00
   64       -5.550844e-01
   65        5.365773e-01
   66       -2.965637e+00
   67        8.043757e-01
   68       -2.450997e+00
   69        5.903476e-01
   70       -3.314095e+00
   71        9.086063e-01
   72        2.631959e+00
   73       -3.390595e+00
   74       -1.195828e+00
   75        1.708426e+00
   76       -2.479087e+00
;
param X:=
    1        2.201118e-01
    2        1.077298e+00
    3       -1.026576e+00
    4        1.129257e+00
    5        7.407406e-01
    6       -6.008328e-02
    7        3.734283e-01
    8        8.064418e-01
    9        1.617445e+00
   10        7.477930e-01
   11       -9.609361e-02
   12        1.018952e+00
   13       -1.027673e+00
   14       -1.784748e+00
   15       -7.148638e-01
   16       -6.110089e-01
   17       -7.953103e-02
   18        1.192201e-01
   19       -5.901209e-01
   20        8.374845e-01
   21       -3.192329e-02
   22        4.493540e-02
   23        4.353990e-02
   24       -3.188886e-01
   25       -1.777024e-01
   26       -2.186324e+00
   27        1.206869e+00
   28       -6.492964e-01
   29        2.297489e-01
   30        8.913053e-01
   31       -2.479177e-01
   32        1.009350e+00
   33        1.400519e+00
   34        3.668530e-02
   35       -1.452418e-01
   36       -6.598710e-01
   37        7.715888e-01
   38        3.813931e-01
   39       -8.150069e-01
   40        2.958851e+00
   41       -4.272734e-01
   42        5.042249e-02
   43        2.335669e-01
   44        1.215281e+00
   45        2.177015e-02
   46        5.468914e-01
   47        1.494165e+00
   48       -1.078986e+00
   49       -1.819893e-01
   50       -1.062096e-01
   51       -1.090795e+00
   52       -4.979395e-01
   53        3.732608e-01
   54       -8.828509e-02
   55        5.362467e-02
   56       -3.636739e-01
   57        1.923419e-01
   58        1.641919e+00
   59       -4.822073e-01
   60        5.066338e-01
   61       -8.850109e-01
   62        2.218194e-01
   63       -2.617645e+00
   64        8.545264e-02
   65       -3.427112e-01
   66       -7.079923e-01
   67       -3.964466e-01
   68        1.670178e+00
   69        5.903476e-01
   70        4.332770e-01
   71       -7.993465e-01
   72        5.291468e-01
   73       -3.390595e+00
   74       -1.195828e+00
   75        1.145847e+00
   76       -2.479087e+00
;
param outliervec:=
    1    1
    2    1
    3    1
    4    0
    5    1
    6    0
    7    1
    8    1
    9    1
   10    1
   11    1
   12    0
   13    1
   14    0
   15    1
   16    1
   17    1
   18    1
   19    1
   20    1
   21    0
   22    1
   23    1
   24    1
   25    1
   26    0
   27    0
   28    1
   29    1
   30    1
   31    1
   32    1
   33    1
   34    1
   35    0
   36    1
   37    1
   38    1
   39    1
   40    1
   41    1
   42    1
   43    0
   44    1
   45    1
   46    1
   47    1
   48    1
   49    1
   50    1
   51    1
   52    1
   53    0
   54    0
   55    1
   56    0
   57    1
   58    1
   59    1
   60    1
   61    1
   62    1
   63    0
   64    1
   65    1
   66    1
   67    1
   68    1
   69    0
   70    1
   71    1
   72    1
   73    0
   74    0
   75    1
   76    0
; 
param greedy_time :=         1.614141e-01
;