data;


param FN:= 0;
param D:= 100;
param U_Original:=
         1         1        6.307357e-01
         2         1        7.362714e-01
         3         1        1.349473e-01
         4         1       -1.144176e-01
         5         1        6.232666e-01
         6         1        1.495096e+00
         7         1       -8.203858e-01
         8         1       -2.304791e+00
         9         1       -2.057071e-01
        10         1        2.743132e-01
        11         1        1.532171e+00
        12         1       -5.805232e-01
        13         1       -1.867950e+00
        14         1        8.534161e-01
        15         1        9.323950e-01
        16         1        1.694293e+00
        17         1        2.478754e-01
        18         1       -2.497330e-01
        19         1        4.415412e-01
        20         1       -1.857254e-01
        21         1       -1.177194e+00
        22         1        9.460096e-01
        23         1        1.247115e+00
        24         1        2.389573e-01
        25         1       -1.082865e+00
        26         1       -2.271857e-01
        27         1        6.267944e-01
        28         1       -2.503776e-01
        29         1        2.024196e+00
        30         1       -9.995036e-01
        31         1       -1.618280e+00
        32         1        1.193824e-01
        33         1       -1.004282e+00
        34         1       -2.264662e+00
        35         1       -2.751671e-01
        36         1       -1.487285e+00
        37         1       -5.449865e-01
        38         1       -1.115792e+00
        39         1       -4.169260e-01
        40         1       -3.206189e-01
        41         1        1.110152e+00
        42         1       -1.166029e+00
        43         1       -1.354138e+00
        44         1       -6.428803e-01
        45         1       -1.584832e+00
        46         1       -1.030700e+00
        47         1       -2.833718e-01
        48         1       -5.183187e-02
        49         1       -2.115840e+00
        50         1        2.835914e-01
        51         1       -2.875711e-01
        52         1        1.621681e+00
        53         1        6.356354e-01
        54         1       -4.665833e-01
        55         1        2.724262e-01
        56         1       -1.052494e+00
        57         1       -9.429991e-01
        58         1       -2.217441e+00
        59         1        1.389659e+00
        60         1        8.937367e-01
        61         1       -5.119918e-01
        62         1        5.462565e-01
        63         1        1.608496e-01
        64         1        8.807384e-01
        65         1        3.660423e-01
        66         1       -4.049733e-02
        67         1        1.788905e+00
        68         1       -8.442793e-02
        69         1       -7.910316e-01
        70         1        5.211428e-01
        71         1        6.986465e-01
        72         1        7.442924e-01
        73         1        3.466220e-01
        74         1        6.075937e-01
        75         1        1.599295e+00
        76         1        9.311661e-01
        77         1       -6.659050e-02
        78         1        1.574167e+00
        79         1       -2.685963e-01
        80         1       -8.812549e-02
        81         1       -4.326403e-01
        82         1       -6.088821e-01
        83         1       -3.946908e-01
        84         1        4.119648e-01
        85         1        1.355470e+00
        86         1       -1.243057e+00
        87         1       -2.233236e-01
        88         1        1.237213e+00
        89         1        8.008335e-01
        90         1        1.622724e+00
        91         1        1.483773e-01
        92         1        9.893806e-01
        93         1       -1.196621e+00
        94         1        6.275493e-01
        95         1        3.600968e-01
        96         1        1.379053e+00
        97         1       -1.426789e+00
        98         1       -6.217050e-01
        99         1       -1.019785e-01
       100         1        1.885729e+00
         1         2       -1.318815e-01
         2         2       -9.126996e-01
         3         2        9.216048e-01
         4         2       -5.555803e-01
         5         2       -5.763703e-01
         6         2       -1.066253e+00
         7         2        5.886079e-01
         8         2        1.157686e+00
         9         2        1.121601e+00
        10         2        1.673454e+00
        11         2       -2.792879e-01
        12         2       -4.656222e-01
        13         2        5.191285e-02
        14         2       -9.279655e-01
        15         2        5.459886e-01
        16         2       -1.722536e-01
        17         2        6.988917e-01
        18         2        2.881990e-01
        19         2       -1.442212e-01
        20         2       -1.344206e+00
        21         2       -1.089232e+00
        22         2       -9.169532e-01
        23         2       -9.963438e-01
        24         2       -7.640485e-01
        25         2       -3.064338e-01
        26         2        1.068375e+00
        27         2       -1.127264e+00
        28         2        9.443358e-02
        29         2       -1.734436e-01
        30         2       -4.397879e-01
        31         2        3.503272e-01
        32         2        1.406875e-01
        33         2       -7.739285e-01
        34         2        9.547149e-01
        35         2       -1.134253e-01
        36         2       -6.417389e-01
        37         2       -8.302175e-02
        38         2        5.130339e-01
        39         2       -1.950878e-01
        40         2        5.062341e-01
        41         2       -4.375916e-01
        42         2        1.588418e-01
        43         2        2.322329e-01
        44         2        1.236938e-01
        45         2       -2.540117e-01
        46         2       -2.186340e+00
        47         2       -7.085804e-01
        48         2        3.584811e-02
        49         2        1.130087e+00
        50         2       -3.012248e-01
        51         2        6.309113e-01
        52         2       -2.000379e-01
        53         2       -1.662597e+00
        54         2        5.386111e-01
        55         2        1.703943e+00
        56         2        6.060604e-01
        57         2       -2.405215e-01
        58         2       -4.889909e-02
        59         2       -1.429069e+00
        60         2        1.109274e+00
        61         2        1.280657e+00
        62         2       -1.185406e+00
        63         2       -8.764835e-01
        64         2       -7.112903e-01
        65         2        4.125562e-01
        66         2        5.656824e-01
        67         2        1.272838e-01
        68         2        2.133993e-01
        69         2        1.795463e-01
        70         2       -8.993818e-01
        71         2       -8.030749e-02
        72         2       -1.572484e+00
        73         2        6.604046e-01
        74         2        1.194144e+00
        75         2        3.144504e-01
        76         2       -1.136867e+00
        77         2        6.371564e-01
        78         2       -4.683651e-01
        79         2       -3.564572e-01
        80         2       -1.825025e+00
        81         2        7.531259e-01
        82         2        6.952834e-01
        83         2       -1.319178e+00
        84         2        4.765272e-01
        85         2        4.025105e-01
        86         2       -1.171361e+00
        87         2        2.931018e-01
        88         2        1.776468e+00
        89         2       -2.127932e-01
        90         2       -6.278520e-01
        91         2       -7.501601e-01
        92         2       -3.781072e-01
        93         2        4.387429e-01
        94         2        5.364383e-01
        95         2        1.469703e+00
        96         2        9.427912e-01
        97         2       -1.252493e-02
        98         2        2.494803e-01
        99         2       -9.790343e-01
       100         2        5.397728e-01
         1         3        1.106977e+00
         2         3       -5.298260e-01
         3         3        9.370044e-01
         4         3       -4.060241e-01
         5         3        2.080556e-01
         6         3        1.306345e+00
         7         3       -8.704940e-01
         8         3       -6.804888e-02
         9         3       -1.689138e+00
        10         3        1.460167e-01
        11         3       -5.896621e-01
        12         3       -9.189285e-01
        13         3       -1.222204e+00
        14         3       -1.286308e+00
        15         3        2.380453e-02
        16         3        2.939208e-02
        17         3       -3.205969e-01
        18         3       -8.142189e-01
        19         3       -2.170705e+00
        20         3       -7.327131e-02
        21         3       -1.414271e+00
        22         3       -1.024403e+00
        23         3        1.044599e+00
        24         3        1.258977e+00
        25         3       -1.202793e+00
        26         3       -7.779334e-01
        27         3       -9.266621e-01
        28         3       -9.467422e-01
        29         3       -3.346887e-02
        30         3       -6.547757e-01
        31         3        1.381319e+00
        32         3        8.191278e-01
        33         3        7.438361e-01
        34         3        5.509030e-01
        35         3        2.369498e+00
        36         3       -1.058828e+00
        37         3        8.643418e-01
        38         3       -1.296891e+00
        39         3       -1.265124e+00
        40         3       -1.247898e+00
        41         3       -1.198311e+00
        42         3       -2.851162e-03
        43         3       -6.637487e-01
        44         3        5.878310e-01
        45         3       -3.624070e-01
        46         3       -1.117120e-01
        47         3        4.472603e-01
        48         3        1.698168e+00
        49         3        8.018485e-01
        50         3       -6.732895e-01
        51         3       -2.145084e+00
        52         3        4.485310e-02
        53         3        3.683206e-01
        54         3       -3.724277e-01
        55         3       -7.946315e-01
        56         3        1.682351e+00
        57         3        1.364026e+00
        58         3       -1.335594e+00
        59         3        6.447611e-01
        60         3        5.163889e-01
        61         3       -3.412795e-02
        62         3       -3.936237e-01
        63         3       -1.811776e+00
        64         3        7.089080e-01
        65         3       -9.433357e-01
        66         3       -4.313014e-01
        67         3        2.779811e-01
        68         3       -1.057793e+00
        69         3        2.126239e-01
        70         3       -7.383947e-01
        71         3        8.090190e-03
        72         3        6.755533e-01
        73         3       -5.332232e-01
        74         3       -1.064769e-01
        75         3        2.008187e+00
        76         3        1.612862e-01
        77         3       -1.616242e+00
        78         3        3.232087e-01
        79         3       -1.592885e+00
        80         3        6.483496e-01
        81         3       -7.310491e-01
        82         3       -8.071111e-01
        83         3        1.000015e+00
        84         3        1.561372e+00
        85         3        1.187772e+00
        86         3        6.439339e-01
        87         3       -5.402018e-01
        88         3        1.429639e+00
        89         3        2.058448e-01
        90         3       -1.098387e+00
        91         3       -7.779325e-01
        92         3       -9.574043e-01
        93         3        2.305835e-01
        94         3        1.766577e+00
        95         3       -1.895941e+00
        96         3        4.765270e-01
        97         3       -1.955927e-01
        98         3        4.849043e-01
        99         3        1.292040e+00
       100         3        9.362082e-01
         1         4        1.912319e+00
         2         4       -7.499599e-01
         3         4       -8.816898e-01
         4         4       -8.196029e-01
         5         4       -5.007992e-01
         6         4       -3.603823e-01
         7         4       -1.375374e-03
         8         4        9.710301e-01
         9         4        1.491146e-01
        10         4        2.035044e+00
        11         4        1.256524e+00
        12         4        2.167712e-01
        13         4       -5.419583e-01
        14         4       -1.346353e+00
        15         4        3.563394e-01
        16         4       -1.982156e+00
        17         4       -2.216340e+00
        18         4       -5.008045e-01
        19         4       -1.433056e-02
        20         4        1.724342e+00
        21         4        6.212650e-01
        22         4        2.650699e-01
        23         4        3.288229e-01
        24         4        1.210238e+00
        25         4        4.730121e-01
        26         4        2.431178e+00
        27         4        1.786682e+00
        28         4       -5.837575e-01
        29         4        6.774187e-01
        30         4        4.120500e-01
        31         4        2.261170e-01
        32         4        9.126958e-01
        33         4       -1.865590e-01
        34         4       -1.004046e+00
        35         4        3.558064e-01
        36         4       -7.037076e-01
        37         4        1.318726e+00
        38         4        3.545212e-01
        39         4        1.101560e+00
        40         4       -5.013436e-01
        41         4       -1.809739e-02
        42         4        6.276320e-01
        43         4       -5.123014e-01
        44         4       -4.930068e-01
        45         4        2.070917e-01
        46         4       -1.922915e+00
        47         4        1.046793e-01
        48         4        5.368284e-01
        49         4       -1.556827e+00
        50         4       -1.622105e+00
        51         4        1.706928e-01
        52         4        4.238050e-02
        53         4        3.743003e-01
        54         4       -6.139114e-01
        55         4        6.860291e-01
        56         4       -5.617591e-01
        57         4       -1.434192e-01
        58         4        2.502701e+00
        59         4        1.373769e+00
        60         4       -6.861652e-01
        61         4       -1.774875e+00
        62         4        7.975183e-01
        63         4       -5.817540e-01
        64         4        1.284505e+00
        65         4        1.677983e+00
        66         4       -1.186820e-01
        67         4        5.414511e-01
        68         4        1.467973e-01
        69         4        1.660594e+00
        70         4       -6.179292e-01
        71         4       -9.442032e-01
        72         4        8.156325e-01
        73         4       -1.149798e+00
        74         4        1.445162e+00
        75         4       -1.523381e+00
        76         4        1.348616e+00
        77         4        7.511015e-01
        78         4       -8.112313e-01
        79         4       -9.588963e-02
        80         4        2.539370e+00
        81         4       -1.377969e-01
        82         4        1.457507e+00
        83         4        6.934001e-01
        84         4        8.705754e-01
        85         4        4.133157e-02
        86         4       -6.331768e-01
        87         4        7.583125e-01
        88         4        6.699494e-01
        89         4        6.882586e-01
        90         4        8.722047e-01
        91         4        1.901891e+00
        92         4       -1.709495e+00
        93         4        5.893653e-01
        94         4       -8.550495e-01
        95         4        1.723740e-01
        96         4       -1.309929e+00
        97         4        1.116227e+00
        98         4       -2.090193e-01
        99         4       -3.291380e-02
       100         4        9.198025e-01
         1         5        1.347236e+00
         2         5        1.760443e+00
         3         5       -1.112831e+00
         4         5        2.508915e-01
         5         5        7.209065e-01
         6         5        1.203107e+00
         7         5       -1.088974e+00
         8         5        1.555677e+00
         9         5       -8.828748e-01
        10         5       -5.687176e-01
        11         5       -7.605161e-01
        12         5        8.147740e-01
        13         5        7.974070e-01
        14         5       -6.106218e-01
        15         5       -3.984510e-01
        16         5        6.241156e-01
        17         5       -4.498791e-01
        18         5       -9.886820e-01
        19         5        1.403247e+00
        20         5       -7.074072e-01
        21         5       -8.317546e-01
        22         5       -1.484413e+00
        23         5       -8.267949e-01
        24         5        6.851221e-01
        25         5       -2.136488e+00
        26         5        2.285921e-01
        27         5        6.829653e-01
        28         5        4.070993e-03
        29         5       -6.646350e-01
        30         5        8.779189e-01
        31         5       -9.587786e-01
        32         5        3.171639e-01
        33         5        1.180018e+00
        34         5        1.477670e+00
        35         5        2.618785e-02
        36         5       -4.853012e-01
        37         5       -5.868631e-01
        38         5        1.473226e+00
        39         5       -6.801215e-03
        40         5       -1.246949e-02
        41         5       -5.641219e-01
        42         5        2.657109e+00
        43         5       -7.656539e-01
        44         5        9.693274e-01
        45         5       -3.131091e-01
        46         5        2.091894e-01
        47         5        1.032651e+00
        48         5        3.846962e-01
        49         5       -1.292732e+00
        50         5        1.404187e+00
        51         5       -9.655325e-01
        52         5        1.818270e+00
        53         5       -5.027030e-01
        54         5       -5.994726e-02
        55         5       -2.739573e-01
        56         5       -7.805665e-01
        57         5        3.479252e-01
        58         5       -6.864658e-01
        59         5        1.336375e+00
        60         5       -2.187350e-02
        61         5       -6.985688e-01
        62         5        2.207999e-01
        63         5        1.226403e+00
        64         5        3.806531e-01
        65         5        9.699510e-01
        66         5       -1.101955e+00
        67         5        1.218030e+00
        68         5        1.713321e-01
        69         5       -5.367775e-01
        70         5       -1.880472e+00
        71         5        7.362493e-01
        72         5        9.766311e-01
        73         5        2.147307e+00
        74         5        7.759653e-01
        75         5        4.284525e-01
        76         5       -1.567668e+00
        77         5        4.178494e-01
        78         5       -8.089421e-01
        79         5        1.698539e+00
        80         5       -9.773094e-01
        81         5       -1.475943e+00
        82         5        2.341607e+00
        83         5       -4.129509e-01
        84         5       -1.082374e-01
        85         5       -1.178250e+00
        86         5        3.012113e-02
        87         5        5.225175e-02
        88         5        8.328717e-01
        89         5        1.209931e+00
        90         5        1.657388e-01
        91         5        3.369163e-01
        92         5       -1.260399e+00
        93         5        6.631793e-01
        94         5        1.714566e+00
        95         5       -1.185226e+00
        96         5       -2.074262e-01
        97         5       -7.767250e-01
        98         5        9.651645e-01
        99         5        7.691110e-01
       100         5       -1.431027e+00
;
param X_Original:=
    1       -1.642683e+00
    2        6.210802e-01
    3        5.627437e-01
    4        2.062367e-01
    5        1.217706e+00
    6        9.003967e-01
    7       -1.202243e+00
    8        1.847108e-01
    9        4.837831e-01
   10        4.330062e-02
   11        2.808345e-01
   12       -1.660342e+00
   13       -1.042561e+00
   14       -1.917294e+00
   15       -6.632057e-01
   16        6.946465e-01
   17       -2.507988e+00
   18       -2.143307e+00
   19       -6.364647e-01
   20       -6.998199e-02
   21       -1.386386e+00
   22       -1.190749e+00
   23        1.158856e+00
   24        1.035271e-02
   25       -3.450926e-01
   26        7.196519e-01
   27        2.416021e+00
   28       -1.650913e+00
   29       -2.034538e+00
   30       -6.820319e-01
   31       -9.275998e-01
   32       -3.556780e-01
   33        2.056165e+00
   34       -6.095222e-01
   35       -2.764763e-01
   36       -1.353288e+00
   37        1.235810e+00
   38        2.154209e-01
   39        3.315995e-01
   40       -5.151309e-01
   41        4.923169e-01
   42        3.087307e+00
   43        3.433446e-02
   44        6.964865e-01
   45       -1.713573e+00
   46        2.034160e-01
   47        5.284315e-01
   48       -8.197553e-02
   49       -3.346895e+00
   50       -6.675641e-01
   51       -3.364623e+00
   52       -1.603637e+00
   53       -7.672715e-01
   54       -1.397659e+00
   55       -1.579354e+00
   56        7.619730e-01
   57        1.375247e+00
   58       -5.245838e-01
   59       -1.638783e-01
   60       -1.526508e-01
   61       -3.234792e+00
   62        1.554995e+00
   63        1.150082e+00
   64        1.284743e-01
   65       -1.626878e+00
   66       -4.400063e-01
   67       -1.598069e+00
   68        7.023766e-01
   69        8.088380e-01
   70        1.584988e-01
   71       -8.762793e-01
   72        3.435193e+00
   73       -1.259217e-01
   74        1.396585e+00
   75        1.726759e-01
   76       -3.704224e-01
   77       -7.604308e-01
   78       -6.331945e-01
   79        1.945938e+00
   80       -1.376697e+00
   81       -4.984373e-01
   82       -1.872478e+00
   83        1.408281e+00
   84       -8.810984e-01
   85        5.445970e-01
   86        4.559462e-01
   87       -7.465651e-02
   88       -3.003345e-01
   89       -7.125112e-01
   90        1.698248e+00
   91       -7.780799e-01
   92        1.266285e+00
   93        5.280327e-01
   94       -3.553850e-01
   95       -1.027105e+00
   96        1.020963e+00
   97        8.431186e-01
   98       -1.871788e+00
   99        2.464895e+00
  100       -2.005449e-01
;
param outliervec_original :=
    1    1
    2    1
    3    1
    4    1
    5    0
    6    1
    7    1
    8    1
    9    1
   10    1
   11    1
   12    1
   13    0
   14    1
   15    1
   16    1
   17    0
   18    0
   19    1
   20    1
   21    1
   22    0
   23    0
   24    1
   25    1
   26    1
   27    0
   28    1
   29    1
   30    1
   31    0
   32    1
   33    0
   34    1
   35    1
   36    1
   37    1
   38    0
   39    1
   40    1
   41    1
   42    0
   43    1
   44    1
   45    1
   46    1
   47    1
   48    1
   49    0
   50    1
   51    0
   52    1
   53    1
   54    0
   55    0
   56    1
   57    1
   58    1
   59    1
   60    1
   61    0
   62    0
   63    1
   64    1
   65    1
   66    1
   67    1
   68    1
   69    1
   70    1
   71    1
   72    0
   73    1
   74    1
   75    1
   76    1
   77    1
   78    1
   79    1
   80    1
   81    1
   82    1
   83    0
   84    1
   85    1
   86    0
   87    0
   88    1
   89    1
   90    1
   91    1
   92    1
   93    1
   94    1
   95    1
   96    1
   97    1
   98    1
   99    0
  100    1
;
param d:= 76;
param r:=5;
param p:=0.780000;
param M:=1000;
param U:=
         1         1        7.362714e-01
         2         1       -1.144176e-01
         3         1        6.232666e-01
         4         1        1.495096e+00
         5         1       -8.203858e-01
         6         1       -2.304791e+00
         7         1        2.743132e-01
         8         1        1.532171e+00
         9         1       -1.867950e+00
        10         1        8.534161e-01
        11         1        9.323950e-01
        12         1        1.694293e+00
        13         1        2.478754e-01
        14         1       -2.497330e-01
        15         1        4.415412e-01
        16         1       -1.177194e+00
        17         1        9.460096e-01
        18         1        1.247115e+00
        19         1       -1.082865e+00
        20         1       -2.271857e-01
        21         1        6.267944e-01
        22         1       -2.503776e-01
        23         1       -9.995036e-01
        24         1       -1.618280e+00
        25         1        1.193824e-01
        26         1       -1.004282e+00
        27         1       -2.264662e+00
        28         1       -2.751671e-01
        29         1       -1.487285e+00
        30         1       -5.449865e-01
        31         1       -1.115792e+00
        32         1       -4.169260e-01
        33         1       -3.206189e-01
        34         1        1.110152e+00
        35         1       -1.166029e+00
        36         1       -6.428803e-01
        37         1       -1.584832e+00
        38         1       -1.030700e+00
        39         1       -2.833718e-01
        40         1       -5.183187e-02
        41         1       -2.115840e+00
        42         1        2.835914e-01
        43         1       -2.875711e-01
        44         1       -4.665833e-01
        45         1        2.724262e-01
        46         1       -9.429991e-01
        47         1       -2.217441e+00
        48         1        8.937367e-01
        49         1       -5.119918e-01
        50         1        5.462565e-01
        51         1        1.608496e-01
        52         1       -4.049733e-02
        53         1       -8.442793e-02
        54         1       -7.910316e-01
        55         1        5.211428e-01
        56         1        6.986465e-01
        57         1        7.442924e-01
        58         1        3.466220e-01
        59         1        6.075937e-01
        60         1        1.599295e+00
        61         1        9.311661e-01
        62         1       -6.659050e-02
        63         1        1.574167e+00
        64         1       -2.685963e-01
        65         1       -3.946908e-01
        66         1        1.355470e+00
        67         1       -1.243057e+00
        68         1       -2.233236e-01
        69         1        1.237213e+00
        70         1        1.622724e+00
        71         1       -1.196621e+00
        72         1        6.275493e-01
        73         1        3.600968e-01
        74         1       -1.426789e+00
        75         1       -1.019785e-01
        76         1        1.885729e+00
         1         2       -9.126996e-01
         2         2       -5.555803e-01
         3         2       -5.763703e-01
         4         2       -1.066253e+00
         5         2        5.886079e-01
         6         2        1.157686e+00
         7         2        1.673454e+00
         8         2       -2.792879e-01
         9         2        5.191285e-02
        10         2       -9.279655e-01
        11         2        5.459886e-01
        12         2       -1.722536e-01
        13         2        6.988917e-01
        14         2        2.881990e-01
        15         2       -1.442212e-01
        16         2       -1.089232e+00
        17         2       -9.169532e-01
        18         2       -9.963438e-01
        19         2       -3.064338e-01
        20         2        1.068375e+00
        21         2       -1.127264e+00
        22         2        9.443358e-02
        23         2       -4.397879e-01
        24         2        3.503272e-01
        25         2        1.406875e-01
        26         2       -7.739285e-01
        27         2        9.547149e-01
        28         2       -1.134253e-01
        29         2       -6.417389e-01
        30         2       -8.302175e-02
        31         2        5.130339e-01
        32         2       -1.950878e-01
        33         2        5.062341e-01
        34         2       -4.375916e-01
        35         2        1.588418e-01
        36         2        1.236938e-01
        37         2       -2.540117e-01
        38         2       -2.186340e+00
        39         2       -7.085804e-01
        40         2        3.584811e-02
        41         2        1.130087e+00
        42         2       -3.012248e-01
        43         2        6.309113e-01
        44         2        5.386111e-01
        45         2        1.703943e+00
        46         2       -2.405215e-01
        47         2       -4.889909e-02
        48         2        1.109274e+00
        49         2        1.280657e+00
        50         2       -1.185406e+00
        51         2       -8.764835e-01
        52         2        5.656824e-01
        53         2        2.133993e-01
        54         2        1.795463e-01
        55         2       -8.993818e-01
        56         2       -8.030749e-02
        57         2       -1.572484e+00
        58         2        6.604046e-01
        59         2        1.194144e+00
        60         2        3.144504e-01
        61         2       -1.136867e+00
        62         2        6.371564e-01
        63         2       -4.683651e-01
        64         2       -3.564572e-01
        65         2       -1.319178e+00
        66         2        4.025105e-01
        67         2       -1.171361e+00
        68         2        2.931018e-01
        69         2        1.776468e+00
        70         2       -6.278520e-01
        71         2        4.387429e-01
        72         2        5.364383e-01
        73         2        1.469703e+00
        74         2       -1.252493e-02
        75         2       -9.790343e-01
        76         2        5.397728e-01
         1         3       -5.298260e-01
         2         3       -4.060241e-01
         3         3        2.080556e-01
         4         3        1.306345e+00
         5         3       -8.704940e-01
         6         3       -6.804888e-02
         7         3        1.460167e-01
         8         3       -5.896621e-01
         9         3       -1.222204e+00
        10         3       -1.286308e+00
        11         3        2.380453e-02
        12         3        2.939208e-02
        13         3       -3.205969e-01
        14         3       -8.142189e-01
        15         3       -2.170705e+00
        16         3       -1.414271e+00
        17         3       -1.024403e+00
        18         3        1.044599e+00
        19         3       -1.202793e+00
        20         3       -7.779334e-01
        21         3       -9.266621e-01
        22         3       -9.467422e-01
        23         3       -6.547757e-01
        24         3        1.381319e+00
        25         3        8.191278e-01
        26         3        7.438361e-01
        27         3        5.509030e-01
        28         3        2.369498e+00
        29         3       -1.058828e+00
        30         3        8.643418e-01
        31         3       -1.296891e+00
        32         3       -1.265124e+00
        33         3       -1.247898e+00
        34         3       -1.198311e+00
        35         3       -2.851162e-03
        36         3        5.878310e-01
        37         3       -3.624070e-01
        38         3       -1.117120e-01
        39         3        4.472603e-01
        40         3        1.698168e+00
        41         3        8.018485e-01
        42         3       -6.732895e-01
        43         3       -2.145084e+00
        44         3       -3.724277e-01
        45         3       -7.946315e-01
        46         3        1.364026e+00
        47         3       -1.335594e+00
        48         3        5.163889e-01
        49         3       -3.412795e-02
        50         3       -3.936237e-01
        51         3       -1.811776e+00
        52         3       -4.313014e-01
        53         3       -1.057793e+00
        54         3        2.126239e-01
        55         3       -7.383947e-01
        56         3        8.090190e-03
        57         3        6.755533e-01
        58         3       -5.332232e-01
        59         3       -1.064769e-01
        60         3        2.008187e+00
        61         3        1.612862e-01
        62         3       -1.616242e+00
        63         3        3.232087e-01
        64         3       -1.592885e+00
        65         3        1.000015e+00
        66         3        1.187772e+00
        67         3        6.439339e-01
        68         3       -5.402018e-01
        69         3        1.429639e+00
        70         3       -1.098387e+00
        71         3        2.305835e-01
        72         3        1.766577e+00
        73         3       -1.895941e+00
        74         3       -1.955927e-01
        75         3        1.292040e+00
        76         3        9.362082e-01
         1         4       -7.499599e-01
         2         4       -8.196029e-01
         3         4       -5.007992e-01
         4         4       -3.603823e-01
         5         4       -1.375374e-03
         6         4        9.710301e-01
         7         4        2.035044e+00
         8         4        1.256524e+00
         9         4       -5.419583e-01
        10         4       -1.346353e+00
        11         4        3.563394e-01
        12         4       -1.982156e+00
        13         4       -2.216340e+00
        14         4       -5.008045e-01
        15         4       -1.433056e-02
        16         4        6.212650e-01
        17         4        2.650699e-01
        18         4        3.288229e-01
        19         4        4.730121e-01
        20         4        2.431178e+00
        21         4        1.786682e+00
        22         4       -5.837575e-01
        23         4        4.120500e-01
        24         4        2.261170e-01
        25         4        9.126958e-01
        26         4       -1.865590e-01
        27         4       -1.004046e+00
        28         4        3.558064e-01
        29         4       -7.037076e-01
        30         4        1.318726e+00
        31         4        3.545212e-01
        32         4        1.101560e+00
        33         4       -5.013436e-01
        34         4       -1.809739e-02
        35         4        6.276320e-01
        36         4       -4.930068e-01
        37         4        2.070917e-01
        38         4       -1.922915e+00
        39         4        1.046793e-01
        40         4        5.368284e-01
        41         4       -1.556827e+00
        42         4       -1.622105e+00
        43         4        1.706928e-01
        44         4       -6.139114e-01
        45         4        6.860291e-01
        46         4       -1.434192e-01
        47         4        2.502701e+00
        48         4       -6.861652e-01
        49         4       -1.774875e+00
        50         4        7.975183e-01
        51         4       -5.817540e-01
        52         4       -1.186820e-01
        53         4        1.467973e-01
        54         4        1.660594e+00
        55         4       -6.179292e-01
        56         4       -9.442032e-01
        57         4        8.156325e-01
        58         4       -1.149798e+00
        59         4        1.445162e+00
        60         4       -1.523381e+00
        61         4        1.348616e+00
        62         4        7.511015e-01
        63         4       -8.112313e-01
        64         4       -9.588963e-02
        65         4        6.934001e-01
        66         4        4.133157e-02
        67         4       -6.331768e-01
        68         4        7.583125e-01
        69         4        6.699494e-01
        70         4        8.722047e-01
        71         4        5.893653e-01
        72         4       -8.550495e-01
        73         4        1.723740e-01
        74         4        1.116227e+00
        75         4       -3.291380e-02
        76         4        9.198025e-01
         1         5        1.760443e+00
         2         5        2.508915e-01
         3         5        7.209065e-01
         4         5        1.203107e+00
         5         5       -1.088974e+00
         6         5        1.555677e+00
         7         5       -5.687176e-01
         8         5       -7.605161e-01
         9         5        7.974070e-01
        10         5       -6.106218e-01
        11         5       -3.984510e-01
        12         5        6.241156e-01
        13         5       -4.498791e-01
        14         5       -9.886820e-01
        15         5        1.403247e+00
        16         5       -8.317546e-01
        17         5       -1.484413e+00
        18         5       -8.267949e-01
        19         5       -2.136488e+00
        20         5        2.285921e-01
        21         5        6.829653e-01
        22         5        4.070993e-03
        23         5        8.779189e-01
        24         5       -9.587786e-01
        25         5        3.171639e-01
        26         5        1.180018e+00
        27         5        1.477670e+00
        28         5        2.618785e-02
        29         5       -4.853012e-01
        30         5       -5.868631e-01
        31         5        1.473226e+00
        32         5       -6.801215e-03
        33         5       -1.246949e-02
        34         5       -5.641219e-01
        35         5        2.657109e+00
        36         5        9.693274e-01
        37         5       -3.131091e-01
        38         5        2.091894e-01
        39         5        1.032651e+00
        40         5        3.846962e-01
        41         5       -1.292732e+00
        42         5        1.404187e+00
        43         5       -9.655325e-01
        44         5       -5.994726e-02
        45         5       -2.739573e-01
        46         5        3.479252e-01
        47         5       -6.864658e-01
        48         5       -2.187350e-02
        49         5       -6.985688e-01
        50         5        2.207999e-01
        51         5        1.226403e+00
        52         5       -1.101955e+00
        53         5        1.713321e-01
        54         5       -5.367775e-01
        55         5       -1.880472e+00
        56         5        7.362493e-01
        57         5        9.766311e-01
        58         5        2.147307e+00
        59         5        7.759653e-01
        60         5        4.284525e-01
        61         5       -1.567668e+00
        62         5        4.178494e-01
        63         5       -8.089421e-01
        64         5        1.698539e+00
        65         5       -4.129509e-01
        66         5       -1.178250e+00
        67         5        3.012113e-02
        68         5        5.225175e-02
        69         5        8.328717e-01
        70         5        1.657388e-01
        71         5        6.631793e-01
        72         5        1.714566e+00
        73         5       -1.185226e+00
        74         5       -7.767250e-01
        75         5        7.691110e-01
        76         5       -1.431027e+00
;

param theta:=
    1        3.689014e-01
    2       -6.852283e-01
    3        7.479494e-01
    4        6.416823e-01
    5        1.153082e+00
;
param X_true:=
    1        2.130902e+00
    2       -1.494988e-01
    3        1.217706e+00
    4        3.256717e+00
    5       -2.525454e+00
    6        7.350654e-01
    7       -3.645840e-01
    8        1.904526e-01
    9       -1.042561e+00
   10       -1.545497e+00
   11       -3.367704e-01
   12        3.663003e-01
   13       -2.507988e+00
   14       -2.143307e+00
   15        1.024767e-01
   16       -1.174687e+00
   17       -1.190749e+00
   18        1.158856e+00
   19       -3.299159e+00
   20        4.117873e-01
   21        2.416021e+00
   22       -1.290441e+00
   23        5.968251e-01
   24       -9.275998e-01
   25        1.543161e+00
   26        2.056165e+00
   27       -1.358740e-01
   28        1.938970e+00
   29       -1.927334e+00
   30        7.043472e-01
   31        2.154209e-01
   32       -1.570590e-01
   33       -1.684238e+00
   34       -7.551774e-01
   35        3.087307e+00
   36        1.015737e+00
   37       -7.771926e-01
   38        2.372654e-01
   39        1.922932e+00
   40        2.085874e+00
   41       -3.346895e+00
   42        3.490791e-01
   43       -3.364623e+00
   44       -1.397659e+00
   45       -1.579354e+00
   46        1.105186e+00
   47       -9.533115e-01
   48       -4.831060e-01
   49       -3.234792e+00
   50        1.554995e+00
   51        2.358426e-01
   52       -1.998936e+00
   53       -6.520727e-01
   54        1.451775e-01
   55       -2.095777e+00
   56        7.200248e-01
   57        3.435193e+00
   58        1.002740e+00
   59        1.224040e+00
   60        1.290931e+00
   61        2.299128e-01
   62       -7.764939e-01
   63       -3.376318e-01
   64        6.000313e-01
   65        1.408281e+00
   66       -3.678347e-01
   67        4.559462e-01
   68       -7.465651e-02
   69        1.796023e+00
   70        9.884023e-01
   71        4.711460e-01
   72        2.802987e+00
   73       -3.426805e+00
   74       -8.176605e-01
   75        2.464895e+00
   76        5.111166e-03
;
param X:=
    1        6.210802e-01
    2        2.062367e-01
    3        1.217706e+00
    4        9.003967e-01
    5       -1.202243e+00
    6        1.847108e-01
    7        4.330062e-02
    8        2.808345e-01
    9       -1.042561e+00
   10       -1.917294e+00
   11       -6.632057e-01
   12        6.946465e-01
   13       -2.507988e+00
   14       -2.143307e+00
   15       -6.364647e-01
   16       -1.386386e+00
   17       -1.190749e+00
   18        1.158856e+00
   19       -3.450926e-01
   20        7.196519e-01
   21        2.416021e+00
   22       -1.650913e+00
   23       -6.820319e-01
   24       -9.275998e-01
   25       -3.556780e-01
   26        2.056165e+00
   27       -6.095222e-01
   28       -2.764763e-01
   29       -1.353288e+00
   30        1.235810e+00
   31        2.154209e-01
   32        3.315995e-01
   33       -5.151309e-01
   34        4.923169e-01
   35        3.087307e+00
   36        6.964865e-01
   37       -1.713573e+00
   38        2.034160e-01
   39        5.284315e-01
   40       -8.197553e-02
   41       -3.346895e+00
   42       -6.675641e-01
   43       -3.364623e+00
   44       -1.397659e+00
   45       -1.579354e+00
   46        1.375247e+00
   47       -5.245838e-01
   48       -1.526508e-01
   49       -3.234792e+00
   50        1.554995e+00
   51        1.150082e+00
   52       -4.400063e-01
   53        7.023766e-01
   54        8.088380e-01
   55        1.584988e-01
   56       -8.762793e-01
   57        3.435193e+00
   58       -1.259217e-01
   59        1.396585e+00
   60        1.726759e-01
   61       -3.704224e-01
   62       -7.604308e-01
   63       -6.331945e-01
   64        1.945938e+00
   65        1.408281e+00
   66        5.445970e-01
   67        4.559462e-01
   68       -7.465651e-02
   69       -3.003345e-01
   70        1.698248e+00
   71        5.280327e-01
   72       -3.553850e-01
   73       -1.027105e+00
   74        8.431186e-01
   75        2.464895e+00
   76       -2.005449e-01
;
param outliervec:=
    1    1
    2    1
    3    0
    4    1
    5    1
    6    1
    7    1
    8    1
    9    0
   10    1
   11    1
   12    1
   13    0
   14    0
   15    1
   16    1
   17    0
   18    0
   19    1
   20    1
   21    0
   22    1
   23    1
   24    0
   25    1
   26    0
   27    1
   28    1
   29    1
   30    1
   31    0
   32    1
   33    1
   34    1
   35    0
   36    1
   37    1
   38    1
   39    1
   40    1
   41    0
   42    1
   43    0
   44    0
   45    0
   46    1
   47    1
   48    1
   49    0
   50    0
   51    1
   52    1
   53    1
   54    1
   55    1
   56    1
   57    0
   58    1
   59    1
   60    1
   61    1
   62    1
   63    1
   64    1
   65    0
   66    1
   67    0
   68    0
   69    1
   70    1
   71    1
   72    1
   73    1
   74    1
   75    0
   76    1
; 
param greedy_time :=         3.523980e-01
;