data;


param FN:= 0;
param D:= 100;
param U_Original:=
         1         1        1.766971e+00
         2         1       -1.881681e+00
         3         1       -1.082003e+00
         4         1       -7.820722e-01
         5         1       -1.617569e+00
         6         1        2.651124e-01
         7         1       -1.984530e+00
         8         1        6.673870e-01
         9         1       -2.657642e-01
        10         1        4.311090e-01
        11         1        4.870171e-03
        12         1       -1.213506e-01
        13         1       -6.476493e-01
        14         1       -2.665491e+00
        15         1       -7.976571e-01
        16         1        4.682378e-01
        17         1        1.924235e+00
        18         1       -3.145135e-01
        19         1       -6.820196e-01
        20         1        4.578233e-01
        21         1        5.349678e-01
        22         1        9.265769e-01
        23         1       -9.117330e-02
        24         1        7.466061e-01
        25         1       -5.016898e-01
        26         1       -1.774239e+00
        27         1       -1.241742e+00
        28         1       -1.170673e+00
        29         1        1.432517e+00
        30         1        1.637076e+00
        31         1       -2.767569e-01
        32         1       -6.074901e-01
        33         1       -1.252181e+00
        34         1       -2.623095e-01
        35         1        1.257194e+00
        36         1       -1.419800e+00
        37         1        2.157247e+00
        38         1        8.166486e-01
        39         1       -3.791525e-01
        40         1       -2.793473e-01
        41         1       -6.391037e-01
        42         1        6.277071e-01
        43         1       -6.274991e-01
        44         1        1.486014e+00
        45         1        5.457891e-01
        46         1        8.910033e-02
        47         1        2.100464e-01
        48         1        2.052903e+00
        49         1       -1.576947e-01
        50         1       -3.144187e-01
        51         1        3.130867e-01
        52         1       -6.897550e-01
        53         1        1.722269e+00
        54         1        5.210553e-01
        55         1       -1.638879e+00
        56         1        2.523280e-01
        57         1       -6.615266e-01
        58         1        4.811741e-01
        59         1       -1.703282e+00
        60         1       -1.530190e+00
        61         1        2.826042e+00
        62         1        1.009843e-01
        63         1       -1.581437e+00
        64         1       -2.909259e+00
        65         1       -6.633463e-01
        66         1        1.212626e+00
        67         1        8.803892e-01
        68         1       -6.674239e-01
        69         1        4.447828e-02
        70         1        3.595935e-01
        71         1        1.128795e+00
        72         1        1.425453e+00
        73         1        1.384184e+00
        74         1       -2.433343e+00
        75         1        7.082393e-01
        76         1        2.863458e+00
        77         1       -4.234608e-02
        78         1       -1.347742e+00
        79         1        5.603087e-02
        80         1       -1.603482e-01
        81         1       -6.356866e-01
        82         1        4.370083e-01
        83         1        4.534265e-01
        84         1       -2.192528e-01
        85         1       -1.390130e+00
        86         1        5.906528e-01
        87         1        2.164852e-01
        88         1       -5.682302e-01
        89         1        6.778461e-01
        90         1       -2.344868e-01
        91         1       -1.211149e+00
        92         1       -1.376423e+00
        93         1        2.962489e-01
        94         1        5.705176e-01
        95         1       -4.625241e-01
        96         1       -6.623435e-02
        97         1        3.656549e-01
        98         1       -2.134655e-01
        99         1        4.719110e-01
       100         1       -1.189401e+00
         1         2       -4.076135e-01
         2         2        4.534725e-01
         3         2       -2.293258e+00
         4         2        9.303228e-01
         5         2       -1.222501e+00
         6         2        4.381610e-01
         7         2        1.073140e+00
         8         2        7.779049e-01
         9         2        5.468799e-01
        10         2       -1.703447e+00
        11         2        7.379582e-01
        12         2        4.559322e-01
        13         2       -1.144080e+00
        14         2        5.966427e-01
        15         2       -5.968576e-01
        16         2        3.248967e-01
        17         2       -1.043553e+00
        18         2       -5.140206e-01
        19         2       -1.021165e+00
        20         2       -5.594099e-01
        21         2       -9.983552e-01
        22         2       -2.786539e-01
        23         2        1.313560e-01
        24         2        5.257463e-01
        25         2       -3.668654e-02
        26         2       -7.657772e-01
        27         2        6.552227e-01
        28         2       -7.039798e-01
        29         2       -1.953686e+00
        30         2        1.398478e+00
        31         2       -1.548606e-01
        32         2        2.336967e-02
        33         2       -8.041543e-01
        34         2       -1.971049e+00
        35         2       -1.565925e+00
        36         2        1.068956e+00
        37         2        1.651973e+00
        38         2       -8.530941e-01
        39         2        3.628441e+00
        40         2        4.406492e-01
        41         2       -9.388171e-01
        42         2        7.858894e-01
        43         2       -5.630400e-01
        44         2        1.328428e+00
        45         2       -3.847732e-01
        46         2       -3.506979e-01
        47         2       -1.498446e+00
        48         2        1.356573e+00
        49         2       -1.194275e+00
        50         2       -1.036162e+00
        51         2       -9.234564e-01
        52         2       -2.439080e-01
        53         2       -7.075827e-01
        54         2        9.759850e-01
        55         2        5.924860e-01
        56         2       -5.800465e-01
        57         2        8.142692e-01
        58         2       -2.299150e-01
        59         2        5.809067e-01
        60         2        7.788972e-01
        61         2        1.463756e+00
        62         2        8.173098e-01
        63         2       -2.330793e-01
        64         2       -2.532533e+00
        65         2       -8.932674e-02
        66         2       -1.512281e+00
        67         2       -2.799850e-02
        68         2        2.139342e-01
        69         2       -2.725611e-01
        70         2       -4.803713e-01
        71         2        1.879328e+00
        72         2       -1.822867e+00
        73         2        1.357675e+00
        74         2        2.747109e-01
        75         2       -2.047443e+00
        76         2       -8.025343e-01
        77         2        2.481774e-01
        78         2       -3.178994e+00
        79         2        1.376056e+00
        80         2       -6.250273e-02
        81         2        7.627513e-01
        82         2        1.675529e-01
        83         2       -2.256381e-01
        84         2        7.516535e-01
        85         2       -1.395952e+00
        86         2        3.353623e-01
        87         2       -6.625352e-01
        88         2        6.405944e-01
        89         2        3.067960e-01
        90         2        9.994072e-01
        91         2        9.810830e-01
        92         2        4.590933e-01
        93         2        1.192387e+00
        94         2        3.073856e-01
        95         2       -5.720821e-01
        96         2       -6.728042e-01
        97         2        4.010499e-01
        98         2       -1.542304e+00
        99         2       -9.284277e-01
       100         2        4.442944e-01
         1         3        8.095362e-02
         2         3        1.463749e+00
         3         3       -9.895066e-02
         4         3        1.130464e+00
         5         3        8.671118e-01
         6         3       -9.931239e-01
         7         3       -5.253267e-01
         8         3        6.193528e-01
         9         3        1.066369e+00
        10         3        1.150107e+00
        11         3        2.091836e+00
        12         3       -1.322206e+00
        13         3        7.305821e-01
        14         3        3.236396e-01
        15         3        5.262094e-01
        16         3        4.491574e-01
        17         3       -1.807044e+00
        18         3        4.495670e-02
        19         3       -1.249586e+00
        20         3        1.175004e-01
        21         3        2.691384e-01
        22         3        4.829940e-01
        23         3       -7.115567e-01
        24         3        8.538194e-01
        25         3       -1.861927e+00
        26         3        1.349165e+00
        27         3        1.670448e-01
        28         3       -1.481281e+00
        29         3        2.559837e-01
        30         3       -4.232095e-01
        31         3       -1.094172e+00
        32         3        1.014812e+00
        33         3       -6.307142e-01
        34         3        1.975007e-01
        35         3        2.542843e-01
        36         3        1.379074e+00
        37         3       -1.612357e+00
        38         3       -1.715715e+00
        39         3        7.570594e-01
        40         3       -1.097931e+00
        41         3       -6.320358e-02
        42         3        1.829665e+00
        43         3        2.004725e+00
        44         3       -6.597393e-01
        45         3        5.466228e-02
        46         3       -2.587412e-01
        47         3        1.036688e-01
        48         3        1.536845e+00
        49         3       -1.263200e+00
        50         3        2.414967e-01
        51         3        4.520744e-01
        52         3        2.286060e+00
        53         3       -2.063679e-01
        54         3       -3.086716e-01
        55         3       -5.173305e-01
        56         3       -1.271882e+00
        57         3        1.317691e-01
        58         3       -3.833095e-01
        59         3       -4.870546e-01
        60         3        2.301605e+00
        61         3       -2.003074e-01
        62         3       -9.147337e-01
        63         3       -1.250617e+00
        64         3        5.245661e-01
        65         3       -6.311417e-02
        66         3        1.352666e+00
        67         3       -1.403654e+00
        68         3        9.572657e-02
        69         3        1.644267e-01
        70         3        6.595760e-01
        71         3       -1.392541e-01
        72         3       -1.586540e+00
        73         3        1.701350e+00
        74         3        6.033582e-01
        75         3       -1.072293e+00
        76         3        9.362430e-01
        77         3        8.305529e-01
        78         3        1.280790e-01
        79         3        2.052308e-02
        80         3       -6.831989e-01
        81         3       -9.085913e-02
        82         3        1.713410e-01
        83         3        2.972145e-01
        84         3       -1.200614e-01
        85         3       -1.194528e+00
        86         3       -1.104134e+00
        87         3       -2.060699e+00
        88         3       -4.272482e-01
        89         3       -7.200525e-01
        90         3       -1.572788e+00
        91         3        4.418858e-03
        92         3       -6.144521e-01
        93         3        1.337572e+00
        94         3       -2.139909e-01
        95         3       -1.994565e-01
        96         3        7.513105e-01
        97         3       -1.081757e+00
        98         3        3.559422e-01
        99         3        6.866542e-01
       100         3       -1.154622e+00
         1         4        9.105100e-01
         2         4       -3.557292e-01
         3         4       -4.839904e-01
         4         4        1.272230e+00
         5         4        9.985836e-01
         6         4        1.135286e+00
         7         4        1.083010e+00
         8         4        3.525290e-03
         9         4        1.894684e+00
        10         4       -1.271010e+00
        11         4        1.698409e+00
        12         4       -1.520123e+00
        13         4        2.354945e-01
        14         4        9.981041e-01
        15         4        7.621242e-01
        16         4        1.320099e+00
        17         4        9.140802e-01
        18         4        8.997133e-01
        19         4        2.144261e+00
        20         4       -2.926139e-01
        21         4        1.363833e-01
        22         4       -4.512742e-01
        23         4        2.685132e-01
        24         4       -1.420550e-01
        25         4       -4.853498e-01
        26         4        8.405387e-01
        27         4        1.166333e+00
        28         4        8.265722e-01
        29         4        1.922818e+00
        30         4        3.483358e-01
        31         4       -3.624655e+00
        32         4       -6.163743e-01
        33         4        9.390426e-01
        34         4        3.079665e-01
        35         4        9.781612e-01
        36         4        9.564042e-02
        37         4       -2.232747e-01
        38         4       -4.164007e-01
        39         4        1.334697e+00
        40         4       -5.385560e-01
        41         4       -3.049746e-01
        42         4        1.026579e+00
        43         4       -5.983933e-01
        44         4       -2.476270e-01
        45         4        1.190910e+00
        46         4       -9.797379e-01
        47         4        1.464828e+00
        48         4        3.437178e-01
        49         4       -1.885504e-01
        50         4        9.907642e-03
        51         4       -3.165392e-01
        52         4       -7.385941e-01
        53         4        9.654072e-01
        54         4       -4.578617e-01
        55         4       -8.512567e-01
        56         4       -2.498892e+00
        57         4       -5.108288e-01
        58         4        8.404959e-02
        59         4        6.010434e-01
        60         4       -1.104003e+00
        61         4        6.029901e-01
        62         4       -5.624488e-01
        63         4        3.277806e+00
        64         4        1.412711e+00
        65         4        3.754620e-01
        66         4       -5.447129e-01
        67         4        1.086474e+00
        68         4       -4.934919e-01
        69         4        2.583181e+00
        70         4       -7.519301e-01
        71         4       -1.505093e+00
        72         4       -5.674581e-01
        73         4        3.503440e-01
        74         4       -8.031197e-01
        75         4       -9.260546e-01
        76         4       -8.370680e-01
        77         4        1.226144e+00
        78         4        8.544936e-01
        79         4       -7.019750e-03
        80         4       -6.031730e-02
        81         4       -8.440512e-01
        82         4       -7.949573e-02
        83         4        3.762449e-01
        84         4        1.596426e+00
        85         4       -5.428928e-01
        86         4       -1.837544e+00
        87         4        1.216600e+00
        88         4       -2.014652e-01
        89         4        1.003138e+00
        90         4        1.118383e+00
        91         4       -8.865867e-02
        92         4       -1.010696e+00
        93         4        6.222706e-01
        94         4       -1.116810e+00
        95         4        8.019515e-01
        96         4        3.632926e-03
        97         4       -6.730881e-01
        98         4        7.112035e-01
        99         4       -1.071026e+00
       100         4       -1.835631e+00
         1         5        1.557439e-01
         2         5        6.450433e-01
         3         5       -2.206543e-01
         4         5        1.172547e+00
         5         5       -2.209778e-01
         6         5       -5.588411e-02
         7         5       -9.539698e-01
         8         5       -1.049843e+00
         9         5        6.921434e-02
        10         5       -1.115300e+00
        11         5        5.497019e-01
        12         5        9.305923e-01
        13         5       -1.005466e+00
        14         5        7.559594e-01
        15         5       -2.349973e+00
        16         5       -1.012612e+00
        17         5       -1.025534e-01
        18         5        1.235380e+00
        19         5        1.484685e+00
        20         5       -1.477356e+00
        21         5        1.323536e+00
        22         5       -1.742098e+00
        23         5       -1.150373e+00
        24         5       -1.357614e-01
        25         5       -1.790008e-01
        26         5        3.946662e-01
        27         5       -3.128057e-01
        28         5        8.412396e-01
        29         5        1.640192e+00
        30         5        1.540328e+00
        31         5        1.142787e+00
        32         5        1.336158e+00
        33         5        1.712064e+00
        34         5       -5.624741e-01
        35         5       -2.512274e-01
        36         5        7.243997e-01
        37         5       -1.933373e-01
        38         5       -2.916446e-01
        39         5        7.968723e-01
        40         5       -1.867630e+00
        41         5       -1.106233e+00
        42         5       -1.834451e-01
        43         5       -2.228624e+00
        44         5       -3.046019e-01
        45         5       -4.128260e-01
        46         5        7.752435e-01
        47         5        2.962047e-01
        48         5        9.751142e-01
        49         5       -1.607889e-01
        50         5       -2.149975e-02
        51         5       -4.206099e-01
        52         5       -7.880035e-01
        53         5       -1.046555e+00
        54         5        5.343915e-01
        55         5        2.037025e-01
        56         5       -9.425415e-01
        57         5       -1.228603e+00
        58         5       -3.278170e-02
        59         5        6.342705e-02
        60         5       -5.998445e-01
        61         5       -1.373003e+00
        62         5       -9.706450e-01
        63         5       -3.198455e-01
        64         5        1.274992e+00
        65         5        1.480384e+00
        66         5       -1.063732e+00
        67         5        1.859994e-01
        68         5       -1.534241e-01
        69         5        1.440769e+00
        70         5        1.462444e+00
        71         5        4.379237e-01
        72         5        2.747324e-01
        73         5        1.429599e+00
        74         5       -1.264344e-01
        75         5       -1.583667e+00
        76         5        2.756144e-01
        77         5       -7.691871e-01
        78         5        8.713816e-01
        79         5        1.494783e+00
        80         5       -1.793882e+00
        81         5       -7.433465e-01
        82         5       -6.993463e-01
        83         5        3.195030e-01
        84         5        9.399868e-02
        85         5       -6.121176e-01
        86         5        4.805648e-01
        87         5        6.628788e-01
        88         5        4.876801e-01
        89         5       -3.193709e-01
        90         5       -1.704106e+00
        91         5        4.037619e-01
        92         5        4.399564e-01
        93         5        3.842021e-01
        94         5       -4.044410e-01
        95         5       -4.144548e-01
        96         5       -3.123883e-01
        97         5        3.587920e-01
        98         5        1.667993e-01
        99         5       -1.886964e+00
       100         5       -2.269325e+00
;
param X_Original:=
    1        5.085121e-01
    2       -2.136222e-01
    3       -3.035952e-01
    4        1.086178e-01
    5        8.696016e-01
    6        1.937342e+00
    7       -9.512995e-01
    8        2.097664e-01
    9       -3.189794e-01
   10       -1.516891e+00
   11        9.319658e-02
   12       -7.738589e-02
   13        1.000580e+00
   14       -1.244124e+00
   15        1.862801e+00
   16        1.139600e-01
   17       -6.605017e-01
   18        1.684089e-01
   19        7.405634e-01
   20       -3.991706e-02
   21       -8.717134e-01
   22       -2.807219e-01
   23       -2.311164e-01
   24       -1.502676e+00
   25       -3.598727e-01
   26       -8.453529e-01
   27        7.925811e-01
   28        1.895841e+00
   29        9.759797e-01
   30       -1.063257e+00
   31       -1.481074e+00
   32       -1.055603e+00
   33       -2.280596e+00
   34       -6.693362e-01
   35        5.921568e-03
   36       -2.102041e+00
   37        8.684047e-01
   38        2.817469e-01
   39       -7.046977e-01
   40       -5.668908e-02
   41        8.001552e-01
   42       -9.837049e-01
   43        7.402963e-02
   44        1.448481e+00
   45       -4.541476e-01
   46       -5.768944e-01
   47       -1.127962e+00
   48       -5.242319e-01
   49        2.021132e+00
   50       -1.802164e+00
   51       -4.471546e+00
   52        3.256053e-01
   53        1.312016e-01
   54       -2.510965e+00
   55        5.571883e-01
   56        1.409446e-01
   57       -1.230713e-02
   58        3.114383e-01
   59        1.880355e-01
   60       -4.036568e-01
   61        1.441014e+00
   62        3.546013e-01
   63        4.418970e+00
   64       -2.578944e+00
   65       -1.777662e-01
   66       -2.865457e-01
   67       -2.470773e-01
   68       -4.526652e-01
   69        8.674492e-01
   70       -3.889656e-02
   71        9.311828e-02
   72       -8.740193e-02
   73       -3.423029e+00
   74        1.493906e+00
   75        1.797488e+00
   76       -3.218655e+00
   77        2.703740e-01
   78        1.222625e-01
   79       -1.256275e+00
   80        1.771032e+00
   81        6.394300e-01
   82       -1.062518e-01
   83        1.008756e+00
   84       -1.944829e+00
   85        2.244283e+00
   86        1.643916e+00
   87        7.834931e-01
   88        8.262611e-02
   89       -7.899784e-01
   90        3.438355e+00
   91       -2.367205e-01
   92        1.596556e-01
   93       -6.972047e-01
   94       -1.539081e+00
   95        6.908888e-03
   96        6.823120e-01
   97        2.050480e-01
   98       -1.475621e-01
   99       -4.466050e-01
  100        1.567631e+00
;
param outliervec_original :=
    1    1
    2    1
    3    1
    4    1
    5    1
    6    0
    7    1
    8    1
    9    0
   10    0
   11    1
   12    1
   13    1
   14    1
   15    1
   16    1
   17    1
   18    0
   19    1
   20    1
   21    1
   22    0
   23    1
   24    0
   25    1
   26    0
   27    0
   28    1
   29    1
   30    1
   31    1
   32    1
   33    1
   34    1
   35    1
   36    0
   37    1
   38    1
   39    1
   40    1
   41    0
   42    1
   43    1
   44    1
   45    1
   46    0
   47    1
   48    1
   49    0
   50    1
   51    1
   52    1
   53    1
   54    1
   55    1
   56    1
   57    0
   58    1
   59    1
   60    1
   61    1
   62    1
   63    0
   64    1
   65    0
   66    1
   67    1
   68    1
   69    0
   70    1
   71    1
   72    1
   73    0
   74    1
   75    1
   76    1
   77    1
   78    1
   79    1
   80    0
   81    1
   82    0
   83    1
   84    1
   85    0
   86    1
   87    1
   88    1
   89    1
   90    0
   91    0
   92    0
   93    1
   94    1
   95    1
   96    1
   97    1
   98    1
   99    1
  100    0
;
param d:= 77;
param r:=5;
param p:=0.760000;
param M:=1000;
param U:=
         1         1        1.766971e+00
         2         1       -1.881681e+00
         3         1       -1.082003e+00
         4         1       -7.820722e-01
         5         1       -1.617569e+00
         6         1        2.651124e-01
         7         1        6.673870e-01
         8         1       -2.657642e-01
         9         1        4.311090e-01
        10         1        4.870171e-03
        11         1       -1.213506e-01
        12         1       -6.476493e-01
        13         1       -7.976571e-01
        14         1        4.682378e-01
        15         1       -3.145135e-01
        16         1       -6.820196e-01
        17         1        4.578233e-01
        18         1        5.349678e-01
        19         1        9.265769e-01
        20         1        7.466061e-01
        21         1       -1.774239e+00
        22         1       -1.241742e+00
        23         1       -1.170673e+00
        24         1        1.637076e+00
        25         1       -2.767569e-01
        26         1       -6.074901e-01
        27         1       -2.623095e-01
        28         1        1.257194e+00
        29         1       -1.419800e+00
        30         1        2.157247e+00
        31         1        8.166486e-01
        32         1       -3.791525e-01
        33         1       -6.391037e-01
        34         1        6.277071e-01
        35         1       -6.274991e-01
        36         1        5.457891e-01
        37         1        8.910033e-02
        38         1       -1.576947e-01
        39         1        1.722269e+00
        40         1       -1.638879e+00
        41         1        2.523280e-01
        42         1       -6.615266e-01
        43         1        4.811741e-01
        44         1       -1.703282e+00
        45         1       -1.530190e+00
        46         1        2.826042e+00
        47         1        1.009843e-01
        48         1       -1.581437e+00
        49         1       -6.633463e-01
        50         1        1.212626e+00
        51         1       -6.674239e-01
        52         1        4.447828e-02
        53         1        1.425453e+00
        54         1        1.384184e+00
        55         1       -2.433343e+00
        56         1        7.082393e-01
        57         1        2.863458e+00
        58         1       -4.234608e-02
        59         1       -1.347742e+00
        60         1        5.603087e-02
        61         1       -1.603482e-01
        62         1       -6.356866e-01
        63         1        4.370083e-01
        64         1       -1.390130e+00
        65         1        2.164852e-01
        66         1       -5.682302e-01
        67         1       -2.344868e-01
        68         1       -1.211149e+00
        69         1       -1.376423e+00
        70         1        2.962489e-01
        71         1        5.705176e-01
        72         1       -4.625241e-01
        73         1       -6.623435e-02
        74         1        3.656549e-01
        75         1       -2.134655e-01
        76         1        4.719110e-01
        77         1       -1.189401e+00
         1         2       -4.076135e-01
         2         2        4.534725e-01
         3         2       -2.293258e+00
         4         2        9.303228e-01
         5         2       -1.222501e+00
         6         2        4.381610e-01
         7         2        7.779049e-01
         8         2        5.468799e-01
         9         2       -1.703447e+00
        10         2        7.379582e-01
        11         2        4.559322e-01
        12         2       -1.144080e+00
        13         2       -5.968576e-01
        14         2        3.248967e-01
        15         2       -5.140206e-01
        16         2       -1.021165e+00
        17         2       -5.594099e-01
        18         2       -9.983552e-01
        19         2       -2.786539e-01
        20         2        5.257463e-01
        21         2       -7.657772e-01
        22         2        6.552227e-01
        23         2       -7.039798e-01
        24         2        1.398478e+00
        25         2       -1.548606e-01
        26         2        2.336967e-02
        27         2       -1.971049e+00
        28         2       -1.565925e+00
        29         2        1.068956e+00
        30         2        1.651973e+00
        31         2       -8.530941e-01
        32         2        3.628441e+00
        33         2       -9.388171e-01
        34         2        7.858894e-01
        35         2       -5.630400e-01
        36         2       -3.847732e-01
        37         2       -3.506979e-01
        38         2       -1.194275e+00
        39         2       -7.075827e-01
        40         2        5.924860e-01
        41         2       -5.800465e-01
        42         2        8.142692e-01
        43         2       -2.299150e-01
        44         2        5.809067e-01
        45         2        7.788972e-01
        46         2        1.463756e+00
        47         2        8.173098e-01
        48         2       -2.330793e-01
        49         2       -8.932674e-02
        50         2       -1.512281e+00
        51         2        2.139342e-01
        52         2       -2.725611e-01
        53         2       -1.822867e+00
        54         2        1.357675e+00
        55         2        2.747109e-01
        56         2       -2.047443e+00
        57         2       -8.025343e-01
        58         2        2.481774e-01
        59         2       -3.178994e+00
        60         2        1.376056e+00
        61         2       -6.250273e-02
        62         2        7.627513e-01
        63         2        1.675529e-01
        64         2       -1.395952e+00
        65         2       -6.625352e-01
        66         2        6.405944e-01
        67         2        9.994072e-01
        68         2        9.810830e-01
        69         2        4.590933e-01
        70         2        1.192387e+00
        71         2        3.073856e-01
        72         2       -5.720821e-01
        73         2       -6.728042e-01
        74         2        4.010499e-01
        75         2       -1.542304e+00
        76         2       -9.284277e-01
        77         2        4.442944e-01
         1         3        8.095362e-02
         2         3        1.463749e+00
         3         3       -9.895066e-02
         4         3        1.130464e+00
         5         3        8.671118e-01
         6         3       -9.931239e-01
         7         3        6.193528e-01
         8         3        1.066369e+00
         9         3        1.150107e+00
        10         3        2.091836e+00
        11         3       -1.322206e+00
        12         3        7.305821e-01
        13         3        5.262094e-01
        14         3        4.491574e-01
        15         3        4.495670e-02
        16         3       -1.249586e+00
        17         3        1.175004e-01
        18         3        2.691384e-01
        19         3        4.829940e-01
        20         3        8.538194e-01
        21         3        1.349165e+00
        22         3        1.670448e-01
        23         3       -1.481281e+00
        24         3       -4.232095e-01
        25         3       -1.094172e+00
        26         3        1.014812e+00
        27         3        1.975007e-01
        28         3        2.542843e-01
        29         3        1.379074e+00
        30         3       -1.612357e+00
        31         3       -1.715715e+00
        32         3        7.570594e-01
        33         3       -6.320358e-02
        34         3        1.829665e+00
        35         3        2.004725e+00
        36         3        5.466228e-02
        37         3       -2.587412e-01
        38         3       -1.263200e+00
        39         3       -2.063679e-01
        40         3       -5.173305e-01
        41         3       -1.271882e+00
        42         3        1.317691e-01
        43         3       -3.833095e-01
        44         3       -4.870546e-01
        45         3        2.301605e+00
        46         3       -2.003074e-01
        47         3       -9.147337e-01
        48         3       -1.250617e+00
        49         3       -6.311417e-02
        50         3        1.352666e+00
        51         3        9.572657e-02
        52         3        1.644267e-01
        53         3       -1.586540e+00
        54         3        1.701350e+00
        55         3        6.033582e-01
        56         3       -1.072293e+00
        57         3        9.362430e-01
        58         3        8.305529e-01
        59         3        1.280790e-01
        60         3        2.052308e-02
        61         3       -6.831989e-01
        62         3       -9.085913e-02
        63         3        1.713410e-01
        64         3       -1.194528e+00
        65         3       -2.060699e+00
        66         3       -4.272482e-01
        67         3       -1.572788e+00
        68         3        4.418858e-03
        69         3       -6.144521e-01
        70         3        1.337572e+00
        71         3       -2.139909e-01
        72         3       -1.994565e-01
        73         3        7.513105e-01
        74         3       -1.081757e+00
        75         3        3.559422e-01
        76         3        6.866542e-01
        77         3       -1.154622e+00
         1         4        9.105100e-01
         2         4       -3.557292e-01
         3         4       -4.839904e-01
         4         4        1.272230e+00
         5         4        9.985836e-01
         6         4        1.135286e+00
         7         4        3.525290e-03
         8         4        1.894684e+00
         9         4       -1.271010e+00
        10         4        1.698409e+00
        11         4       -1.520123e+00
        12         4        2.354945e-01
        13         4        7.621242e-01
        14         4        1.320099e+00
        15         4        8.997133e-01
        16         4        2.144261e+00
        17         4       -2.926139e-01
        18         4        1.363833e-01
        19         4       -4.512742e-01
        20         4       -1.420550e-01
        21         4        8.405387e-01
        22         4        1.166333e+00
        23         4        8.265722e-01
        24         4        3.483358e-01
        25         4       -3.624655e+00
        26         4       -6.163743e-01
        27         4        3.079665e-01
        28         4        9.781612e-01
        29         4        9.564042e-02
        30         4       -2.232747e-01
        31         4       -4.164007e-01
        32         4        1.334697e+00
        33         4       -3.049746e-01
        34         4        1.026579e+00
        35         4       -5.983933e-01
        36         4        1.190910e+00
        37         4       -9.797379e-01
        38         4       -1.885504e-01
        39         4        9.654072e-01
        40         4       -8.512567e-01
        41         4       -2.498892e+00
        42         4       -5.108288e-01
        43         4        8.404959e-02
        44         4        6.010434e-01
        45         4       -1.104003e+00
        46         4        6.029901e-01
        47         4       -5.624488e-01
        48         4        3.277806e+00
        49         4        3.754620e-01
        50         4       -5.447129e-01
        51         4       -4.934919e-01
        52         4        2.583181e+00
        53         4       -5.674581e-01
        54         4        3.503440e-01
        55         4       -8.031197e-01
        56         4       -9.260546e-01
        57         4       -8.370680e-01
        58         4        1.226144e+00
        59         4        8.544936e-01
        60         4       -7.019750e-03
        61         4       -6.031730e-02
        62         4       -8.440512e-01
        63         4       -7.949573e-02
        64         4       -5.428928e-01
        65         4        1.216600e+00
        66         4       -2.014652e-01
        67         4        1.118383e+00
        68         4       -8.865867e-02
        69         4       -1.010696e+00
        70         4        6.222706e-01
        71         4       -1.116810e+00
        72         4        8.019515e-01
        73         4        3.632926e-03
        74         4       -6.730881e-01
        75         4        7.112035e-01
        76         4       -1.071026e+00
        77         4       -1.835631e+00
         1         5        1.557439e-01
         2         5        6.450433e-01
         3         5       -2.206543e-01
         4         5        1.172547e+00
         5         5       -2.209778e-01
         6         5       -5.588411e-02
         7         5       -1.049843e+00
         8         5        6.921434e-02
         9         5       -1.115300e+00
        10         5        5.497019e-01
        11         5        9.305923e-01
        12         5       -1.005466e+00
        13         5       -2.349973e+00
        14         5       -1.012612e+00
        15         5        1.235380e+00
        16         5        1.484685e+00
        17         5       -1.477356e+00
        18         5        1.323536e+00
        19         5       -1.742098e+00
        20         5       -1.357614e-01
        21         5        3.946662e-01
        22         5       -3.128057e-01
        23         5        8.412396e-01
        24         5        1.540328e+00
        25         5        1.142787e+00
        26         5        1.336158e+00
        27         5       -5.624741e-01
        28         5       -2.512274e-01
        29         5        7.243997e-01
        30         5       -1.933373e-01
        31         5       -2.916446e-01
        32         5        7.968723e-01
        33         5       -1.106233e+00
        34         5       -1.834451e-01
        35         5       -2.228624e+00
        36         5       -4.128260e-01
        37         5        7.752435e-01
        38         5       -1.607889e-01
        39         5       -1.046555e+00
        40         5        2.037025e-01
        41         5       -9.425415e-01
        42         5       -1.228603e+00
        43         5       -3.278170e-02
        44         5        6.342705e-02
        45         5       -5.998445e-01
        46         5       -1.373003e+00
        47         5       -9.706450e-01
        48         5       -3.198455e-01
        49         5        1.480384e+00
        50         5       -1.063732e+00
        51         5       -1.534241e-01
        52         5        1.440769e+00
        53         5        2.747324e-01
        54         5        1.429599e+00
        55         5       -1.264344e-01
        56         5       -1.583667e+00
        57         5        2.756144e-01
        58         5       -7.691871e-01
        59         5        8.713816e-01
        60         5        1.494783e+00
        61         5       -1.793882e+00
        62         5       -7.433465e-01
        63         5       -6.993463e-01
        64         5       -6.121176e-01
        65         5        6.628788e-01
        66         5        4.876801e-01
        67         5       -1.704106e+00
        68         5        4.037619e-01
        69         5        4.399564e-01
        70         5        3.842021e-01
        71         5       -4.044410e-01
        72         5       -4.144548e-01
        73         5       -3.123883e-01
        74         5        3.587920e-01
        75         5        1.667993e-01
        76         5       -1.886964e+00
        77         5       -2.269325e+00
;

param theta:=
    1       -2.306697e-01
    2       -2.694265e-01
    3       -1.354693e+00
    4        6.562432e-01
    5       -4.636389e-01
;
param X_true:=
    1        1.188615e-01
    2       -2.203790e+00
    3        7.871865e-01
    4       -1.310822e+00
    5        2.856582e-01
    6        1.937342e+00
    7       -7.120952e-01
    8       -3.189794e-01
    9       -1.516891e+00
   10       -2.172955e+00
   11        2.662530e-01
   12        9.039709e-02
   13        1.221615e+00
   14        5.308971e-01
   15        1.684089e-01
   16        2.844398e+00
   17        3.790269e-01
   18       -7.422266e-01
   19       -2.807219e-01
   20       -1.502676e+00
   21       -8.453529e-01
   22        7.925811e-01
   23        2.620136e+00
   24       -6.653694e-01
   25       -1.322553e+00
   26       -2.264762e+00
   27        7.860753e-01
   28        5.462187e-01
   29       -2.102041e+00
   30        1.185226e+00
   31        2.227438e+00
   32       -1.410171e+00
   33        8.001552e-01
   34       -2.075909e+00
   35       -1.781107e+00
   36        8.763722e-01
   37       -5.768944e-01
   38        2.021132e+00
   39        1.191728e+00
   40        2.654846e-01
   41        6.181712e-01
   42       -1.230713e-02
   43        5.399339e-01
   44        1.261767e+00
   45       -3.420579e+00
   46        2.574163e-01
   47        1.075441e+00
   48        4.418970e+00
   49       -1.777662e-01
   50       -1.570293e+00
   51       -2.849335e-01
   52        8.674492e-01
   53        1.812749e+00
   54       -3.423029e+00
   55       -7.989951e-01
   56        1.965796e+00
   57       -2.389124e+00
   58       -2.106123e-02
   59        1.150029e+00
   60       -1.108847e+00
   61        1.771032e+00
   62       -1.451440e-01
   63       -1.062518e-01
   64        2.244283e+00
   65        3.410681e+00
   66        1.788976e-01
   67        3.438355e+00
   68       -2.367205e-01
   69        1.596556e-01
   70       -1.972924e+00
   71       -4.698509e-01
   72        1.247987e+00
   73       -6.735186e-01
   74        6.648163e-01
   75        3.721569e-01
   76       -6.166553e-01
   77        1.567631e+00
;
param X:=
    1        5.085121e-01
    2       -2.136222e-01
    3       -3.035952e-01
    4        1.086178e-01
    5        8.696016e-01
    6        1.937342e+00
    7        2.097664e-01
    8       -3.189794e-01
    9       -1.516891e+00
   10        9.319658e-02
   11       -7.738589e-02
   12        1.000580e+00
   13        1.862801e+00
   14        1.139600e-01
   15        1.684089e-01
   16        7.405634e-01
   17       -3.991706e-02
   18       -8.717134e-01
   19       -2.807219e-01
   20       -1.502676e+00
   21       -8.453529e-01
   22        7.925811e-01
   23        1.895841e+00
   24       -1.063257e+00
   25       -1.481074e+00
   26       -1.055603e+00
   27       -6.693362e-01
   28        5.921568e-03
   29       -2.102041e+00
   30        8.684047e-01
   31        2.817469e-01
   32       -7.046977e-01
   33        8.001552e-01
   34       -9.837049e-01
   35        7.402963e-02
   36       -4.541476e-01
   37       -5.768944e-01
   38        2.021132e+00
   39        1.312016e-01
   40        5.571883e-01
   41        1.409446e-01
   42       -1.230713e-02
   43        3.114383e-01
   44        1.880355e-01
   45       -4.036568e-01
   46        1.441014e+00
   47        3.546013e-01
   48        4.418970e+00
   49       -1.777662e-01
   50       -2.865457e-01
   51       -4.526652e-01
   52        8.674492e-01
   53       -8.740193e-02
   54       -3.423029e+00
   55        1.493906e+00
   56        1.797488e+00
   57       -3.218655e+00
   58        2.703740e-01
   59        1.222625e-01
   60       -1.256275e+00
   61        1.771032e+00
   62        6.394300e-01
   63       -1.062518e-01
   64        2.244283e+00
   65        7.834931e-01
   66        8.262611e-02
   67        3.438355e+00
   68       -2.367205e-01
   69        1.596556e-01
   70       -6.972047e-01
   71       -1.539081e+00
   72        6.908888e-03
   73        6.823120e-01
   74        2.050480e-01
   75       -1.475621e-01
   76       -4.466050e-01
   77        1.567631e+00
;
param outliervec:=
    1    1
    2    1
    3    1
    4    1
    5    1
    6    0
    7    1
    8    0
    9    0
   10    1
   11    1
   12    1
   13    1
   14    1
   15    0
   16    1
   17    1
   18    1
   19    0
   20    0
   21    0
   22    0
   23    1
   24    1
   25    1
   26    1
   27    1
   28    1
   29    0
   30    1
   31    1
   32    1
   33    0
   34    1
   35    1
   36    1
   37    0
   38    0
   39    1
   40    1
   41    1
   42    0
   43    1
   44    1
   45    1
   46    1
   47    1
   48    0
   49    0
   50    1
   51    1
   52    0
   53    1
   54    0
   55    1
   56    1
   57    1
   58    1
   59    1
   60    1
   61    0
   62    1
   63    0
   64    0
   65    1
   66    1
   67    0
   68    0
   69    0
   70    1
   71    1
   72    1
   73    1
   74    1
   75    1
   76    1
   77    0
; 
param greedy_time :=         1.384577e-01
;