data;


param FN:= 2;
param D:= 100;
param U_Original:=
         1         1       -1.067615e-01
         2         1       -3.394188e-01
         3         1       -8.127918e-01
         4         1       -1.948398e+00
         5         1       -7.001870e-01
         6         1        6.972459e-01
         7         1       -3.890375e-01
         8         1        9.760887e-01
         9         1       -3.750815e-02
        10         1        7.672565e-01
        11         1        1.211706e+00
        12         1        1.989066e-01
        13         1        8.519824e-01
        14         1       -5.703507e-01
        15         1        4.203808e-01
        16         1        4.812076e-01
        17         1       -1.227885e+00
        18         1        4.566619e-01
        19         1        1.330172e-02
        20         1        8.760020e-02
        21         1        5.854685e-01
        22         1        1.135217e+00
        23         1        3.788610e-01
        24         1        4.744667e-01
        25         1       -8.737579e-01
        26         1       -2.832372e-01
        27         1       -1.487340e-01
        28         1        5.549077e-01
        29         1        1.093210e-01
        30         1        1.199836e+00
        31         1        1.576238e-01
        32         1        8.398663e-02
        33         1       -1.674866e+00
        34         1       -1.824991e+00
        35         1       -1.377591e+00
        36         1       -1.544027e-01
        37         1       -1.752654e+00
        38         1        6.371734e-01
        39         1       -7.347922e-01
        40         1        8.692709e-01
        41         1        9.809717e-01
        42         1       -9.759960e-01
        43         1       -5.021603e-01
        44         1       -1.308735e+00
        45         1        1.945587e+00
        46         1       -1.393314e-01
        47         1        3.897254e-01
        48         1        1.982480e+00
        49         1       -2.031112e-01
        50         1       -1.015507e+00
        51         1        3.038979e+00
        52         1       -1.181647e-01
        53         1       -1.183931e+00
        54         1       -4.555114e-01
        55         1        4.532577e-01
        56         1        1.492524e+00
        57         1        7.358516e-01
        58         1        4.873478e-01
        59         1        9.947761e-01
        60         1       -1.004261e+00
        61         1        2.197096e-01
        62         1        3.325311e-01
        63         1        4.254182e-01
        64         1        2.619925e-01
        65         1       -1.220047e+00
        66         1       -9.195270e-01
        67         1        2.452485e-01
        68         1       -6.546623e-01
        69         1        1.118821e+00
        70         1       -1.045415e+00
        71         1       -1.671665e-01
        72         1        5.336181e-01
        73         1        6.925017e-01
        74         1       -1.923534e+00
        75         1        2.625644e+00
        76         1       -4.667027e-01
        77         1        1.092505e+00
        78         1       -1.129330e+00
        79         1       -6.154020e-01
        80         1        1.117966e-01
        81         1       -2.111887e-01
        82         1       -1.270289e+00
        83         1       -2.898359e-01
        84         1        2.515591e-01
        85         1       -1.541055e-01
        86         1       -6.115653e-01
        87         1       -1.923960e+00
        88         1        1.219586e-01
        89         1       -2.353265e-01
        90         1        2.254703e-03
        91         1       -4.421209e-01
        92         1        6.798883e-01
        93         1       -8.337395e-01
        94         1        1.224806e+00
        95         1       -2.925298e-01
        96         1       -3.918866e-01
        97         1        6.987503e-01
        98         1        2.813106e+00
        99         1       -9.715404e-01
       100         1       -8.720411e-01
         1         2        7.299274e-01
         2         2       -6.865293e-01
         3         2       -2.896700e-01
         4         2       -1.585376e+00
         5         2       -1.249925e-02
         6         2        9.375947e-01
         7         2        1.627484e+00
         8         2        9.246063e-01
         9         2        4.955413e-01
        10         2       -3.876448e-01
        11         2        3.200781e-01
        12         2        4.689880e-02
        13         2       -3.473669e-01
        14         2        1.369040e+00
        15         2       -8.871496e-01
        16         2       -7.945075e-01
        17         2        7.791524e-01
        18         2        5.532617e-01
        19         2        3.427582e-01
        20         2        7.248441e-01
        21         2        4.049101e-01
        22         2       -1.883600e+00
        23         2       -5.625738e-01
        24         2       -5.219377e-02
        25         2        3.447689e-01
        26         2        2.286931e+00
        27         2        5.531701e-01
        28         2        9.923938e-01
        29         2       -8.793515e-02
        30         2        1.071715e+00
        31         2        3.197180e-01
        32         2        1.072403e+00
        33         2        2.245719e-01
        34         2        7.291309e-02
        35         2       -1.023375e+00
        36         2       -4.697155e-01
        37         2       -9.702524e-03
        38         2       -6.108576e-01
        39         2        1.346901e+00
        40         2        6.460966e-01
        41         2       -1.055025e+00
        42         2       -4.968694e-01
        43         2       -3.798630e-01
        44         2       -1.108893e-01
        45         2       -2.644470e-01
        46         2       -9.101108e-01
        47         2       -1.434183e+00
        48         2        7.818246e-01
        49         2       -1.288199e-01
        50         2       -4.996462e-01
        51         2        1.488291e+00
        52         2       -1.239305e+00
        53         2       -7.290157e-01
        54         2        6.161096e-01
        55         2        1.098033e+00
        56         2       -1.782992e-02
        57         2        9.950771e-01
        58         2       -9.296324e-01
        59         2        2.012895e-01
        60         2       -6.598581e-01
        61         2        4.001322e-01
        62         2       -1.048092e+00
        63         2        7.616288e-02
        64         2       -5.925289e-01
        65         2       -1.869582e+00
        66         2        1.446139e+00
        67         2        5.582516e-01
        68         2       -6.300646e-01
        69         2       -1.699741e+00
        70         2       -1.593103e+00
        71         2        8.870192e-01
        72         2       -1.174806e+00
        73         2       -2.157015e+00
        74         2       -5.224154e-01
        75         2        8.739172e-01
        76         2       -4.768660e-01
        77         2        2.133472e+00
        78         2       -9.310620e-02
        79         2        1.256538e+00
        80         2        8.103595e-01
        81         2        5.478746e-01
        82         2        2.179642e-02
        83         2        1.116404e+00
        84         2        1.361476e+00
        85         2       -8.230380e-01
        86         2        8.014995e-01
        87         2        3.519812e-01
        88         2        5.271890e-01
        89         2        2.996932e-01
        90         2       -3.535346e-01
        91         2       -1.286580e+00
        92         2       -5.158788e-01
        93         2        5.141068e-01
        94         2       -4.799452e-01
        95         2       -8.033959e-02
        96         2       -1.486229e+00
        97         2        9.019789e-01
        98         2        4.406971e-01
        99         2       -2.000801e-01
       100         2        7.710166e-01
         1         3        9.997143e-01
         2         3       -2.526552e-01
         3         3        3.332326e+00
         4         3        1.608132e+00
         5         3        1.916556e-01
         6         3        1.244786e+00
         7         3       -1.973277e-02
         8         3        1.324346e-01
         9         3        1.486819e+00
        10         3       -1.590605e+00
        11         3       -7.943108e-01
        12         3       -5.109931e-01
        13         3        7.923749e-01
        14         3       -9.277767e-01
        15         3        2.755323e+00
        16         3        1.307568e+00
        17         3       -1.421344e+00
        18         3       -2.642619e-01
        19         3        7.166004e-01
        20         3       -7.296001e-01
        21         3       -2.252145e+00
        22         3       -1.271730e+00
        23         3        1.477399e+00
        24         3       -3.975131e-01
        25         3       -2.570767e-01
        26         3        5.915361e-02
        27         3       -5.111121e-01
        28         3        3.788069e-01
        29         3       -1.024637e-02
        30         3       -1.799603e-02
        31         3       -8.237540e-01
        32         3        4.482042e-01
        33         3        5.751353e-02
        34         3        1.149600e+00
        35         3       -1.279279e+00
        36         3       -2.828223e+00
        37         3        7.430759e-02
        38         3        2.312246e-01
        39         3       -1.790367e+00
        40         3        2.645010e-01
        41         3       -1.091748e-01
        42         3        2.911356e-01
        43         3        1.030144e+00
        44         3       -2.934897e-01
        45         3        1.431255e-01
        46         3       -1.565152e+00
        47         3       -2.564839e-01
        48         3        2.843261e-01
        49         3        8.139742e-01
        50         3       -1.820674e+00
        51         3       -1.235360e+00
        52         3       -9.562732e-01
        53         3        6.240226e-01
        54         3       -1.900369e+00
        55         3        1.415810e+00
        56         3       -2.081949e-01
        57         3       -6.342303e-01
        58         3        9.850765e-01
        59         3        1.553433e-01
        60         3        1.606903e+00
        61         3       -6.601714e-01
        62         3        2.876552e-01
        63         3       -3.588033e-01
        64         3        6.150266e-01
        65         3        2.050839e-01
        66         3        1.006352e+00
        67         3        2.605704e-01
        68         3        8.178680e-01
        69         3        1.245270e+00
        70         3       -2.432163e+00
        71         3        3.623126e-01
        72         3        7.252639e-01
        73         3       -2.331503e-01
        74         3       -5.443907e-01
        75         3       -3.604883e-01
        76         3       -8.048768e-02
        77         3        3.210940e-01
        78         3        3.247626e-01
        79         3        9.980679e-02
        80         3        4.143967e-01
        81         3       -6.672727e-01
        82         3       -1.601157e+00
        83         3        4.952719e-01
        84         3       -5.422445e-01
        85         3       -4.407474e-01
        86         3        8.592750e-01
        87         3       -7.396609e-01
        88         3        4.035211e-01
        89         3        1.363793e+00
        90         3        8.160860e-01
        91         3        9.502866e-01
        92         3       -1.060571e+00
        93         3       -6.257636e-01
        94         3       -7.402864e-01
        95         3        4.452386e-01
        96         3        2.435584e-01
        97         3       -4.724360e-01
        98         3        2.139501e+00
        99         3        1.115776e+00
       100         3        1.298099e+00
         1         4       -4.977947e-01
         2         4        7.516108e-01
         3         4       -1.163629e+00
         4         4       -7.687956e-01
         5         4       -3.374041e-01
         6         4       -9.176581e-02
         7         4        1.728386e+00
         8         4       -8.512988e-01
         9         4        8.438418e-02
        10         4        3.459964e-01
        11         4        1.773329e-01
        12         4       -8.503591e-01
        13         4       -1.014871e+00
        14         4       -7.615591e-01
        15         4        3.551843e-01
        16         4        1.121978e-01
        17         4       -1.331002e+00
        18         4        6.560664e-01
        19         4        7.687644e-02
        20         4       -3.017474e-01
        21         4        1.504502e+00
        22         4        3.628932e-01
        23         4        1.428694e+00
        24         4        1.202223e+00
        25         4        1.044287e+00
        26         4       -9.942289e-01
        27         4        5.796533e-01
        28         4        1.191694e+00
        29         4        9.876962e-01
        30         4        1.604024e+00
        31         4        2.497176e+00
        32         4       -6.153025e-02
        33         4       -1.681923e-01
        34         4        1.452833e+00
        35         4       -5.745132e-01
        36         4       -1.791826e+00
        37         4        8.582030e-02
        38         4       -8.506223e-01
        39         4       -1.680371e+00
        40         4        1.482012e-01
        41         4        1.327441e+00
        42         4       -9.344922e-01
        43         4       -1.000353e+00
        44         4        1.107032e+00
        45         4       -7.258669e-01
        46         4       -3.589624e-01
        47         4        7.331218e-01
        48         4       -9.656139e-02
        49         4        6.170778e-01
        50         4        3.850028e-01
        51         4       -1.396635e+00
        52         4        1.716991e-01
        53         4       -6.095796e-01
        54         4       -9.708531e-01
        55         4       -6.708244e-01
        56         4        1.804721e-01
        57         4       -3.645068e-01
        58         4        6.519483e-01
        59         4        4.565393e-01
        60         4        1.983502e-01
        61         4       -1.858697e-01
        62         4       -1.445698e+00
        63         4       -1.487313e-01
        64         4        8.834272e-01
        65         4        1.014579e+00
        66         4       -1.073155e+00
        67         4       -5.173461e-01
        68         4        2.921589e-01
        69         4       -9.218214e-01
        70         4        1.283475e-01
        71         4       -4.795175e-01
        72         4       -4.927665e-02
        73         4       -2.735076e-01
        74         4       -1.056878e+00
        75         4        5.544630e-01
        76         4        3.072959e-01
        77         4       -2.276843e-01
        78         4       -1.012728e+00
        79         4       -2.242441e-01
        80         4        1.259402e+00
        81         4       -1.404963e+00
        82         4        1.759930e-01
        83         4        4.859824e-01
        84         4        3.918935e-01
        85         4        1.323103e-01
        86         4        1.601107e-01
        87         4        1.899148e+00
        88         4       -8.214558e-01
        89         4        6.182444e-01
        90         4       -5.047974e-01
        91         4        2.032686e+00
        92         4        2.102751e-01
        93         4        2.095139e-01
        94         4        7.828949e-01
        95         4        5.384794e-01
        96         4        8.434107e-01
        97         4        5.835451e-01
        98         4       -5.573359e-01
        99         4       -6.553748e-03
       100         4       -8.340286e-01
         1         5        1.010234e+00
         2         5        3.521169e-01
         3         5        6.957959e-01
         4         5        5.706281e-01
         5         5       -1.425408e+00
         6         5        2.505630e-01
         7         5       -9.187312e-01
         8         5        9.872736e-01
         9         5        8.541190e-01
        10         5        1.474770e+00
        11         5       -2.577892e+00
        12         5        3.622519e-01
        13         5        2.440136e-01
        14         5       -8.478646e-01
        15         5       -1.015085e+00
        16         5       -6.516306e-01
        17         5       -5.049214e-01
        18         5        1.448637e+00
        19         5       -1.172444e+00
        20         5       -2.763511e-01
        21         5       -1.588768e-02
        22         5       -9.966626e-01
        23         5        1.554703e+00
        24         5        8.268913e-01
        25         5        7.358241e-01
        26         5       -1.471360e+00
        27         5        1.841660e-01
        28         5       -5.347266e-01
        29         5        1.656633e+00
        30         5        5.649014e-01
        31         5       -5.973426e-01
        32         5        2.132212e-01
        33         5        2.969091e-02
        34         5        1.901699e-01
        35         5        2.263483e-02
        36         5       -1.604206e-02
        37         5        2.138941e-02
        38         5       -1.130823e+00
        39         5       -1.138373e+00
        40         5       -7.340026e-01
        41         5        1.773773e+00
        42         5       -7.430680e-01
        43         5       -4.974399e-01
        44         5        5.742534e-01
        45         5        4.723090e-01
        46         5       -1.047807e+00
        47         5        5.847496e-01
        48         5       -9.365437e-01
        49         5        1.633044e+00
        50         5        9.477798e-02
        51         5       -2.716663e-01
        52         5       -1.571037e+00
        53         5        7.543283e-01
        54         5        3.829208e-01
        55         5       -3.727676e-01
        56         5       -7.974569e-01
        57         5       -5.552333e-01
        58         5       -3.444069e-01
        59         5       -1.120074e+00
        60         5        7.965678e-01
        61         5       -7.310644e-01
        62         5       -7.056951e-01
        63         5        2.611764e-01
        64         5       -9.558326e-02
        65         5       -4.393769e-01
        66         5        2.676825e+00
        67         5       -9.815584e-01
        68         5        1.036720e+00
        69         5       -3.292240e-01
        70         5       -4.940417e-01
        71         5        6.094231e-01
        72         5        1.961845e+00
        73         5        9.002744e-01
        74         5        6.889042e-01
        75         5       -6.790136e-01
        76         5       -5.938309e-02
        77         5        1.726119e-02
        78         5        1.309625e+00
        79         5       -1.805542e+00
        80         5        9.214355e-01
        81         5        6.024761e-01
        82         5       -1.603587e+00
        83         5        1.152529e+00
        84         5        7.906001e-01
        85         5        1.334365e+00
        86         5        1.792040e-01
        87         5       -1.996021e-01
        88         5        1.214625e+00
        89         5        1.064741e+00
        90         5        2.777800e+00
        91         5        3.021899e-01
        92         5        1.043855e+00
        93         5        1.328686e+00
        94         5       -2.665276e-01
        95         5       -8.265921e-01
        96         5        5.744495e-01
        97         5        1.158169e+00
        98         5       -1.296530e+00
        99         5        1.534018e+00
       100         5        9.552983e-01
;
param X_Original:=
    1        1.876621e+00
    2        5.712550e-01
    3       -2.582202e-01
    4       -6.203629e-02
    5       -1.999953e+00
    6       -3.650732e-01
    7       -3.253311e-01
    8       -3.204149e-01
    9        2.430531e-01
   10       -1.242182e+00
   11       -5.010807e-01
   12        3.423427e-01
   13       -1.216062e+00
   14       -7.944276e-01
   15       -2.093006e-01
   16        2.618158e-01
   17       -6.241639e-01
   18       -3.757687e-01
   19        4.314584e-01
   20       -1.212302e-01
   21        1.242168e+00
   22        2.451950e-01
   23       -8.899104e-01
   24        4.836178e-01
   25       -4.560006e-01
   26       -2.653334e+00
   27        9.495665e-01
   28        1.453203e+00
   29       -2.255457e+00
   30        6.218723e-01
   31        2.995618e-02
   32        6.577897e-01
   33       -3.168373e-01
   34       -1.166872e-01
   35        6.875154e-01
   36        6.691519e-01
   37        2.738036e-01
   38       -1.400015e+00
   39       -1.242582e+00
   40       -5.124519e-01
   41        3.257979e-01
   42        2.191033e+00
   43        1.521116e-01
   44       -2.512691e-01
   45       -5.741295e-01
   46        1.488332e+00
   47        3.548717e-01
   48        1.191599e-01
   49       -5.890584e-01
   50       -1.310273e+00
   51       -5.479828e-01
   52        2.097894e+00
   53        1.183931e+00
   54        6.936093e-01
   55        3.799571e-01
   56       -1.684853e+00
   57        2.710908e-02
   58       -8.764379e-01
   59        1.412943e-01
   60        1.060114e-01
   61        1.153533e-01
   62       -9.508014e-02
   63        8.470904e-01
   64        8.437983e-01
   65        2.248783e-01
   66       -7.465675e-02
   67       -1.193592e-01
   68        1.353660e+00
   69        2.062446e+00
   70        2.430677e-01
   71        7.107042e-01
   72       -6.018680e-01
   73        1.548173e-01
   74        5.757451e-01
   75       -1.938550e-01
   76       -5.082639e-01
   77        2.714833e-01
   78       -9.063519e-02
   79        6.748101e-01
   80        2.117108e-01
   81       -5.260417e-01
   82       -1.305506e+00
   83       -1.794487e+00
   84       -1.151300e+00
   85        5.922414e-01
   86        7.656823e-01
   87        4.276894e-01
   88       -8.049854e-01
   89        1.010337e-02
   90       -6.156146e-01
   91        6.341131e-01
   92       -4.054681e-01
   93        1.344144e+00
   94       -7.919414e-01
   95        6.669887e-01
   96        1.332544e+00
   97        3.864168e-01
   98        7.118811e-01
   99        3.333981e-01
  100        1.043371e+00
;
param outliervec_original :=
    1    1
    2    1
    3    1
    4    0
    5    1
    6    1
    7    1
    8    1
    9    1
   10    1
   11    1
   12    0
   13    1
   14    1
   15    1
   16    1
   17    1
   18    0
   19    1
   20    1
   21    0
   22    1
   23    1
   24    1
   25    1
   26    0
   27    1
   28    1
   29    1
   30    1
   31    1
   32    1
   33    1
   34    1
   35    1
   36    1
   37    1
   38    1
   39    1
   40    0
   41    1
   42    1
   43    1
   44    0
   45    1
   46    1
   47    1
   48    1
   49    1
   50    1
   51    1
   52    0
   53    1
   54    1
   55    1
   56    1
   57    1
   58    1
   59    0
   60    1
   61    0
   62    1
   63    1
   64    1
   65    1
   66    1
   67    1
   68    1
   69    1
   70    1
   71    1
   72    1
   73    1
   74    1
   75    1
   76    1
   77    1
   78    1
   79    1
   80    1
   81    1
   82    1
   83    0
   84    0
   85    1
   86    1
   87    1
   88    1
   89    1
   90    1
   91    0
   92    1
   93    1
   94    1
   95    1
   96    0
   97    1
   98    1
   99    1
  100    1
;
param d:= 74;
param r:=5;
param p:=0.860000;
param M:=1000;
param U:=
         1         1       -3.394188e-01
         2         1       -8.127918e-01
         3         1        6.972459e-01
         4         1       -3.890375e-01
         5         1        9.760887e-01
         6         1       -3.750815e-02
         7         1        7.672565e-01
         8         1        1.211706e+00
         9         1        1.989066e-01
        10         1       -5.703507e-01
        11         1        4.812076e-01
        12         1       -1.227885e+00
        13         1        4.566619e-01
        14         1        1.330172e-02
        15         1        8.760020e-02
        16         1        1.135217e+00
        17         1        3.788610e-01
        18         1        4.744667e-01
        19         1       -8.737579e-01
        20         1       -2.832372e-01
        21         1        1.093210e-01
        22         1        1.576238e-01
        23         1       -1.674866e+00
        24         1       -1.824991e+00
        25         1       -1.377591e+00
        26         1       -1.544027e-01
        27         1       -1.752654e+00
        28         1       -7.347922e-01
        29         1        8.692709e-01
        30         1        9.809717e-01
        31         1       -9.759960e-01
        32         1       -5.021603e-01
        33         1       -1.308735e+00
        34         1        1.945587e+00
        35         1       -1.393314e-01
        36         1        3.897254e-01
        37         1        1.982480e+00
        38         1       -2.031112e-01
        39         1        3.038979e+00
        40         1       -1.181647e-01
        41         1       -1.183931e+00
        42         1        4.532577e-01
        43         1        7.358516e-01
        44         1        9.947761e-01
        45         1       -1.004261e+00
        46         1        2.197096e-01
        47         1        4.254182e-01
        48         1        2.619925e-01
        49         1        2.452485e-01
        50         1       -6.546623e-01
        51         1        1.118821e+00
        52         1       -1.045415e+00
        53         1        5.336181e-01
        54         1        6.925017e-01
        55         1       -1.923534e+00
        56         1        2.625644e+00
        57         1       -4.667027e-01
        58         1       -1.129330e+00
        59         1       -6.154020e-01
        60         1       -2.111887e-01
        61         1       -2.898359e-01
        62         1        2.515591e-01
        63         1       -1.541055e-01
        64         1       -6.115653e-01
        65         1       -1.923960e+00
        66         1        1.219586e-01
        67         1       -2.353265e-01
        68         1        2.254703e-03
        69         1       -4.421209e-01
        70         1        6.798883e-01
        71         1        1.224806e+00
        72         1       -2.925298e-01
        73         1       -3.918866e-01
        74         1       -9.715404e-01
         1         2       -6.865293e-01
         2         2       -2.896700e-01
         3         2        9.375947e-01
         4         2        1.627484e+00
         5         2        9.246063e-01
         6         2        4.955413e-01
         7         2       -3.876448e-01
         8         2        3.200781e-01
         9         2        4.689880e-02
        10         2        1.369040e+00
        11         2       -7.945075e-01
        12         2        7.791524e-01
        13         2        5.532617e-01
        14         2        3.427582e-01
        15         2        7.248441e-01
        16         2       -1.883600e+00
        17         2       -5.625738e-01
        18         2       -5.219377e-02
        19         2        3.447689e-01
        20         2        2.286931e+00
        21         2       -8.793515e-02
        22         2        3.197180e-01
        23         2        2.245719e-01
        24         2        7.291309e-02
        25         2       -1.023375e+00
        26         2       -4.697155e-01
        27         2       -9.702524e-03
        28         2        1.346901e+00
        29         2        6.460966e-01
        30         2       -1.055025e+00
        31         2       -4.968694e-01
        32         2       -3.798630e-01
        33         2       -1.108893e-01
        34         2       -2.644470e-01
        35         2       -9.101108e-01
        36         2       -1.434183e+00
        37         2        7.818246e-01
        38         2       -1.288199e-01
        39         2        1.488291e+00
        40         2       -1.239305e+00
        41         2       -7.290157e-01
        42         2        1.098033e+00
        43         2        9.950771e-01
        44         2        2.012895e-01
        45         2       -6.598581e-01
        46         2        4.001322e-01
        47         2        7.616288e-02
        48         2       -5.925289e-01
        49         2        5.582516e-01
        50         2       -6.300646e-01
        51         2       -1.699741e+00
        52         2       -1.593103e+00
        53         2       -1.174806e+00
        54         2       -2.157015e+00
        55         2       -5.224154e-01
        56         2        8.739172e-01
        57         2       -4.768660e-01
        58         2       -9.310620e-02
        59         2        1.256538e+00
        60         2        5.478746e-01
        61         2        1.116404e+00
        62         2        1.361476e+00
        63         2       -8.230380e-01
        64         2        8.014995e-01
        65         2        3.519812e-01
        66         2        5.271890e-01
        67         2        2.996932e-01
        68         2       -3.535346e-01
        69         2       -1.286580e+00
        70         2       -5.158788e-01
        71         2       -4.799452e-01
        72         2       -8.033959e-02
        73         2       -1.486229e+00
        74         2       -2.000801e-01
         1         3       -2.526552e-01
         2         3        3.332326e+00
         3         3        1.244786e+00
         4         3       -1.973277e-02
         5         3        1.324346e-01
         6         3        1.486819e+00
         7         3       -1.590605e+00
         8         3       -7.943108e-01
         9         3       -5.109931e-01
        10         3       -9.277767e-01
        11         3        1.307568e+00
        12         3       -1.421344e+00
        13         3       -2.642619e-01
        14         3        7.166004e-01
        15         3       -7.296001e-01
        16         3       -1.271730e+00
        17         3        1.477399e+00
        18         3       -3.975131e-01
        19         3       -2.570767e-01
        20         3        5.915361e-02
        21         3       -1.024637e-02
        22         3       -8.237540e-01
        23         3        5.751353e-02
        24         3        1.149600e+00
        25         3       -1.279279e+00
        26         3       -2.828223e+00
        27         3        7.430759e-02
        28         3       -1.790367e+00
        29         3        2.645010e-01
        30         3       -1.091748e-01
        31         3        2.911356e-01
        32         3        1.030144e+00
        33         3       -2.934897e-01
        34         3        1.431255e-01
        35         3       -1.565152e+00
        36         3       -2.564839e-01
        37         3        2.843261e-01
        38         3        8.139742e-01
        39         3       -1.235360e+00
        40         3       -9.562732e-01
        41         3        6.240226e-01
        42         3        1.415810e+00
        43         3       -6.342303e-01
        44         3        1.553433e-01
        45         3        1.606903e+00
        46         3       -6.601714e-01
        47         3       -3.588033e-01
        48         3        6.150266e-01
        49         3        2.605704e-01
        50         3        8.178680e-01
        51         3        1.245270e+00
        52         3       -2.432163e+00
        53         3        7.252639e-01
        54         3       -2.331503e-01
        55         3       -5.443907e-01
        56         3       -3.604883e-01
        57         3       -8.048768e-02
        58         3        3.247626e-01
        59         3        9.980679e-02
        60         3       -6.672727e-01
        61         3        4.952719e-01
        62         3       -5.422445e-01
        63         3       -4.407474e-01
        64         3        8.592750e-01
        65         3       -7.396609e-01
        66         3        4.035211e-01
        67         3        1.363793e+00
        68         3        8.160860e-01
        69         3        9.502866e-01
        70         3       -1.060571e+00
        71         3       -7.402864e-01
        72         3        4.452386e-01
        73         3        2.435584e-01
        74         3        1.115776e+00
         1         4        7.516108e-01
         2         4       -1.163629e+00
         3         4       -9.176581e-02
         4         4        1.728386e+00
         5         4       -8.512988e-01
         6         4        8.438418e-02
         7         4        3.459964e-01
         8         4        1.773329e-01
         9         4       -8.503591e-01
        10         4       -7.615591e-01
        11         4        1.121978e-01
        12         4       -1.331002e+00
        13         4        6.560664e-01
        14         4        7.687644e-02
        15         4       -3.017474e-01
        16         4        3.628932e-01
        17         4        1.428694e+00
        18         4        1.202223e+00
        19         4        1.044287e+00
        20         4       -9.942289e-01
        21         4        9.876962e-01
        22         4        2.497176e+00
        23         4       -1.681923e-01
        24         4        1.452833e+00
        25         4       -5.745132e-01
        26         4       -1.791826e+00
        27         4        8.582030e-02
        28         4       -1.680371e+00
        29         4        1.482012e-01
        30         4        1.327441e+00
        31         4       -9.344922e-01
        32         4       -1.000353e+00
        33         4        1.107032e+00
        34         4       -7.258669e-01
        35         4       -3.589624e-01
        36         4        7.331218e-01
        37         4       -9.656139e-02
        38         4        6.170778e-01
        39         4       -1.396635e+00
        40         4        1.716991e-01
        41         4       -6.095796e-01
        42         4       -6.708244e-01
        43         4       -3.645068e-01
        44         4        4.565393e-01
        45         4        1.983502e-01
        46         4       -1.858697e-01
        47         4       -1.487313e-01
        48         4        8.834272e-01
        49         4       -5.173461e-01
        50         4        2.921589e-01
        51         4       -9.218214e-01
        52         4        1.283475e-01
        53         4       -4.927665e-02
        54         4       -2.735076e-01
        55         4       -1.056878e+00
        56         4        5.544630e-01
        57         4        3.072959e-01
        58         4       -1.012728e+00
        59         4       -2.242441e-01
        60         4       -1.404963e+00
        61         4        4.859824e-01
        62         4        3.918935e-01
        63         4        1.323103e-01
        64         4        1.601107e-01
        65         4        1.899148e+00
        66         4       -8.214558e-01
        67         4        6.182444e-01
        68         4       -5.047974e-01
        69         4        2.032686e+00
        70         4        2.102751e-01
        71         4        7.828949e-01
        72         4        5.384794e-01
        73         4        8.434107e-01
        74         4       -6.553748e-03
         1         5        3.521169e-01
         2         5        6.957959e-01
         3         5        2.505630e-01
         4         5       -9.187312e-01
         5         5        9.872736e-01
         6         5        8.541190e-01
         7         5        1.474770e+00
         8         5       -2.577892e+00
         9         5        3.622519e-01
        10         5       -8.478646e-01
        11         5       -6.516306e-01
        12         5       -5.049214e-01
        13         5        1.448637e+00
        14         5       -1.172444e+00
        15         5       -2.763511e-01
        16         5       -9.966626e-01
        17         5        1.554703e+00
        18         5        8.268913e-01
        19         5        7.358241e-01
        20         5       -1.471360e+00
        21         5        1.656633e+00
        22         5       -5.973426e-01
        23         5        2.969091e-02
        24         5        1.901699e-01
        25         5        2.263483e-02
        26         5       -1.604206e-02
        27         5        2.138941e-02
        28         5       -1.138373e+00
        29         5       -7.340026e-01
        30         5        1.773773e+00
        31         5       -7.430680e-01
        32         5       -4.974399e-01
        33         5        5.742534e-01
        34         5        4.723090e-01
        35         5       -1.047807e+00
        36         5        5.847496e-01
        37         5       -9.365437e-01
        38         5        1.633044e+00
        39         5       -2.716663e-01
        40         5       -1.571037e+00
        41         5        7.543283e-01
        42         5       -3.727676e-01
        43         5       -5.552333e-01
        44         5       -1.120074e+00
        45         5        7.965678e-01
        46         5       -7.310644e-01
        47         5        2.611764e-01
        48         5       -9.558326e-02
        49         5       -9.815584e-01
        50         5        1.036720e+00
        51         5       -3.292240e-01
        52         5       -4.940417e-01
        53         5        1.961845e+00
        54         5        9.002744e-01
        55         5        6.889042e-01
        56         5       -6.790136e-01
        57         5       -5.938309e-02
        58         5        1.309625e+00
        59         5       -1.805542e+00
        60         5        6.024761e-01
        61         5        1.152529e+00
        62         5        7.906001e-01
        63         5        1.334365e+00
        64         5        1.792040e-01
        65         5       -1.996021e-01
        66         5        1.214625e+00
        67         5        1.064741e+00
        68         5        2.777800e+00
        69         5        3.021899e-01
        70         5        1.043855e+00
        71         5       -2.665276e-01
        72         5       -8.265921e-01
        73         5        5.744495e-01
        74         5        1.534018e+00
;

param theta:=
    1        4.003642e-01
    2       -1.139868e+00
    3       -6.559452e-01
    4       -5.853630e-03
    5       -6.758658e-02
;
param X_true:=
    1        7.833116e-01
    2       -2.220691e+00
    3       -1.622439e+00
    4       -1.945779e+00
    5       -8.117566e-01
    6       -1.614366e+00
    7        1.691637e+00
    8        8.153256e-01
    9        3.423427e-01
   10       -1.118907e+00
   11        2.818759e-01
   12       -4.073087e-01
   13       -3.757687e-01
   14       -7.759115e-01
   15       -2.928873e-01
   16        3.498551e+00
   17       -2.885297e-01
   18        4.481316e-01
   19       -6.305672e-01
   20       -2.653334e+00
   21        3.344413e-02
   22        2.653087e-01
   23       -9.672433e-01
   24       -1.589921e+00
   25        1.455090e+00
   26        2.340837e+00
   27       -7.406188e-01
   28       -5.680300e-01
   29       -5.124519e-01
   30        1.538592e+00
   31        3.944646e-02
   32       -4.050901e-01
   33       -2.512691e-01
   34        9.577149e-01
   35        2.080899e+00
   36        1.913412e+00
   37       -2.208715e-01
   38       -5.818089e-01
   39        3.579568e-01
   40        2.097894e+00
   41       -1.004345e-01
   42       -1.968309e+00
   43       -3.830500e-01
   44        1.412943e-01
   45       -7.590037e-01
   46        1.153533e-01
   47        3.023565e-01
   48        3.786192e-01
   49       -6.403817e-01
   50       -1.531886e-01
   51        1.595684e+00
   52        3.024947e+00
   53        9.441829e-01
   54        2.830425e+00
   55        1.419092e-01
   56        3.342497e-01
   57        4.123553e-01
   58       -6.406183e-01
   59       -1.619722e+00
   60       -3.028041e-01
   61       -1.794487e+00
   62       -1.151300e+00
   63        1.074668e+00
   64       -1.734228e+00
   65       -6.836180e-01
   66       -8.938755e-01
   67       -1.405030e+00
   68       -3.151178e-01
   69        6.341131e-01
   70        1.483378e+00
   71        1.534239e+00
   72       -2.636618e-01
   73        1.332544e+00
   74       -9.969565e-01
;
param X:=
    1        5.712550e-01
    2       -2.582202e-01
    3       -3.650732e-01
    4       -3.253311e-01
    5       -3.204149e-01
    6        2.430531e-01
    7       -1.242182e+00
    8       -5.010807e-01
    9        3.423427e-01
   10       -7.944276e-01
   11        2.618158e-01
   12       -6.241639e-01
   13       -3.757687e-01
   14        4.314584e-01
   15       -1.212302e-01
   16        2.451950e-01
   17       -8.899104e-01
   18        4.836178e-01
   19       -4.560006e-01
   20       -2.653334e+00
   21       -2.255457e+00
   22        2.995618e-02
   23       -3.168373e-01
   24       -1.166872e-01
   25        6.875154e-01
   26        6.691519e-01
   27        2.738036e-01
   28       -1.242582e+00
   29       -5.124519e-01
   30        3.257979e-01
   31        2.191033e+00
   32        1.521116e-01
   33       -2.512691e-01
   34       -5.741295e-01
   35        1.488332e+00
   36        3.548717e-01
   37        1.191599e-01
   38       -5.890584e-01
   39       -5.479828e-01
   40        2.097894e+00
   41        1.183931e+00
   42        3.799571e-01
   43        2.710908e-02
   44        1.412943e-01
   45        1.060114e-01
   46        1.153533e-01
   47        8.470904e-01
   48        8.437983e-01
   49       -1.193592e-01
   50        1.353660e+00
   51        2.062446e+00
   52        2.430677e-01
   53       -6.018680e-01
   54        1.548173e-01
   55        5.757451e-01
   56       -1.938550e-01
   57       -5.082639e-01
   58       -9.063519e-02
   59        6.748101e-01
   60       -5.260417e-01
   61       -1.794487e+00
   62       -1.151300e+00
   63        5.922414e-01
   64        7.656823e-01
   65        4.276894e-01
   66       -8.049854e-01
   67        1.010337e-02
   68       -6.156146e-01
   69        6.341131e-01
   70       -4.054681e-01
   71       -7.919414e-01
   72        6.669887e-01
   73        1.332544e+00
   74        3.333981e-01
;
param outliervec:=
    1    1
    2    1
    3    1
    4    1
    5    1
    6    1
    7    1
    8    1
    9    0
   10    1
   11    1
   12    1
   13    0
   14    1
   15    1
   16    1
   17    1
   18    1
   19    1
   20    0
   21    1
   22    1
   23    1
   24    1
   25    1
   26    1
   27    1
   28    1
   29    0
   30    1
   31    1
   32    1
   33    0
   34    1
   35    1
   36    1
   37    1
   38    1
   39    1
   40    0
   41    1
   42    1
   43    1
   44    0
   45    1
   46    0
   47    1
   48    1
   49    1
   50    1
   51    1
   52    1
   53    1
   54    1
   55    1
   56    1
   57    1
   58    1
   59    1
   60    1
   61    0
   62    0
   63    1
   64    1
   65    1
   66    1
   67    1
   68    1
   69    0
   70    1
   71    1
   72    1
   73    0
   74    1
; 
param greedy_time :=         3.567898e-01
;