data;


param FN:= 0;
param D:= 100;
param U_Original:=
         1         1       -9.472269e-01
         2         1        5.197557e-01
         3         1        1.405009e+00
         4         1        4.589482e-02
         5         1        9.368059e-02
         6         1       -9.501152e-01
         7         1       -9.523098e-02
         8         1       -1.342891e-01
         9         1       -1.974210e+00
        10         1       -4.602579e-01
        11         1        4.296248e-01
        12         1       -3.029259e-01
        13         1       -7.617567e-02
        14         1       -1.107379e-01
        15         1       -1.184664e+00
        16         1        9.627706e-02
        17         1       -1.389042e-01
        18         1        8.880871e-03
        19         1        4.604048e-01
        20         1        3.902662e-02
        21         1        9.473068e-01
        22         1       -4.044252e-01
        23         1       -7.582278e-01
        24         1        1.101899e+00
        25         1        2.754360e-01
        26         1       -9.506929e-01
        27         1       -3.899823e-01
        28         1       -1.048876e+00
        29         1        2.377132e+00
        30         1       -5.055810e-01
        31         1        1.792422e+00
        32         1        3.106874e-01
        33         1       -2.080213e+00
        34         1        1.421650e+00
        35         1        7.590971e-01
        36         1        4.175789e-01
        37         1        5.828137e-01
        38         1       -2.012190e+00
        39         1        1.331141e+00
        40         1        8.026213e-01
        41         1       -1.892218e+00
        42         1       -1.133439e+00
        43         1       -6.849184e-01
        44         1       -2.284440e-01
        45         1        1.053039e+00
        46         1       -1.940329e-01
        47         1       -4.651177e-02
        48         1        2.322279e+00
        49         1        5.432625e-03
        50         1       -7.382151e-01
        51         1       -7.057100e-01
        52         1        5.546070e-01
        53         1        1.490802e+00
        54         1       -1.632130e+00
        55         1        3.470412e-01
        56         1       -1.529738e+00
        57         1       -2.745285e-01
        58         1        9.704779e-01
        59         1        5.308337e-01
        60         1       -9.182944e-01
        61         1        4.255556e-01
        62         1        1.217585e+00
        63         1       -8.474082e-01
        64         1        4.531826e-01
        65         1       -6.112392e-01
        66         1       -1.917426e+00
        67         1        3.707280e-01
        68         1        8.509156e-01
        69         1        3.007619e-01
        70         1        3.887732e-01
        71         1        5.574722e-01
        72         1        1.044053e+00
        73         1       -6.948334e-01
        74         1       -1.950037e-01
        75         1        1.966253e-01
        76         1        1.615707e+00
        77         1        9.596546e-01
        78         1        9.899868e-01
        79         1        4.375139e-01
        80         1       -6.663625e-01
        81         1        2.635858e+00
        82         1       -2.505006e-01
        83         1        1.823798e+00
        84         1        5.762288e-01
        85         1       -2.700490e-01
        86         1       -1.142240e-01
        87         1       -1.556276e+00
        88         1       -8.860784e-01
        89         1        5.212698e-01
        90         1        3.042797e-01
        91         1        7.944799e-01
        92         1       -9.107382e-01
        93         1       -1.634048e+00
        94         1        9.167173e-02
        95         1        1.216830e+00
        96         1       -9.168820e-01
        97         1        1.634379e+00
        98         1       -1.736813e+00
        99         1        1.847394e+00
       100         1        1.646654e+00
         1         2        4.980087e-01
         2         2        7.018400e-01
         3         2       -1.891952e-01
         4         2       -1.098588e+00
         5         2       -2.521721e-01
         6         2       -1.634308e+00
         7         2        1.922882e+00
         8         2       -1.758185e+00
         9         2        1.088893e-01
        10         2       -1.959390e-01
        11         2       -5.274498e-01
        12         2       -2.645734e+00
        13         2       -4.901003e-01
        14         2       -1.409276e-01
        15         2        4.122243e-01
        16         2       -7.019423e-01
        17         2       -5.405334e-03
        18         2        3.346745e-01
        19         2        1.000554e+00
        20         2       -6.285634e-01
        21         2        2.334604e-02
        22         2       -7.225998e-02
        23         2       -1.228970e+00
        24         2       -2.017685e+00
        25         2       -1.321924e+00
        26         2       -1.039717e+00
        27         2        4.848955e-01
        28         2       -1.543232e+00
        29         2       -9.298394e-01
        30         2        1.504905e+00
        31         2       -9.314817e-01
        32         2       -1.024048e+00
        33         2       -8.858324e-01
        34         2        5.581018e-01
        35         2       -9.745562e-01
        36         2       -1.497617e+00
        37         2       -4.482531e-01
        38         2        6.773204e-01
        39         2        1.916897e+00
        40         2        5.635364e-02
        41         2       -1.203615e+00
        42         2        1.004982e+00
        43         2        5.086387e-01
        44         2        1.045552e-01
        45         2        2.426579e-01
        46         2        1.730933e+00
        47         2       -2.133578e-01
        48         2       -2.454610e+00
        49         2       -5.759645e-01
        50         2       -7.184076e-01
        51         2        5.732142e-01
        52         2        1.176332e-01
        53         2       -6.796768e-01
        54         2        2.711571e-01
        55         2        8.883586e-01
        56         2        5.125830e-01
        57         2       -5.113356e-01
        58         2        1.687896e+00
        59         2       -4.349209e-01
        60         2        9.835968e-02
        61         2        1.465299e+00
        62         2        4.835197e-01
        63         2        6.178814e-01
        64         2        7.253446e-01
        65         2        4.115243e-01
        66         2        1.496783e+00
        67         2        9.210957e-01
        68         2       -9.758873e-02
        69         2       -2.634014e-01
        70         2       -7.342129e-01
        71         2        6.597299e-01
        72         2       -3.385566e-01
        73         2        1.071266e+00
        74         2       -8.603964e-01
        75         2        2.080057e+00
        76         2       -6.714982e-01
        77         2       -5.107569e-01
        78         2        3.350542e-01
        79         2       -7.115940e-01
        80         2       -2.534521e-01
        81         2        8.381100e-01
        82         2        6.605259e-01
        83         2       -8.805671e-01
        84         2        1.085769e-01
        85         2       -7.492753e-01
        86         2        6.025823e-03
        87         2        4.245642e-03
        88         2        4.037093e-01
        89         2       -9.058836e-01
        90         2       -7.129281e-01
        91         2        8.073116e-01
        92         2        3.498161e-01
        93         2       -5.160909e-03
        94         2       -1.016695e+00
        95         2       -1.585526e+00
        96         2        1.138871e+00
        97         2        7.979718e-01
        98         2        2.857658e-02
        99         2       -7.966311e-01
       100         2        6.180167e-01
         1         3       -6.252851e-01
         2         3       -5.126315e-01
         3         3       -1.674091e+00
         4         3       -1.323898e+00
         5         3       -5.377596e-01
         6         3        1.332288e-01
         7         3       -5.280997e-02
         8         3        9.087900e-01
         9         3       -2.538527e-01
        10         3        4.831099e-01
        11         3       -1.858548e+00
        12         3        1.262516e+00
        13         3       -1.687056e-01
        14         3       -6.587554e-01
        15         3       -1.594152e+00
        16         3       -3.151015e-01
        17         3        1.865409e+00
        18         3       -7.327008e-01
        19         3        9.314928e-01
        20         3        1.267253e+00
        21         3       -9.728290e-02
        22         3        2.274294e-02
        23         3       -7.720196e-01
        24         3       -5.069349e-01
        25         3        2.249036e-01
        26         3       -3.001926e-01
        27         3       -7.131457e-01
        28         3       -9.673592e-01
        29         3       -7.989968e-02
        30         3        7.156449e-01
        31         3       -9.003333e-01
        32         3        7.704232e-01
        33         3       -1.511046e-01
        34         3       -9.639573e-01
        35         3       -7.884960e-01
        36         3        3.303067e-01
        37         3       -9.814257e-01
        38         3       -1.254511e+00
        39         3        1.091549e+00
        40         3       -7.359971e-01
        41         3        1.865694e+00
        42         3       -7.325041e-01
        43         3        1.872233e-01
        44         3       -1.204459e+00
        45         3        8.253905e-02
        46         3       -1.774666e+00
        47         3        4.563646e-01
        48         3        3.013201e-01
        49         3        9.530586e-01
        50         3       -3.422173e-01
        51         3        2.134196e-01
        52         3        4.372784e-01
        53         3        9.819893e-01
        54         3       -2.274133e+00
        55         3        5.646792e-01
        56         3       -1.503886e+00
        57         3        1.868182e-01
        58         3        5.465936e-01
        59         3        6.466264e-01
        60         3        1.117807e+00
        61         3        7.934211e-01
        62         3        1.864132e+00
        63         3        2.498054e-01
        64         3        1.141898e+00
        65         3       -6.174307e-01
        66         3        9.889327e-01
        67         3       -1.080397e+00
        68         3       -2.187568e-01
        69         3        1.516184e+00
        70         3       -6.403716e-01
        71         3       -2.853078e+00
        72         3        5.148122e-01
        73         3       -2.303552e-01
        74         3       -1.940451e-01
        75         3        3.438391e-01
        76         3        9.643637e-01
        77         3       -1.429979e+00
        78         3       -1.345334e+00
        79         3       -7.937626e-01
        80         3       -4.143174e-01
        81         3        9.018393e-01
        82         3        5.972751e-01
        83         3        7.437215e-01
        84         3       -5.788649e-01
        85         3        2.912536e-01
        86         3       -8.114688e-01
        87         3        1.985498e+00
        88         3       -1.568589e+00
        89         3       -7.189047e-02
        90         3        1.459856e-01
        91         3        5.321770e-01
        92         3        9.712082e-01
        93         3        4.343476e-01
        94         3        2.712017e-01
        95         3       -2.435524e-01
        96         3       -1.168096e-01
        97         3       -3.474665e-01
        98         3        5.899643e-01
        99         3        8.997252e-01
       100         3       -4.386770e-01
         1         4        5.064187e-01
         2         4        8.542708e-01
         3         4        7.559382e-01
         4         4        4.468384e-01
         5         4        5.182181e-01
         6         4       -6.525880e-01
         7         4        9.681383e-01
         8         4       -6.230024e-01
         9         4       -7.434010e-01
        10         4       -5.485838e-01
        11         4       -1.726920e-01
        12         4        9.372057e-01
        13         4       -1.387615e+00
        14         4        2.236898e-01
        15         4       -8.904230e-01
        16         4        2.213317e+00
        17         4       -1.702191e-01
        18         4       -1.840102e+00
        19         4        1.061436e+00
        20         4       -6.361842e-01
        21         4       -9.067052e-01
        22         4       -1.004747e+00
        23         4        2.150672e-01
        24         4        4.175469e-01
        25         4        2.127035e+00
        26         4       -1.179469e-01
        27         4       -3.799698e-01
        28         4        6.465066e-01
        29         4       -1.060967e+00
        30         4        1.859844e+00
        31         4       -1.323711e+00
        32         4        7.087199e-01
        33         4        2.271408e-01
        34         4        8.958972e-01
        35         4       -3.723127e-01
        36         4        9.522712e-01
        37         4        2.079558e+00
        38         4        6.486958e-01
        39         4        1.158341e-02
        40         4        1.470581e+00
        41         4       -9.431141e-02
        42         4        9.631750e-02
        43         4        2.541156e+00
        44         4        3.954643e-01
        45         4       -2.159962e+00
        46         4       -1.035141e+00
        47         4       -9.559839e-01
        48         4       -4.390806e-01
        49         4        4.104501e-01
        50         4       -9.181243e-01
        51         4       -4.621606e-01
        52         4        1.085768e+00
        53         4       -3.957952e-01
        54         4       -2.014804e+00
        55         4       -2.160255e-01
        56         4       -2.569788e+00
        57         4       -1.914087e-01
        58         4        1.169701e+00
        59         4        2.554558e-01
        60         4       -1.140592e-01
        61         4       -3.345132e-01
        62         4        5.791299e-01
        63         4        5.629142e-01
        64         4        2.518199e-01
        65         4       -3.209388e-01
        66         4       -1.030011e+00
        67         4        1.710603e+00
        68         4        4.961310e-01
        69         4        1.131485e+00
        70         4       -4.417784e-01
        71         4        3.725328e-02
        72         4        1.218069e+00
        73         4       -4.837932e-02
        74         4       -3.685402e-01
        75         4       -4.456242e-02
        76         4        3.917954e-02
        77         4        5.039352e-01
        78         4       -8.474561e-01
        79         4        1.181025e+00
        80         4        3.695700e-01
        81         4        1.661703e-01
        82         4        5.619997e-01
        83         4       -5.933026e-03
        84         4       -2.436381e-01
        85         4       -1.232410e+00
        86         4       -2.167886e-01
        87         4        5.084876e-01
        88         4       -9.519724e-01
        89         4       -2.311892e-01
        90         4       -4.865494e-01
        91         4        1.267821e-01
        92         4       -1.612311e+00
        93         4        6.195963e-01
        94         4       -8.068798e-02
        95         4        1.857191e+00
        96         4       -1.079343e+00
        97         4        4.479779e-02
        98         4        1.343447e+00
        99         4       -5.499733e-01
       100         4        1.025335e+00
         1         5        1.129688e+00
         2         5       -8.206820e-01
         3         5        2.546251e-01
         4         5        7.860168e-03
         5         5       -1.171535e+00
         6         5       -9.744078e-01
         7         5        2.593393e-03
         8         5        6.972528e-01
         9         5        2.211196e+00
        10         5        8.866933e-01
        11         5       -3.513453e-02
        12         5        5.572097e-01
        13         5       -1.353771e+00
        14         5        4.271527e-01
        15         5        1.591929e+00
        16         5       -1.311878e+00
        17         5       -6.672443e-02
        18         5       -1.414421e+00
        19         5       -3.510627e-02
        20         5       -5.806487e-02
        21         5        2.419792e-01
        22         5        1.072637e+00
        23         5       -3.865573e-01
        24         5       -8.166614e-01
        25         5       -3.992835e-01
        26         5       -1.754949e+00
        27         5       -3.261178e-01
        28         5        4.608319e-01
        29         5        1.390844e+00
        30         5        4.455049e-02
        31         5        1.185004e+00
        32         5        6.865453e-01
        33         5        5.147167e-01
        34         5        6.534466e-01
        35         5       -1.091305e-01
        36         5       -2.594641e+00
        37         5        1.523085e+00
        38         5        8.150356e-01
        39         5        1.365880e+00
        40         5        4.768265e-02
        41         5       -1.919346e+00
        42         5        1.220588e+00
        43         5       -3.315621e-01
        44         5       -1.194037e+00
        45         5        4.278048e-01
        46         5        1.437718e+00
        47         5        9.257026e-01
        48         5       -1.570072e+00
        49         5       -9.275904e-01
        50         5       -7.598831e-01
        51         5       -1.582798e-01
        52         5       -4.769039e-01
        53         5        3.929980e-01
        54         5       -1.464528e+00
        55         5        6.700824e-01
        56         5        1.491797e+00
        57         5        4.597378e-01
        58         5        3.496941e-01
        59         5        1.612902e+00
        60         5       -4.315253e-01
        61         5       -1.040801e+00
        62         5        1.821516e-01
        63         5       -1.793083e+00
        64         5       -1.837148e+00
        65         5       -1.805296e+00
        66         5       -4.700260e-01
        67         5       -5.059727e-01
        68         5       -1.034211e+00
        69         5        1.677850e+00
        70         5        5.545413e-01
        71         5        8.221351e-02
        72         5        6.617405e-01
        73         5       -1.688817e+00
        74         5        8.033512e-01
        75         5       -1.838916e+00
        76         5        2.042636e+00
        77         5       -5.055920e-01
        78         5       -1.360408e+00
        79         5       -1.303745e-01
        80         5       -1.988676e-01
        81         5       -5.526466e-01
        82         5       -1.237160e+00
        83         5       -4.021377e-02
        84         5       -1.209845e+00
        85         5       -2.150904e-01
        86         5       -8.228702e-02
        87         5        8.211287e-01
        88         5       -5.219743e-01
        89         5        8.808445e-01
        90         5        9.666186e-01
        91         5        4.045863e-01
        92         5       -7.392597e-01
        93         5        7.445046e-01
        94         5        5.341749e-01
        95         5        1.799475e+00
        96         5        9.800378e-01
        97         5       -3.930230e-02
        98         5       -3.373606e+00
        99         5       -6.797268e-01
       100         5        4.950727e-01
;
param X_Original:=
    1       -6.586061e-01
    2       -3.488688e-01
    3        2.622926e+00
    4       -5.883953e-01
    5        1.273405e+00
    6        1.738789e+00
    7       -3.213038e+00
    8       -6.800008e-02
    9        8.169874e-01
   10       -2.513354e-01
   11       -6.379993e-01
   12        1.321825e+00
   13       -2.493632e-02
   14        1.116267e+00
   15       -5.596933e-02
   16       -1.179736e+00
   17        1.175613e-01
   18        1.998552e-01
   19       -3.302146e+00
   20       -1.288728e+00
   21        1.617274e+00
   22        1.922862e-01
   23        6.524458e-01
   24        1.826667e-01
   25        1.733288e-01
   26        2.359428e+00
   27       -5.151891e-01
   28        3.137143e+00
   29        7.835887e-01
   30       -4.268230e+00
   31        3.327312e+00
   32       -7.822423e-01
   33        2.302764e-02
   34        2.755927e-01
   35        9.844412e-01
   36        2.163144e-01
   37       -8.582475e-01
   38        6.550911e-02
   39        4.130736e-02
   40        1.349105e+00
   41       -8.131726e-01
   42        2.675366e+00
   43        8.805340e-01
   44        1.066610e-01
   45        6.595707e-01
   46        1.509836e-01
   47       -1.515084e-01
   48       -1.886665e+00
   49       -1.909952e+00
   50        1.696191e+00
   51       -1.018058e+00
   52        5.196038e-01
   53       -1.734743e+00
   54       -1.167712e+00
   55       -2.185949e+00
   56        2.100827e+00
   57        3.202998e-02
   58       -3.800079e+00
   59       -3.633121e-01
   60        5.994219e-01
   61       -9.855785e-01
   62       -3.671023e+00
   63       -4.095868e-01
   64        7.270368e-01
   65        6.130239e-01
   66       -3.394155e+00
   67       -3.211191e-01
   68       -8.371028e-01
   69        1.461171e+00
   70        2.174122e+00
   71        3.420362e+00
   72        1.309292e-01
   73       -8.556590e-01
   74       -1.494234e+00
   75        1.471020e+00
   76       -1.385799e+00
   77        2.978458e+00
   78       -2.267962e-01
   79       -2.354700e-01
   80        1.691868e-01
   81       -1.503058e-01
   82       -2.063536e+00
   83        7.966745e-01
   84        1.254206e+00
   85       -1.061085e+00
   86        5.466646e-01
   87       -3.735483e+00
   88       -7.931305e-01
   89       -5.319492e-01
   90        8.426434e-01
   91       -8.245454e-01
   92        5.591743e-01
   93       -7.125647e-01
   94        9.874412e-01
   95        1.529546e+00
   96       -1.029327e+00
   97       -1.053883e-01
   98        5.472635e-03
   99       -8.370960e-01
  100       -4.800059e-01
;
param outliervec_original :=
    1    1
    2    0
    3    0
    4    1
    5    0
    6    1
    7    0
    8    1
    9    1
   10    1
   11    1
   12    0
   13    1
   14    1
   15    1
   16    1
   17    1
   18    1
   19    0
   20    1
   21    1
   22    0
   23    1
   24    1
   25    1
   26    0
   27    1
   28    0
   29    1
   30    0
   31    0
   32    1
   33    1
   34    0
   35    1
   36    1
   37    1
   38    0
   39    1
   40    1
   41    0
   42    1
   43    1
   44    1
   45    1
   46    1
   47    1
   48    1
   49    1
   50    1
   51    0
   52    1
   53    1
   54    1
   55    0
   56    0
   57    1
   58    0
   59    1
   60    1
   61    1
   62    0
   63    1
   64    1
   65    1
   66    0
   67    0
   68    1
   69    1
   70    0
   71    0
   72    1
   73    0
   74    1
   75    1
   76    1
   77    0
   78    1
   79    1
   80    1
   81    1
   82    1
   83    1
   84    0
   85    1
   86    1
   87    0
   88    1
   89    1
   90    0
   91    1
   92    1
   93    1
   94    0
   95    0
   96    1
   97    1
   98    1
   99    1
  100    1
;
param d:= 79;
param r:=5;
param p:=0.700000;
param M:=1000;
param U:=
         1         1       -9.472269e-01
         2         1        5.197557e-01
         3         1        1.405009e+00
         4         1        9.368059e-02
         5         1       -9.501152e-01
         6         1       -9.523098e-02
         7         1       -1.342891e-01
         8         1       -1.974210e+00
         9         1       -4.602579e-01
        10         1       -3.029259e-01
        11         1       -1.107379e-01
        12         1        9.627706e-02
        13         1        4.604048e-01
        14         1        3.902662e-02
        15         1        9.473068e-01
        16         1       -4.044252e-01
        17         1       -7.582278e-01
        18         1        2.754360e-01
        19         1       -9.506929e-01
        20         1       -3.899823e-01
        21         1       -1.048876e+00
        22         1        2.377132e+00
        23         1       -5.055810e-01
        24         1        1.792422e+00
        25         1        3.106874e-01
        26         1       -2.080213e+00
        27         1        1.421650e+00
        28         1        7.590971e-01
        29         1        4.175789e-01
        30         1        5.828137e-01
        31         1       -2.012190e+00
        32         1        8.026213e-01
        33         1       -1.892218e+00
        34         1       -2.284440e-01
        35         1        1.053039e+00
        36         1       -1.940329e-01
        37         1       -4.651177e-02
        38         1        5.432625e-03
        39         1       -7.382151e-01
        40         1       -7.057100e-01
        41         1        1.490802e+00
        42         1        3.470412e-01
        43         1       -1.529738e+00
        44         1       -2.745285e-01
        45         1        9.704779e-01
        46         1        5.308337e-01
        47         1        4.255556e-01
        48         1        1.217585e+00
        49         1       -8.474082e-01
        50         1       -6.112392e-01
        51         1       -1.917426e+00
        52         1        3.707280e-01
        53         1        8.509156e-01
        54         1        3.887732e-01
        55         1        5.574722e-01
        56         1        1.044053e+00
        57         1       -6.948334e-01
        58         1        1.615707e+00
        59         1        9.596546e-01
        60         1        4.375139e-01
        61         1       -6.663625e-01
        62         1        2.635858e+00
        63         1       -2.505006e-01
        64         1        1.823798e+00
        65         1        5.762288e-01
        66         1       -1.142240e-01
        67         1       -1.556276e+00
        68         1        5.212698e-01
        69         1        3.042797e-01
        70         1        7.944799e-01
        71         1       -9.107382e-01
        72         1       -1.634048e+00
        73         1        9.167173e-02
        74         1        1.216830e+00
        75         1       -9.168820e-01
        76         1        1.634379e+00
        77         1       -1.736813e+00
        78         1        1.847394e+00
        79         1        1.646654e+00
         1         2        4.980087e-01
         2         2        7.018400e-01
         3         2       -1.891952e-01
         4         2       -2.521721e-01
         5         2       -1.634308e+00
         6         2        1.922882e+00
         7         2       -1.758185e+00
         8         2        1.088893e-01
         9         2       -1.959390e-01
        10         2       -2.645734e+00
        11         2       -1.409276e-01
        12         2       -7.019423e-01
        13         2        1.000554e+00
        14         2       -6.285634e-01
        15         2        2.334604e-02
        16         2       -7.225998e-02
        17         2       -1.228970e+00
        18         2       -1.321924e+00
        19         2       -1.039717e+00
        20         2        4.848955e-01
        21         2       -1.543232e+00
        22         2       -9.298394e-01
        23         2        1.504905e+00
        24         2       -9.314817e-01
        25         2       -1.024048e+00
        26         2       -8.858324e-01
        27         2        5.581018e-01
        28         2       -9.745562e-01
        29         2       -1.497617e+00
        30         2       -4.482531e-01
        31         2        6.773204e-01
        32         2        5.635364e-02
        33         2       -1.203615e+00
        34         2        1.045552e-01
        35         2        2.426579e-01
        36         2        1.730933e+00
        37         2       -2.133578e-01
        38         2       -5.759645e-01
        39         2       -7.184076e-01
        40         2        5.732142e-01
        41         2       -6.796768e-01
        42         2        8.883586e-01
        43         2        5.125830e-01
        44         2       -5.113356e-01
        45         2        1.687896e+00
        46         2       -4.349209e-01
        47         2        1.465299e+00
        48         2        4.835197e-01
        49         2        6.178814e-01
        50         2        4.115243e-01
        51         2        1.496783e+00
        52         2        9.210957e-01
        53         2       -9.758873e-02
        54         2       -7.342129e-01
        55         2        6.597299e-01
        56         2       -3.385566e-01
        57         2        1.071266e+00
        58         2       -6.714982e-01
        59         2       -5.107569e-01
        60         2       -7.115940e-01
        61         2       -2.534521e-01
        62         2        8.381100e-01
        63         2        6.605259e-01
        64         2       -8.805671e-01
        65         2        1.085769e-01
        66         2        6.025823e-03
        67         2        4.245642e-03
        68         2       -9.058836e-01
        69         2       -7.129281e-01
        70         2        8.073116e-01
        71         2        3.498161e-01
        72         2       -5.160909e-03
        73         2       -1.016695e+00
        74         2       -1.585526e+00
        75         2        1.138871e+00
        76         2        7.979718e-01
        77         2        2.857658e-02
        78         2       -7.966311e-01
        79         2        6.180167e-01
         1         3       -6.252851e-01
         2         3       -5.126315e-01
         3         3       -1.674091e+00
         4         3       -5.377596e-01
         5         3        1.332288e-01
         6         3       -5.280997e-02
         7         3        9.087900e-01
         8         3       -2.538527e-01
         9         3        4.831099e-01
        10         3        1.262516e+00
        11         3       -6.587554e-01
        12         3       -3.151015e-01
        13         3        9.314928e-01
        14         3        1.267253e+00
        15         3       -9.728290e-02
        16         3        2.274294e-02
        17         3       -7.720196e-01
        18         3        2.249036e-01
        19         3       -3.001926e-01
        20         3       -7.131457e-01
        21         3       -9.673592e-01
        22         3       -7.989968e-02
        23         3        7.156449e-01
        24         3       -9.003333e-01
        25         3        7.704232e-01
        26         3       -1.511046e-01
        27         3       -9.639573e-01
        28         3       -7.884960e-01
        29         3        3.303067e-01
        30         3       -9.814257e-01
        31         3       -1.254511e+00
        32         3       -7.359971e-01
        33         3        1.865694e+00
        34         3       -1.204459e+00
        35         3        8.253905e-02
        36         3       -1.774666e+00
        37         3        4.563646e-01
        38         3        9.530586e-01
        39         3       -3.422173e-01
        40         3        2.134196e-01
        41         3        9.819893e-01
        42         3        5.646792e-01
        43         3       -1.503886e+00
        44         3        1.868182e-01
        45         3        5.465936e-01
        46         3        6.466264e-01
        47         3        7.934211e-01
        48         3        1.864132e+00
        49         3        2.498054e-01
        50         3       -6.174307e-01
        51         3        9.889327e-01
        52         3       -1.080397e+00
        53         3       -2.187568e-01
        54         3       -6.403716e-01
        55         3       -2.853078e+00
        56         3        5.148122e-01
        57         3       -2.303552e-01
        58         3        9.643637e-01
        59         3       -1.429979e+00
        60         3       -7.937626e-01
        61         3       -4.143174e-01
        62         3        9.018393e-01
        63         3        5.972751e-01
        64         3        7.437215e-01
        65         3       -5.788649e-01
        66         3       -8.114688e-01
        67         3        1.985498e+00
        68         3       -7.189047e-02
        69         3        1.459856e-01
        70         3        5.321770e-01
        71         3        9.712082e-01
        72         3        4.343476e-01
        73         3        2.712017e-01
        74         3       -2.435524e-01
        75         3       -1.168096e-01
        76         3       -3.474665e-01
        77         3        5.899643e-01
        78         3        8.997252e-01
        79         3       -4.386770e-01
         1         4        5.064187e-01
         2         4        8.542708e-01
         3         4        7.559382e-01
         4         4        5.182181e-01
         5         4       -6.525880e-01
         6         4        9.681383e-01
         7         4       -6.230024e-01
         8         4       -7.434010e-01
         9         4       -5.485838e-01
        10         4        9.372057e-01
        11         4        2.236898e-01
        12         4        2.213317e+00
        13         4        1.061436e+00
        14         4       -6.361842e-01
        15         4       -9.067052e-01
        16         4       -1.004747e+00
        17         4        2.150672e-01
        18         4        2.127035e+00
        19         4       -1.179469e-01
        20         4       -3.799698e-01
        21         4        6.465066e-01
        22         4       -1.060967e+00
        23         4        1.859844e+00
        24         4       -1.323711e+00
        25         4        7.087199e-01
        26         4        2.271408e-01
        27         4        8.958972e-01
        28         4       -3.723127e-01
        29         4        9.522712e-01
        30         4        2.079558e+00
        31         4        6.486958e-01
        32         4        1.470581e+00
        33         4       -9.431141e-02
        34         4        3.954643e-01
        35         4       -2.159962e+00
        36         4       -1.035141e+00
        37         4       -9.559839e-01
        38         4        4.104501e-01
        39         4       -9.181243e-01
        40         4       -4.621606e-01
        41         4       -3.957952e-01
        42         4       -2.160255e-01
        43         4       -2.569788e+00
        44         4       -1.914087e-01
        45         4        1.169701e+00
        46         4        2.554558e-01
        47         4       -3.345132e-01
        48         4        5.791299e-01
        49         4        5.629142e-01
        50         4       -3.209388e-01
        51         4       -1.030011e+00
        52         4        1.710603e+00
        53         4        4.961310e-01
        54         4       -4.417784e-01
        55         4        3.725328e-02
        56         4        1.218069e+00
        57         4       -4.837932e-02
        58         4        3.917954e-02
        59         4        5.039352e-01
        60         4        1.181025e+00
        61         4        3.695700e-01
        62         4        1.661703e-01
        63         4        5.619997e-01
        64         4       -5.933026e-03
        65         4       -2.436381e-01
        66         4       -2.167886e-01
        67         4        5.084876e-01
        68         4       -2.311892e-01
        69         4       -4.865494e-01
        70         4        1.267821e-01
        71         4       -1.612311e+00
        72         4        6.195963e-01
        73         4       -8.068798e-02
        74         4        1.857191e+00
        75         4       -1.079343e+00
        76         4        4.479779e-02
        77         4        1.343447e+00
        78         4       -5.499733e-01
        79         4        1.025335e+00
         1         5        1.129688e+00
         2         5       -8.206820e-01
         3         5        2.546251e-01
         4         5       -1.171535e+00
         5         5       -9.744078e-01
         6         5        2.593393e-03
         7         5        6.972528e-01
         8         5        2.211196e+00
         9         5        8.866933e-01
        10         5        5.572097e-01
        11         5        4.271527e-01
        12         5       -1.311878e+00
        13         5       -3.510627e-02
        14         5       -5.806487e-02
        15         5        2.419792e-01
        16         5        1.072637e+00
        17         5       -3.865573e-01
        18         5       -3.992835e-01
        19         5       -1.754949e+00
        20         5       -3.261178e-01
        21         5        4.608319e-01
        22         5        1.390844e+00
        23         5        4.455049e-02
        24         5        1.185004e+00
        25         5        6.865453e-01
        26         5        5.147167e-01
        27         5        6.534466e-01
        28         5       -1.091305e-01
        29         5       -2.594641e+00
        30         5        1.523085e+00
        31         5        8.150356e-01
        32         5        4.768265e-02
        33         5       -1.919346e+00
        34         5       -1.194037e+00
        35         5        4.278048e-01
        36         5        1.437718e+00
        37         5        9.257026e-01
        38         5       -9.275904e-01
        39         5       -7.598831e-01
        40         5       -1.582798e-01
        41         5        3.929980e-01
        42         5        6.700824e-01
        43         5        1.491797e+00
        44         5        4.597378e-01
        45         5        3.496941e-01
        46         5        1.612902e+00
        47         5       -1.040801e+00
        48         5        1.821516e-01
        49         5       -1.793083e+00
        50         5       -1.805296e+00
        51         5       -4.700260e-01
        52         5       -5.059727e-01
        53         5       -1.034211e+00
        54         5        5.545413e-01
        55         5        8.221351e-02
        56         5        6.617405e-01
        57         5       -1.688817e+00
        58         5        2.042636e+00
        59         5       -5.055920e-01
        60         5       -1.303745e-01
        61         5       -1.988676e-01
        62         5       -5.526466e-01
        63         5       -1.237160e+00
        64         5       -4.021377e-02
        65         5       -1.209845e+00
        66         5       -8.228702e-02
        67         5        8.211287e-01
        68         5        8.808445e-01
        69         5        9.666186e-01
        70         5        4.045863e-01
        71         5       -7.392597e-01
        72         5        7.445046e-01
        73         5        5.341749e-01
        74         5        1.799475e+00
        75         5        9.800378e-01
        76         5       -3.930230e-02
        77         5       -3.373606e+00
        78         5       -6.797268e-01
        79         5        4.950727e-01
;

param theta:=
    1        1.603377e-01
    2       -1.467452e+00
    3       -1.520399e+00
    4       -4.721641e-01
    5       -2.697375e-01
;
param X_true:=
    1       -4.743840e-01
    2       -3.488688e-01
    3        2.622926e+00
    4        1.273405e+00
    5        2.615618e+00
    6       -3.213038e+00
    7        1.283718e+00
    8       -3.351158e-01
    9       -5.025535e-01
   10        1.321825e+00
   11        9.686328e-01
   12        8.338586e-01
   13       -3.302146e+00
   14       -6.825637e-01
   15        6.270234e-01
   16        1.922862e-01
   17        2.855313e+00
   18        7.456708e-01
   19        2.359428e+00
   20        5.780848e-01
   21        3.137143e+00
   22        1.991562e+00
   23       -4.268230e+00
   24        3.327312e+00
   25       -1.387125e-01
   26        9.495503e-01
   27        2.755927e-01
   28        2.955088e+00
   29        2.012220e+00
   30        8.506837e-01
   31        6.550911e-02
   32        4.561463e-01
   33       -8.131726e-01
   34        1.777061e+00
   35        5.912372e-01
   36        2.284317e-01
   37       -1.859985e-01
   38       -5.475549e-01
   39        2.094654e+00
   40       -1.018058e+00
   41       -1.758475e-01
   42       -2.185949e+00
   43        2.100827e+00
   44        3.895010e-01
   45       -3.800079e+00
   46       -8.152549e-01
   47       -2.850658e+00
   48       -3.671023e+00
   49       -1.204792e+00
   50        8.750833e-01
   51       -3.394155e+00
   52       -3.211191e-01
   53        6.545782e-01
   54        2.174122e+00
   55        3.420362e+00
   56       -8.733135e-01
   57       -8.556590e-01
   58       -7.902835e-01
   59        2.978458e+00
   60        1.798755e+00
   61        7.755574e-01
   62       -2.108800e+00
   63       -1.850873e+00
   64        4.664447e-01
   65        1.254206e+00
   66        1.330511e+00
   67       -3.735483e+00
   68        1.394376e+00
   69        8.426434e-01
   70       -2.036491e+00
   71       -1.174533e+00
   72       -1.408802e+00
   73        9.874412e-01
   74        1.529546e+00
   75       -1.395688e+00
   76       -3.904214e-01
   77       -9.401376e-01
   78        5.421868e-01
   79       -5.929157e-01
;
param X:=
    1       -6.586061e-01
    2       -3.488688e-01
    3        2.622926e+00
    4        1.273405e+00
    5        1.738789e+00
    6       -3.213038e+00
    7       -6.800008e-02
    8        8.169874e-01
    9       -2.513354e-01
   10        1.321825e+00
   11        1.116267e+00
   12       -1.179736e+00
   13       -3.302146e+00
   14       -1.288728e+00
   15        1.617274e+00
   16        1.922862e-01
   17        6.524458e-01
   18        1.733288e-01
   19        2.359428e+00
   20       -5.151891e-01
   21        3.137143e+00
   22        7.835887e-01
   23       -4.268230e+00
   24        3.327312e+00
   25       -7.822423e-01
   26        2.302764e-02
   27        2.755927e-01
   28        9.844412e-01
   29        2.163144e-01
   30       -8.582475e-01
   31        6.550911e-02
   32        1.349105e+00
   33       -8.131726e-01
   34        1.066610e-01
   35        6.595707e-01
   36        1.509836e-01
   37       -1.515084e-01
   38       -1.909952e+00
   39        1.696191e+00
   40       -1.018058e+00
   41       -1.734743e+00
   42       -2.185949e+00
   43        2.100827e+00
   44        3.202998e-02
   45       -3.800079e+00
   46       -3.633121e-01
   47       -9.855785e-01
   48       -3.671023e+00
   49       -4.095868e-01
   50        6.130239e-01
   51       -3.394155e+00
   52       -3.211191e-01
   53       -8.371028e-01
   54        2.174122e+00
   55        3.420362e+00
   56        1.309292e-01
   57       -8.556590e-01
   58       -1.385799e+00
   59        2.978458e+00
   60       -2.354700e-01
   61        1.691868e-01
   62       -1.503058e-01
   63       -2.063536e+00
   64        7.966745e-01
   65        1.254206e+00
   66        5.466646e-01
   67       -3.735483e+00
   68       -5.319492e-01
   69        8.426434e-01
   70       -8.245454e-01
   71        5.591743e-01
   72       -7.125647e-01
   73        9.874412e-01
   74        1.529546e+00
   75       -1.029327e+00
   76       -1.053883e-01
   77        5.472635e-03
   78       -8.370960e-01
   79       -4.800059e-01
;
param outliervec:=
    1    1
    2    0
    3    0
    4    0
    5    1
    6    0
    7    1
    8    1
    9    1
   10    0
   11    1
   12    1
   13    0
   14    1
   15    1
   16    0
   17    1
   18    1
   19    0
   20    1
   21    0
   22    1
   23    0
   24    0
   25    1
   26    1
   27    0
   28    1
   29    1
   30    1
   31    0
   32    1
   33    0
   34    1
   35    1
   36    1
   37    1
   38    1
   39    1
   40    0
   41    1
   42    0
   43    0
   44    1
   45    0
   46    1
   47    1
   48    0
   49    1
   50    1
   51    0
   52    0
   53    1
   54    0
   55    0
   56    1
   57    0
   58    1
   59    0
   60    1
   61    1
   62    1
   63    1
   64    1
   65    0
   66    1
   67    0
   68    1
   69    0
   70    1
   71    1
   72    1
   73    0
   74    0
   75    1
   76    1
   77    1
   78    1
   79    1
; 
param greedy_time :=         2.127947e-01
;