data;


param FN:= 0;
param D:= 100;
param U_Original:=
         1         1       -1.538172e+00
         2         1        3.132058e-01
         3         1        3.485888e-01
         4         1       -9.935695e-01
         5         1        6.723859e-02
         6         1       -2.077061e+00
         7         1        5.090527e-01
         8         1        1.320678e+00
         9         1        1.215204e-01
        10         1        4.076404e-01
        11         1        8.198798e-01
        12         1       -1.324163e-01
        13         1        6.025759e-01
        14         1        4.596701e-01
        15         1       -1.113272e+00
        16         1        2.096492e-01
        17         1       -5.300073e-01
        18         1       -1.573565e+00
        19         1        6.315804e-01
        20         1        1.340326e+00
        21         1       -1.340721e-01
        22         1       -4.703543e-01
        23         1       -1.992525e+00
        24         1        6.048948e-01
        25         1        1.858814e+00
        26         1        4.384655e-01
        27         1       -6.746626e-01
        28         1       -7.450062e-01
        29         1       -1.841451e-01
        30         1        2.658936e-01
        31         1       -5.183209e-01
        32         1       -1.067932e+00
        33         1        3.426273e-01
        34         1       -4.277848e-01
        35         1        2.332163e-01
        36         1       -5.778632e-01
        37         1        5.659383e-01
        38         1       -6.254054e-01
        39         1       -3.350033e-01
        40         1       -3.972512e-01
        41         1        8.825078e-02
        42         1       -1.810750e-01
        43         1        3.031442e-01
        44         1        2.267040e+00
        45         1        6.542370e-01
        46         1        1.996985e+00
        47         1       -1.828834e+00
        48         1       -3.147383e-01
        49         1       -7.569952e-01
        50         1        1.524796e+00
        51         1        3.064340e-01
        52         1       -2.832929e-01
        53         1       -1.126210e+00
        54         1        1.618753e+00
        55         1        1.717613e+00
        56         1        1.506221e+00
        57         1       -4.785738e-01
        58         1        1.285579e-01
        59         1        3.280878e-01
        60         1       -5.707715e-01
        61         1        1.438240e+00
        62         1        1.326273e+00
        63         1        6.769652e-01
        64         1       -3.121282e-01
        65         1       -5.031587e-02
        66         1       -3.249076e-01
        67         1       -5.580909e-01
        68         1       -1.972469e+00
        69         1       -3.405616e-01
        70         1       -2.996565e-01
        71         1        7.319456e-01
        72         1        1.118408e-01
        73         1       -1.039330e+00
        74         1       -2.676282e+00
        75         1        3.349983e-02
        76         1        4.546232e-01
        77         1        2.236580e-01
        78         1        6.979179e-01
        79         1        2.176445e+00
        80         1       -1.248128e+00
        81         1        1.377407e-01
        82         1       -9.268277e-01
        83         1       -3.039313e-01
        84         1        4.201197e-01
        85         1       -5.308296e-01
        86         1        1.009062e+00
        87         1       -2.750720e-02
        88         1        8.246959e-01
        89         1       -1.038114e+00
        90         1       -2.711126e-01
        91         1        6.076286e-01
        92         1       -9.785432e-01
        93         1        9.641058e-01
        94         1        1.379341e-01
        95         1        1.440903e-01
        96         1        1.100722e-01
        97         1       -2.491092e-01
        98         1       -6.120792e-01
        99         1        7.500984e-01
       100         1        3.154004e-01
         1         2       -4.330773e-01
         2         2        1.174831e+00
         3         2       -1.081856e+00
         4         2        9.221881e-01
         5         2       -8.842564e-01
         6         2        1.321883e-01
         7         2        1.303259e+00
         8         2       -5.940385e-02
         9         2        1.706791e+00
        10         2        1.795282e+00
        11         2       -1.577284e-01
        12         2       -5.133275e-01
        13         2        2.484709e-01
        14         2        1.892559e-01
        15         2        4.203173e-01
        16         2       -5.190593e-01
        17         2       -2.550702e-01
        18         2        2.925336e-01
        19         2        5.710894e-01
        20         2        5.596673e-01
        21         2       -1.565490e+00
        22         2        2.330040e+00
        23         2       -8.896816e-02
        24         2       -1.139003e-01
        25         2       -2.086294e-01
        26         2        1.019331e+00
        27         2       -1.374324e+00
        28         2       -1.241554e+00
        29         2        7.882282e-01
        30         2        1.740393e+00
        31         2       -9.561267e-01
        32         2       -1.432434e-01
        33         2       -7.430373e-01
        34         2       -6.161311e-01
        35         2       -1.716087e+00
        36         2       -1.322406e+00
        37         2       -7.744271e-01
        38         2        1.539467e+00
        39         2       -2.192150e-01
        40         2       -3.476775e-01
        41         2       -7.911392e-01
        42         2       -6.094427e-01
        43         2        3.687542e-01
        44         2       -1.055604e+00
        45         2        1.948708e-01
        46         2        1.155047e+00
        47         2       -1.803121e-01
        48         2        1.270952e-01
        49         2       -6.784559e-01
        50         2       -1.606417e+00
        51         2        1.134750e-01
        52         2       -1.314871e+00
        53         2        1.344357e-01
        54         2       -2.057684e-01
        55         2        1.162843e+00
        56         2        9.632691e-02
        57         2       -8.580282e-01
        58         2        1.281977e+00
        59         2       -2.155652e+00
        60         2        8.047758e-01
        61         2        8.852356e-01
        62         2       -4.905082e-02
        63         2       -2.735186e+00
        64         2       -3.356585e-02
        65         2       -1.784027e+00
        66         2       -1.096098e+00
        67         2       -3.875362e-01
        68         2        1.257638e+00
        69         2        1.195923e+00
        70         2        2.509719e+00
        71         2       -2.569755e-02
        72         2        5.765902e-01
        73         2       -1.420741e+00
        74         2       -8.179188e-01
        75         2       -1.542409e-01
        76         2        9.514873e-02
        77         2        9.993981e-01
        78         2        1.619733e+00
        79         2       -8.965871e-01
        80         2       -1.563948e+00
        81         2       -1.271997e+00
        82         2       -1.411526e+00
        83         2       -4.024414e-01
        84         2        3.138817e-01
        85         2        1.503892e-01
        86         2        1.036938e+00
        87         2       -1.081525e+00
        88         2       -2.518303e-01
        89         2        9.471623e-01
        90         2       -4.264733e-01
        91         2       -1.012019e+00
        92         2       -1.370294e+00
        93         2       -7.375906e-01
        94         2        3.989639e-01
        95         2       -2.335872e+00
        96         2       -1.259660e-01
        97         2       -2.463952e+00
        98         2       -1.613250e-01
        99         2        8.241529e-01
       100         2       -3.883486e-02
         1         3        2.918329e-01
         2         3        1.114186e+00
         3         3       -1.539295e+00
         4         3        4.045644e-01
         5         3        4.691194e-01
         6         3       -1.314155e-01
         7         3       -5.803646e-01
         8         3        7.007166e-01
         9         3        1.318087e+00
        10         3        4.831141e-01
        11         3       -9.277862e-01
        12         3        1.877334e-01
        13         3       -1.091985e-01
        14         3        3.109375e+00
        15         3       -2.427736e-01
        16         3        7.418143e-01
        17         3        6.840782e-01
        18         3       -8.952867e-01
        19         3        6.826129e-01
        20         3       -1.884575e-01
        21         3       -5.234076e-01
        22         3       -5.760158e-01
        23         3       -1.984748e+00
        24         3        3.999972e-01
        25         3       -5.157887e-01
        26         3        1.959594e+00
        27         3       -3.090985e-01
        28         3        6.838017e-02
        29         3       -8.039303e-01
        30         3        4.928149e-01
        31         3        2.460534e-01
        32         3        1.792815e+00
        33         3        1.687674e+00
        34         3        1.665983e+00
        35         3       -6.829445e-01
        36         3        4.253163e-01
        37         3       -6.407962e-01
        38         3        4.734979e-02
        39         3        4.461750e-01
        40         3        8.393407e-01
        41         3        7.432753e-01
        42         3        3.831220e-01
        43         3       -3.674089e-01
        44         3        1.887214e-01
        45         3        2.750258e-01
        46         3        9.509796e-02
        47         3        3.632434e-01
        48         3       -6.163901e-01
        49         3        1.394929e-01
        50         3        9.387577e-01
        51         3       -1.618445e-01
        52         3       -3.602852e-01
        53         3        1.130405e+00
        54         3        8.694513e-01
        55         3        7.825426e-03
        56         3        2.576657e+00
        57         3        1.317329e+00
        58         3        7.360554e-01
        59         3        1.303079e+00
        60         3       -4.369741e-01
        61         3        7.327611e-01
        62         3       -2.508975e+00
        63         3        1.229896e+00
        64         3       -6.414824e-02
        65         3        9.706910e-01
        66         3       -1.598193e+00
        67         3        5.310931e-01
        68         3       -1.301403e-01
        69         3        1.211973e-02
        70         3        7.218510e-01
        71         3        3.963205e-01
        72         3       -1.137689e+00
        73         3        1.229682e+00
        74         3       -8.446831e-01
        75         3        1.012919e+00
        76         3       -1.314027e+00
        77         3       -1.079986e+00
        78         3        2.110226e-01
        79         3        3.406545e-01
        80         3        3.110367e-01
        81         3        5.741958e-02
        82         3       -8.001721e-01
        83         3       -1.763318e+00
        84         3       -1.171978e+00
        85         3       -1.004458e-01
        86         3       -1.666266e+00
        87         3       -1.813454e+00
        88         3        2.806936e-02
        89         3       -3.983385e-01
        90         3        8.121556e-01
        91         3        3.379684e-01
        92         3        2.149439e-01
        93         3       -1.482904e-01
        94         3        2.110892e-02
        95         3        1.715688e-01
        96         3       -1.138038e+00
        97         3        3.250184e-01
        98         3       -1.267887e-01
        99         3        5.416744e-01
       100         3        2.229746e-02
         1         4        1.704379e+00
         2         4        5.394934e-01
         3         4        1.867730e-01
         4         4       -9.049830e-01
         5         4       -2.183633e-01
         6         4        8.698033e-01
         7         4       -1.770625e-01
         8         4       -6.360549e-01
         9         4       -7.083561e-01
        10         4       -2.692687e-01
        11         4       -8.934856e-01
        12         4        8.289505e-01
        13         4        2.591509e-02
        14         4        1.459425e+00
        15         4       -2.655622e-01
        16         4        2.589576e-01
        17         4        2.364098e-02
        18         4        3.287604e-01
        19         4        8.955882e-01
        20         4        1.129099e+00
        21         4        8.307902e-01
        22         4       -9.384937e-02
        23         4        8.394201e-01
        24         4       -2.865049e-01
        25         4       -5.615324e-01
        26         4       -9.893141e-01
        27         4        1.016240e+00
        28         4       -1.600106e-01
        29         4        8.986507e-01
        30         4       -5.338906e-03
        31         4        1.254036e+00
        32         4        1.302178e+00
        33         4       -3.613470e-01
        34         4       -8.562724e-01
        35         4       -7.905992e-01
        36         4       -1.107065e+00
        37         4        9.717667e-01
        38         4        1.186587e+00
        39         4        6.925461e-01
        40         4        2.769296e-02
        41         4        4.536158e-01
        42         4        5.244235e-01
        43         4        6.680895e-01
        44         4        4.024748e-01
        45         4        1.972645e-01
        46         4        3.810777e-01
        47         4       -1.027208e-01
        48         4        1.684780e+00
        49         4       -1.982230e-01
        50         4        1.026644e+00
        51         4        4.030388e-01
        52         4        9.438899e-01
        53         4       -2.376125e+00
        54         4       -5.033374e-01
        55         4       -8.241718e-01
        56         4       -8.688337e-01
        57         4       -1.748028e+00
        58         4        1.404517e+00
        59         4        5.812515e-01
        60         4       -1.506549e+00
        61         4        3.043627e-01
        62         4        3.706053e-01
        63         4        1.035468e+00
        64         4       -1.631593e+00
        65         4        1.286710e-01
        66         4       -1.612178e+00
        67         4       -1.125665e+00
        68         4        2.159052e+00
        69         4       -3.118163e+00
        70         4        5.331973e-01
        71         4        9.127742e-02
        72         4       -1.118243e+00
        73         4       -1.415690e+00
        74         4        6.754064e-01
        75         4        3.707137e-02
        76         4        1.111350e+00
        77         4        2.639619e-01
        78         4       -9.519314e-01
        79         4       -2.092165e-01
        80         4       -3.628899e-01
        81         4       -5.270674e-01
        82         4        1.707518e-01
        83         4        9.027602e-01
        84         4       -1.248645e+00
        85         4        5.494972e-01
        86         4        7.513534e-01
        87         4        8.794510e-01
        88         4       -6.194034e-01
        89         4       -5.685295e-01
        90         4        1.850773e-01
        91         4        1.770027e+00
        92         4        4.432565e-01
        93         4        1.877286e+00
        94         4        4.738316e-01
        95         4        1.466892e-01
        96         4        3.766028e-01
        97         4       -1.513415e-01
        98         4        6.528843e-03
        99         4        1.175054e-01
       100         4        9.537103e-01
         1         5       -2.203661e-01
         2         5        6.687685e-01
         3         5        1.142728e-01
         4         5        6.715011e-01
         5         5       -1.322656e+00
         6         5        8.569830e-01
         7         5       -4.912830e-01
         8         5       -1.507108e+00
         9         5       -7.976532e-01
        10         5       -5.251712e-01
        11         5        4.311678e-02
        12         5        8.182591e-02
        13         5        2.033275e+00
        14         5       -1.156077e+00
        15         5       -3.111901e-01
        16         5       -1.277030e-01
        17         5       -4.964078e-01
        18         5       -9.031031e-01
        19         5       -1.090768e+00
        20         5       -6.609938e-03
        21         5        1.356736e+00
        22         5        2.987657e+00
        23         5        5.170396e-01
        24         5       -1.408620e-01
        25         5       -1.397876e+00
        26         5        5.697811e-01
        27         5        1.517256e+00
        28         5        1.164909e+00
        29         5       -7.601988e-01
        30         5       -2.991197e-01
        31         5        4.136998e-01
        32         5       -8.557575e-01
        33         5        7.359730e-01
        34         5       -1.315120e+00
        35         5       -9.157503e-01
        36         5       -1.262435e+00
        37         5       -1.436804e+00
        38         5       -4.812779e-01
        39         5        6.499505e-01
        40         5        5.372362e-01
        41         5        3.462798e-01
        42         5       -1.350209e+00
        43         5       -1.818429e-01
        44         5        1.592960e+00
        45         5       -9.976946e-01
        46         5        7.507741e-01
        47         5        1.298248e+00
        48         5       -6.558266e-02
        49         5        5.129076e-01
        50         5        2.079998e+00
        51         5        1.245531e+00
        52         5       -1.389194e+00
        53         5        1.546483e-02
        54         5       -1.920632e-01
        55         5       -6.507630e-01
        56         5       -1.604239e+00
        57         5        6.410931e-01
        58         5        5.262991e-01
        59         5        1.112896e-02
        60         5        2.204971e+00
        61         5        2.214268e+00
        62         5        6.380362e-01
        63         5        3.564715e-01
        64         5       -2.681657e-01
        65         5       -6.153070e-01
        66         5       -7.450104e-01
        67         5        1.601983e-01
        68         5       -1.242373e-01
        69         5        3.343178e-01
        70         5        2.148327e-01
        71         5        5.240912e-01
        72         5        3.231888e-01
        73         5        7.198631e-01
        74         5        5.023018e-01
        75         5       -5.108897e-01
        76         5        4.251965e-01
        77         5        3.812143e-02
        78         5        7.920852e-01
        79         5       -8.150160e-01
        80         5        1.221687e+00
        81         5        2.612083e+00
        82         5       -2.312937e-01
        83         5       -1.780938e+00
        84         5       -2.315736e-01
        85         5        7.678821e-01
        86         5        6.640078e-01
        87         5       -7.355591e-01
        88         5       -5.663998e-01
        89         5        7.585798e-01
        90         5       -4.781215e-01
        91         5       -7.161039e-02
        92         5        6.419862e-01
        93         5        7.091608e-01
        94         5        1.481483e+00
        95         5        2.520934e+00
        96         5        8.573773e-01
        97         5        9.341743e-01
        98         5        1.221113e-01
        99         5       -1.098615e+00
       100         5       -2.398785e-01
;
param X_Original:=
    1       -6.590876e-01
    2       -2.250358e+00
    3        1.911381e+00
    4       -1.432653e+00
    5        1.026615e+00
    6       -1.416445e+00
    7        1.461391e+00
    8        1.265965e+00
    9       -6.436530e-01
   10       -1.464815e-01
   11        1.439113e+00
   12        1.231490e-01
   13       -2.169238e+00
   14       -2.721519e+00
   15        4.771004e-01
   16       -7.896835e-01
   17       -4.049425e-01
   18        1.855100e+00
   19        4.423470e-01
   20        3.926729e-01
   21       -1.072176e+00
   22       -7.531430e-01
   23        1.409293e+00
   24       -1.803545e-01
   25        2.814778e+00
   26       -3.001280e+00
   27        1.628090e+00
   28       -1.614987e+00
   29        1.789436e+00
   30       -2.330082e-01
   31       -1.078207e+00
   32       -1.687048e+00
   33       -2.937012e+00
   34        3.802452e-01
   35        2.974413e-01
   36        9.883275e-01
   37        2.552697e+00
   38        2.180705e-01
   39        2.899019e-01
   40       -1.814781e+00
   41       -1.408303e+00
   42        1.020546e+00
   43        6.701713e-01
   44       -1.706428e+00
   45        9.541397e-01
   46       -6.481466e-01
   47       -2.404425e+00
   48        5.915416e-01
   49        2.084919e+00
   50       -3.494665e+00
   51       -1.268705e+00
   52       -3.322076e-01
   53       -3.401715e-01
   54        2.603190e-01
   55        1.017307e+00
   56       -9.732376e-01
   57       -2.344419e+00
   58       -1.741936e+00
   59       -1.685020e+00
   60       -2.013132e+00
   61        3.455771e-01
   62        2.717173e+00
   63       -1.982537e+00
   64        5.449104e-01
   65       -5.318422e-01
   66        3.100723e+00
   67       -8.523115e-01
   68       -3.926969e-01
   69       -9.849847e-01
   70       -1.340678e+00
   71       -9.933852e-01
   72        1.245549e+00
   73       -2.484786e+00
   74       -1.088048e+00
   75       -6.934040e-01
   76        1.144502e+00
   77        1.357352e+00
   78       -9.611133e-01
   79        1.038538e+00
   80       -2.076918e+00
   81        4.809884e-02
   82        1.099438e+00
   83       -8.882571e-01
   84        2.039299e+00
   85       -9.755087e-01
   86        7.704818e-01
   87        3.114087e+00
   88        9.007483e-01
   89       -6.943528e-01
   90       -5.558422e-01
   91       -4.381929e-01
   92       -1.304409e+00
   93       -6.837101e-01
   94       -1.835135e+00
   95       -3.211877e+00
   96        4.203605e-01
   97        5.810548e-01
   98       -1.141269e-01
   99        7.567766e-01
  100        2.052660e-01
;
param outliervec_original :=
    1    0
    2    0
    3    0
    4    0
    5    0
    6    0
    7    0
    8    0
    9    0
   10    1
   11    0
   12    1
   13    0
   14    0
   15    0
   16    0
   17    0
   18    0
   19    0
   20    0
   21    0
   22    1
   23    0
   24    0
   25    0
   26    0
   27    1
   28    0
   29    0
   30    0
   31    0
   32    0
   33    0
   34    1
   35    1
   36    0
   37    0
   38    0
   39    1
   40    0
   41    0
   42    0
   43    0
   44    0
   45    0
   46    0
   47    0
   48    0
   49    1
   50    0
   51    0
   52    1
   53    1
   54    1
   55    1
   56    0
   57    0
   58    0
   59    0
   60    0
   61    1
   62    0
   63    0
   64    0
   65    0
   66    0
   67    0
   68    0
   69    1
   70    0
   71    0
   72    0
   73    0
   74    1
   75    0
   76    0
   77    0
   78    0
   79    0
   80    0
   81    1
   82    0
   83    1
   84    0
   85    0
   86    1
   87    0
   88    0
   89    1
   90    0
   91    0
   92    0
   93    0
   94    0
   95    0
   96    0
   97    1
   98    0
   99    0
  100    0
;
param d:= 94;
param r:=5;
param p:=0.200000;
param M:=1000;
param U:=
         1         1       -1.538172e+00
         2         1        3.132058e-01
         3         1        3.485888e-01
         4         1       -9.935695e-01
         5         1        6.723859e-02
         6         1       -2.077061e+00
         7         1        5.090527e-01
         8         1        1.320678e+00
         9         1        1.215204e-01
        10         1        4.076404e-01
        11         1        8.198798e-01
        12         1       -1.324163e-01
        13         1        6.025759e-01
        14         1        4.596701e-01
        15         1       -1.113272e+00
        16         1        2.096492e-01
        17         1       -5.300073e-01
        18         1       -1.573565e+00
        19         1        6.315804e-01
        20         1        1.340326e+00
        21         1       -1.340721e-01
        22         1       -4.703543e-01
        23         1       -1.992525e+00
        24         1        6.048948e-01
        25         1        1.858814e+00
        26         1        4.384655e-01
        27         1       -7.450062e-01
        28         1       -1.841451e-01
        29         1        2.658936e-01
        30         1       -5.183209e-01
        31         1       -1.067932e+00
        32         1        3.426273e-01
        33         1       -4.277848e-01
        34         1        2.332163e-01
        35         1       -5.778632e-01
        36         1        5.659383e-01
        37         1       -6.254054e-01
        38         1       -3.350033e-01
        39         1       -3.972512e-01
        40         1        8.825078e-02
        41         1       -1.810750e-01
        42         1        3.031442e-01
        43         1        2.267040e+00
        44         1        6.542370e-01
        45         1        1.996985e+00
        46         1       -1.828834e+00
        47         1       -3.147383e-01
        48         1        1.524796e+00
        49         1        3.064340e-01
        50         1       -2.832929e-01
        51         1       -1.126210e+00
        52         1        1.618753e+00
        53         1        1.717613e+00
        54         1        1.506221e+00
        55         1       -4.785738e-01
        56         1        1.285579e-01
        57         1        3.280878e-01
        58         1       -5.707715e-01
        59         1        1.326273e+00
        60         1        6.769652e-01
        61         1       -3.121282e-01
        62         1       -5.031587e-02
        63         1       -3.249076e-01
        64         1       -5.580909e-01
        65         1       -1.972469e+00
        66         1       -3.405616e-01
        67         1       -2.996565e-01
        68         1        7.319456e-01
        69         1        1.118408e-01
        70         1       -1.039330e+00
        71         1       -2.676282e+00
        72         1        3.349983e-02
        73         1        4.546232e-01
        74         1        2.236580e-01
        75         1        6.979179e-01
        76         1        2.176445e+00
        77         1       -1.248128e+00
        78         1       -9.268277e-01
        79         1        4.201197e-01
        80         1       -5.308296e-01
        81         1        1.009062e+00
        82         1       -2.750720e-02
        83         1        8.246959e-01
        84         1       -1.038114e+00
        85         1       -2.711126e-01
        86         1        6.076286e-01
        87         1       -9.785432e-01
        88         1        9.641058e-01
        89         1        1.379341e-01
        90         1        1.440903e-01
        91         1        1.100722e-01
        92         1       -6.120792e-01
        93         1        7.500984e-01
        94         1        3.154004e-01
         1         2       -4.330773e-01
         2         2        1.174831e+00
         3         2       -1.081856e+00
         4         2        9.221881e-01
         5         2       -8.842564e-01
         6         2        1.321883e-01
         7         2        1.303259e+00
         8         2       -5.940385e-02
         9         2        1.706791e+00
        10         2        1.795282e+00
        11         2       -1.577284e-01
        12         2       -5.133275e-01
        13         2        2.484709e-01
        14         2        1.892559e-01
        15         2        4.203173e-01
        16         2       -5.190593e-01
        17         2       -2.550702e-01
        18         2        2.925336e-01
        19         2        5.710894e-01
        20         2        5.596673e-01
        21         2       -1.565490e+00
        22         2        2.330040e+00
        23         2       -8.896816e-02
        24         2       -1.139003e-01
        25         2       -2.086294e-01
        26         2        1.019331e+00
        27         2       -1.241554e+00
        28         2        7.882282e-01
        29         2        1.740393e+00
        30         2       -9.561267e-01
        31         2       -1.432434e-01
        32         2       -7.430373e-01
        33         2       -6.161311e-01
        34         2       -1.716087e+00
        35         2       -1.322406e+00
        36         2       -7.744271e-01
        37         2        1.539467e+00
        38         2       -2.192150e-01
        39         2       -3.476775e-01
        40         2       -7.911392e-01
        41         2       -6.094427e-01
        42         2        3.687542e-01
        43         2       -1.055604e+00
        44         2        1.948708e-01
        45         2        1.155047e+00
        46         2       -1.803121e-01
        47         2        1.270952e-01
        48         2       -1.606417e+00
        49         2        1.134750e-01
        50         2       -1.314871e+00
        51         2        1.344357e-01
        52         2       -2.057684e-01
        53         2        1.162843e+00
        54         2        9.632691e-02
        55         2       -8.580282e-01
        56         2        1.281977e+00
        57         2       -2.155652e+00
        58         2        8.047758e-01
        59         2       -4.905082e-02
        60         2       -2.735186e+00
        61         2       -3.356585e-02
        62         2       -1.784027e+00
        63         2       -1.096098e+00
        64         2       -3.875362e-01
        65         2        1.257638e+00
        66         2        1.195923e+00
        67         2        2.509719e+00
        68         2       -2.569755e-02
        69         2        5.765902e-01
        70         2       -1.420741e+00
        71         2       -8.179188e-01
        72         2       -1.542409e-01
        73         2        9.514873e-02
        74         2        9.993981e-01
        75         2        1.619733e+00
        76         2       -8.965871e-01
        77         2       -1.563948e+00
        78         2       -1.411526e+00
        79         2        3.138817e-01
        80         2        1.503892e-01
        81         2        1.036938e+00
        82         2       -1.081525e+00
        83         2       -2.518303e-01
        84         2        9.471623e-01
        85         2       -4.264733e-01
        86         2       -1.012019e+00
        87         2       -1.370294e+00
        88         2       -7.375906e-01
        89         2        3.989639e-01
        90         2       -2.335872e+00
        91         2       -1.259660e-01
        92         2       -1.613250e-01
        93         2        8.241529e-01
        94         2       -3.883486e-02
         1         3        2.918329e-01
         2         3        1.114186e+00
         3         3       -1.539295e+00
         4         3        4.045644e-01
         5         3        4.691194e-01
         6         3       -1.314155e-01
         7         3       -5.803646e-01
         8         3        7.007166e-01
         9         3        1.318087e+00
        10         3        4.831141e-01
        11         3       -9.277862e-01
        12         3        1.877334e-01
        13         3       -1.091985e-01
        14         3        3.109375e+00
        15         3       -2.427736e-01
        16         3        7.418143e-01
        17         3        6.840782e-01
        18         3       -8.952867e-01
        19         3        6.826129e-01
        20         3       -1.884575e-01
        21         3       -5.234076e-01
        22         3       -5.760158e-01
        23         3       -1.984748e+00
        24         3        3.999972e-01
        25         3       -5.157887e-01
        26         3        1.959594e+00
        27         3        6.838017e-02
        28         3       -8.039303e-01
        29         3        4.928149e-01
        30         3        2.460534e-01
        31         3        1.792815e+00
        32         3        1.687674e+00
        33         3        1.665983e+00
        34         3       -6.829445e-01
        35         3        4.253163e-01
        36         3       -6.407962e-01
        37         3        4.734979e-02
        38         3        4.461750e-01
        39         3        8.393407e-01
        40         3        7.432753e-01
        41         3        3.831220e-01
        42         3       -3.674089e-01
        43         3        1.887214e-01
        44         3        2.750258e-01
        45         3        9.509796e-02
        46         3        3.632434e-01
        47         3       -6.163901e-01
        48         3        9.387577e-01
        49         3       -1.618445e-01
        50         3       -3.602852e-01
        51         3        1.130405e+00
        52         3        8.694513e-01
        53         3        7.825426e-03
        54         3        2.576657e+00
        55         3        1.317329e+00
        56         3        7.360554e-01
        57         3        1.303079e+00
        58         3       -4.369741e-01
        59         3       -2.508975e+00
        60         3        1.229896e+00
        61         3       -6.414824e-02
        62         3        9.706910e-01
        63         3       -1.598193e+00
        64         3        5.310931e-01
        65         3       -1.301403e-01
        66         3        1.211973e-02
        67         3        7.218510e-01
        68         3        3.963205e-01
        69         3       -1.137689e+00
        70         3        1.229682e+00
        71         3       -8.446831e-01
        72         3        1.012919e+00
        73         3       -1.314027e+00
        74         3       -1.079986e+00
        75         3        2.110226e-01
        76         3        3.406545e-01
        77         3        3.110367e-01
        78         3       -8.001721e-01
        79         3       -1.171978e+00
        80         3       -1.004458e-01
        81         3       -1.666266e+00
        82         3       -1.813454e+00
        83         3        2.806936e-02
        84         3       -3.983385e-01
        85         3        8.121556e-01
        86         3        3.379684e-01
        87         3        2.149439e-01
        88         3       -1.482904e-01
        89         3        2.110892e-02
        90         3        1.715688e-01
        91         3       -1.138038e+00
        92         3       -1.267887e-01
        93         3        5.416744e-01
        94         3        2.229746e-02
         1         4        1.704379e+00
         2         4        5.394934e-01
         3         4        1.867730e-01
         4         4       -9.049830e-01
         5         4       -2.183633e-01
         6         4        8.698033e-01
         7         4       -1.770625e-01
         8         4       -6.360549e-01
         9         4       -7.083561e-01
        10         4       -2.692687e-01
        11         4       -8.934856e-01
        12         4        8.289505e-01
        13         4        2.591509e-02
        14         4        1.459425e+00
        15         4       -2.655622e-01
        16         4        2.589576e-01
        17         4        2.364098e-02
        18         4        3.287604e-01
        19         4        8.955882e-01
        20         4        1.129099e+00
        21         4        8.307902e-01
        22         4       -9.384937e-02
        23         4        8.394201e-01
        24         4       -2.865049e-01
        25         4       -5.615324e-01
        26         4       -9.893141e-01
        27         4       -1.600106e-01
        28         4        8.986507e-01
        29         4       -5.338906e-03
        30         4        1.254036e+00
        31         4        1.302178e+00
        32         4       -3.613470e-01
        33         4       -8.562724e-01
        34         4       -7.905992e-01
        35         4       -1.107065e+00
        36         4        9.717667e-01
        37         4        1.186587e+00
        38         4        6.925461e-01
        39         4        2.769296e-02
        40         4        4.536158e-01
        41         4        5.244235e-01
        42         4        6.680895e-01
        43         4        4.024748e-01
        44         4        1.972645e-01
        45         4        3.810777e-01
        46         4       -1.027208e-01
        47         4        1.684780e+00
        48         4        1.026644e+00
        49         4        4.030388e-01
        50         4        9.438899e-01
        51         4       -2.376125e+00
        52         4       -5.033374e-01
        53         4       -8.241718e-01
        54         4       -8.688337e-01
        55         4       -1.748028e+00
        56         4        1.404517e+00
        57         4        5.812515e-01
        58         4       -1.506549e+00
        59         4        3.706053e-01
        60         4        1.035468e+00
        61         4       -1.631593e+00
        62         4        1.286710e-01
        63         4       -1.612178e+00
        64         4       -1.125665e+00
        65         4        2.159052e+00
        66         4       -3.118163e+00
        67         4        5.331973e-01
        68         4        9.127742e-02
        69         4       -1.118243e+00
        70         4       -1.415690e+00
        71         4        6.754064e-01
        72         4        3.707137e-02
        73         4        1.111350e+00
        74         4        2.639619e-01
        75         4       -9.519314e-01
        76         4       -2.092165e-01
        77         4       -3.628899e-01
        78         4        1.707518e-01
        79         4       -1.248645e+00
        80         4        5.494972e-01
        81         4        7.513534e-01
        82         4        8.794510e-01
        83         4       -6.194034e-01
        84         4       -5.685295e-01
        85         4        1.850773e-01
        86         4        1.770027e+00
        87         4        4.432565e-01
        88         4        1.877286e+00
        89         4        4.738316e-01
        90         4        1.466892e-01
        91         4        3.766028e-01
        92         4        6.528843e-03
        93         4        1.175054e-01
        94         4        9.537103e-01
         1         5       -2.203661e-01
         2         5        6.687685e-01
         3         5        1.142728e-01
         4         5        6.715011e-01
         5         5       -1.322656e+00
         6         5        8.569830e-01
         7         5       -4.912830e-01
         8         5       -1.507108e+00
         9         5       -7.976532e-01
        10         5       -5.251712e-01
        11         5        4.311678e-02
        12         5        8.182591e-02
        13         5        2.033275e+00
        14         5       -1.156077e+00
        15         5       -3.111901e-01
        16         5       -1.277030e-01
        17         5       -4.964078e-01
        18         5       -9.031031e-01
        19         5       -1.090768e+00
        20         5       -6.609938e-03
        21         5        1.356736e+00
        22         5        2.987657e+00
        23         5        5.170396e-01
        24         5       -1.408620e-01
        25         5       -1.397876e+00
        26         5        5.697811e-01
        27         5        1.164909e+00
        28         5       -7.601988e-01
        29         5       -2.991197e-01
        30         5        4.136998e-01
        31         5       -8.557575e-01
        32         5        7.359730e-01
        33         5       -1.315120e+00
        34         5       -9.157503e-01
        35         5       -1.262435e+00
        36         5       -1.436804e+00
        37         5       -4.812779e-01
        38         5        6.499505e-01
        39         5        5.372362e-01
        40         5        3.462798e-01
        41         5       -1.350209e+00
        42         5       -1.818429e-01
        43         5        1.592960e+00
        44         5       -9.976946e-01
        45         5        7.507741e-01
        46         5        1.298248e+00
        47         5       -6.558266e-02
        48         5        2.079998e+00
        49         5        1.245531e+00
        50         5       -1.389194e+00
        51         5        1.546483e-02
        52         5       -1.920632e-01
        53         5       -6.507630e-01
        54         5       -1.604239e+00
        55         5        6.410931e-01
        56         5        5.262991e-01
        57         5        1.112896e-02
        58         5        2.204971e+00
        59         5        6.380362e-01
        60         5        3.564715e-01
        61         5       -2.681657e-01
        62         5       -6.153070e-01
        63         5       -7.450104e-01
        64         5        1.601983e-01
        65         5       -1.242373e-01
        66         5        3.343178e-01
        67         5        2.148327e-01
        68         5        5.240912e-01
        69         5        3.231888e-01
        70         5        7.198631e-01
        71         5        5.023018e-01
        72         5       -5.108897e-01
        73         5        4.251965e-01
        74         5        3.812143e-02
        75         5        7.920852e-01
        76         5       -8.150160e-01
        77         5        1.221687e+00
        78         5       -2.312937e-01
        79         5       -2.315736e-01
        80         5        7.678821e-01
        81         5        6.640078e-01
        82         5       -7.355591e-01
        83         5       -5.663998e-01
        84         5        7.585798e-01
        85         5       -4.781215e-01
        86         5       -7.161039e-02
        87         5        6.419862e-01
        88         5        7.091608e-01
        89         5        1.481483e+00
        90         5        2.520934e+00
        91         5        8.573773e-01
        92         5        1.221113e-01
        93         5       -1.098615e+00
        94         5       -2.398785e-01
;

param theta:=
    1        2.157189e-01
    2       -7.171643e-03
    3       -1.292210e+00
    4       -1.274383e-01
    5       -1.197697e+00
;
param X_true:=
    1       -6.590876e-01
    2       -2.250358e+00
    3        1.911381e+00
    4       -1.432653e+00
    5        1.026615e+00
    6       -1.416445e+00
    7        1.461391e+00
    8        1.265965e+00
    9       -6.436530e-01
   10        1.140870e-01
   11        1.439113e+00
   12       -4.711170e-01
   13       -2.169238e+00
   14       -2.721519e+00
   15        4.771004e-01
   16       -7.896835e-01
   17       -4.049425e-01
   18        1.855100e+00
   19        4.423470e-01
   20        3.926729e-01
   21       -1.072176e+00
   22       -2.940189e+00
   23        1.409293e+00
   24       -1.803545e-01
   25        2.814778e+00
   26       -3.001280e+00
   27       -1.614987e+00
   28        1.789436e+00
   29       -2.330082e-01
   30       -1.078207e+00
   31       -1.687048e+00
   32       -2.937012e+00
   33       -5.564241e-01
   34        2.142668e+00
   35        9.883275e-01
   36        2.552697e+00
   37        2.180705e-01
   38       -1.513947e+00
   39       -1.814781e+00
   40       -1.408303e+00
   41        1.020546e+00
   42        6.701713e-01
   43       -1.706428e+00
   44        9.541397e-01
   45       -6.481466e-01
   46       -2.404425e+00
   47        5.915416e-01
   48       -3.494665e+00
   49       -1.268705e+00
   50        1.957429e+00
   51       -1.420342e+00
   52       -4.786643e-01
   53        1.236518e+00
   54       -9.732376e-01
   55       -2.344419e+00
   56       -1.741936e+00
   57       -1.685020e+00
   58       -2.013132e+00
   59        2.717173e+00
   60       -1.982537e+00
   61        5.449104e-01
   62       -5.318422e-01
   63        3.100723e+00
   64       -8.523115e-01
   65       -3.926969e-01
   66       -1.007417e-01
   67       -1.340678e+00
   68       -9.933852e-01
   69        1.245549e+00
   70       -2.484786e+00
   71       -1.676291e-01
   72       -6.934040e-01
   73        1.144502e+00
   74        1.357352e+00
   75       -9.611133e-01
   76        1.038538e+00
   77       -2.076918e+00
   78        1.099438e+00
   79        2.039299e+00
   80       -9.755087e-01
   81        1.472371e+00
   82        3.114087e+00
   83        9.007483e-01
   84       -5.520931e-01
   85       -5.558422e-01
   86       -4.381929e-01
   87       -1.304409e+00
   88       -6.837101e-01
   89       -1.835135e+00
   90       -3.211877e+00
   91        4.203605e-01
   92       -1.141269e-01
   93        7.567766e-01
   94        2.052660e-01
;
param X:=
    1       -6.590876e-01
    2       -2.250358e+00
    3        1.911381e+00
    4       -1.432653e+00
    5        1.026615e+00
    6       -1.416445e+00
    7        1.461391e+00
    8        1.265965e+00
    9       -6.436530e-01
   10       -1.464815e-01
   11        1.439113e+00
   12        1.231490e-01
   13       -2.169238e+00
   14       -2.721519e+00
   15        4.771004e-01
   16       -7.896835e-01
   17       -4.049425e-01
   18        1.855100e+00
   19        4.423470e-01
   20        3.926729e-01
   21       -1.072176e+00
   22       -7.531430e-01
   23        1.409293e+00
   24       -1.803545e-01
   25        2.814778e+00
   26       -3.001280e+00
   27       -1.614987e+00
   28        1.789436e+00
   29       -2.330082e-01
   30       -1.078207e+00
   31       -1.687048e+00
   32       -2.937012e+00
   33        3.802452e-01
   34        2.974413e-01
   35        9.883275e-01
   36        2.552697e+00
   37        2.180705e-01
   38        2.899019e-01
   39       -1.814781e+00
   40       -1.408303e+00
   41        1.020546e+00
   42        6.701713e-01
   43       -1.706428e+00
   44        9.541397e-01
   45       -6.481466e-01
   46       -2.404425e+00
   47        5.915416e-01
   48       -3.494665e+00
   49       -1.268705e+00
   50       -3.322076e-01
   51       -3.401715e-01
   52        2.603190e-01
   53        1.017307e+00
   54       -9.732376e-01
   55       -2.344419e+00
   56       -1.741936e+00
   57       -1.685020e+00
   58       -2.013132e+00
   59        2.717173e+00
   60       -1.982537e+00
   61        5.449104e-01
   62       -5.318422e-01
   63        3.100723e+00
   64       -8.523115e-01
   65       -3.926969e-01
   66       -9.849847e-01
   67       -1.340678e+00
   68       -9.933852e-01
   69        1.245549e+00
   70       -2.484786e+00
   71       -1.088048e+00
   72       -6.934040e-01
   73        1.144502e+00
   74        1.357352e+00
   75       -9.611133e-01
   76        1.038538e+00
   77       -2.076918e+00
   78        1.099438e+00
   79        2.039299e+00
   80       -9.755087e-01
   81        7.704818e-01
   82        3.114087e+00
   83        9.007483e-01
   84       -6.943528e-01
   85       -5.558422e-01
   86       -4.381929e-01
   87       -1.304409e+00
   88       -6.837101e-01
   89       -1.835135e+00
   90       -3.211877e+00
   91        4.203605e-01
   92       -1.141269e-01
   93        7.567766e-01
   94        2.052660e-01
;
param outliervec:=
    1    0
    2    0
    3    0
    4    0
    5    0
    6    0
    7    0
    8    0
    9    0
   10    1
   11    0
   12    1
   13    0
   14    0
   15    0
   16    0
   17    0
   18    0
   19    0
   20    0
   21    0
   22    1
   23    0
   24    0
   25    0
   26    0
   27    0
   28    0
   29    0
   30    0
   31    0
   32    0
   33    1
   34    1
   35    0
   36    0
   37    0
   38    1
   39    0
   40    0
   41    0
   42    0
   43    0
   44    0
   45    0
   46    0
   47    0
   48    0
   49    0
   50    1
   51    1
   52    1
   53    1
   54    0
   55    0
   56    0
   57    0
   58    0
   59    0
   60    0
   61    0
   62    0
   63    0
   64    0
   65    0
   66    1
   67    0
   68    0
   69    0
   70    0
   71    1
   72    0
   73    0
   74    0
   75    0
   76    0
   77    0
   78    0
   79    0
   80    0
   81    1
   82    0
   83    0
   84    1
   85    0
   86    0
   87    0
   88    0
   89    0
   90    0
   91    0
   92    0
   93    0
   94    0
; 
param greedy_time :=         1.069010e-01
;