data;


param FN:= 0;
param D:= 100;
param U_Original:=
         1         1        6.060505e-01
         2         1        3.604434e-03
         3         1        1.096452e+00
         4         1       -1.978709e+00
         5         1       -2.092666e-01
         6         1        7.437318e-01
         7         1       -5.162524e-01
         8         1       -4.456119e-01
         9         1       -1.245560e+00
        10         1        2.040602e-01
        11         1        3.697892e-01
        12         1        3.829470e-01
        13         1        4.716981e-01
        14         1        1.599110e+00
        15         1       -1.391186e+00
        16         1        9.247540e-01
        17         1        2.393996e-01
        18         1        2.108456e-02
        19         1       -6.063390e-01
        20         1       -8.625411e-01
        21         1       -3.666264e-01
        22         1       -8.792573e-01
        23         1        5.797832e-01
        24         1        6.276096e-01
        25         1       -1.148952e-01
        26         1       -1.238207e+00
        27         1       -1.310704e+00
        28         1       -6.315322e-02
        29         1        8.722607e-01
        30         1        6.454733e-01
        31         1       -3.853485e-01
        32         1       -4.518462e-02
        33         1       -6.279468e-01
        34         1        1.119549e+00
        35         1       -3.022446e-01
        36         1        4.647096e-01
        37         1        4.981203e-01
        38         1        3.514581e-01
        39         1        2.054589e-01
        40         1       -2.412816e-01
        41         1       -7.867503e-01
        42         1       -4.148164e-01
        43         1       -4.143114e-01
        44         1       -9.156317e-01
        45         1       -9.921762e-01
        46         1       -4.353805e-01
        47         1        6.066114e-01
        48         1       -1.829306e-03
        49         1       -1.597530e+00
        50         1       -3.104019e-01
        51         1       -2.365088e+00
        52         1        1.180187e+00
        53         1       -2.016316e-01
        54         1       -1.977551e+00
        55         1       -3.320185e-01
        56         1        1.319190e+00
        57         1       -3.602077e-01
        58         1       -1.124495e+00
        59         1       -2.669161e-01
        60         1       -1.271522e+00
        61         1       -3.007136e+00
        62         1       -7.202595e-01
        63         1        1.414915e+00
        64         1        1.536774e+00
        65         1       -7.102307e-02
        66         1       -3.080813e-01
        67         1       -3.276450e-01
        68         1       -9.535801e-01
        69         1        3.505165e-01
        70         1       -1.132413e+00
        71         1       -4.326585e-01
        72         1       -7.075093e-01
        73         1        6.172599e-01
        74         1       -4.928221e-01
        75         1       -9.760800e-01
        76         1        8.589383e-01
        77         1        1.906821e+00
        78         1       -4.454500e-01
        79         1        1.515250e-01
        80         1        2.133634e-01
        81         1        5.645915e-02
        82         1        1.410440e+00
        83         1       -8.182157e-01
        84         1       -3.656562e-01
        85         1        3.101156e-01
        86         1       -1.393961e+00
        87         1        8.114355e-01
        88         1        1.356108e+00
        89         1        1.251843e+00
        90         1        7.669382e-01
        91         1        5.769661e-01
        92         1        1.330116e-01
        93         1        1.427366e+00
        94         1        1.093764e+00
        95         1        5.596690e-02
        96         1       -1.800292e+00
        97         1        3.251282e+00
        98         1       -4.321800e-01
        99         1        3.259075e-02
       100         1        8.726154e-01
         1         2        4.729352e-01
         2         2        7.035420e-01
         3         2       -1.741576e-01
         4         2       -8.032132e-01
         5         2        7.570296e-01
         6         2       -5.781829e-01
         7         2       -2.167851e-01
         8         2        4.709859e-02
         9         2       -1.405765e+00
        10         2       -5.077858e-01
        11         2        8.849816e-01
        12         2       -3.185339e-01
        13         2       -1.465581e+00
        14         2       -2.042804e+00
        15         2        1.371641e+00
        16         2       -8.327276e-01
        17         2        2.653602e-01
        18         2       -7.560796e-01
        19         2        6.399345e-01
        20         2       -2.248863e-01
        21         2       -1.170960e+00
        22         2       -1.314418e+00
        23         2        3.830136e-01
        24         2        5.850655e-01
        25         2       -2.357494e+00
        26         2       -2.916981e-02
        27         2       -1.823655e+00
        28         2       -4.941261e-01
        29         2       -5.423763e-01
        30         2        2.736562e-01
        31         2        2.005119e+00
        32         2       -8.746211e-01
        33         2       -1.198669e+00
        34         2       -1.386873e-02
        35         2       -1.993337e-01
        36         2        3.810866e-02
        37         2       -3.241221e-01
        38         2       -1.838756e+00
        39         2       -9.050992e-01
        40         2        1.250417e+00
        41         2        1.587719e+00
        42         2        8.755312e-01
        43         2        1.152109e+00
        44         2        1.407442e+00
        45         2       -4.568371e-01
        46         2       -4.088532e-01
        47         2        1.737257e+00
        48         2        1.345976e+00
        49         2       -2.576532e-01
        50         2        5.629369e-01
        51         2        7.505552e-01
        52         2        1.808223e+00
        53         2       -2.832936e-01
        54         2       -2.229662e+00
        55         2        8.653972e-01
        56         2        1.253402e-01
        57         2       -7.852078e-02
        58         2        1.174862e+00
        59         2       -6.435431e-01
        60         2        6.855092e-01
        61         2       -5.734089e-01
        62         2       -8.412346e-01
        63         2        1.200156e-01
        64         2        1.199165e+00
        65         2        4.300498e-01
        66         2        1.906993e+00
        67         2       -1.219982e+00
        68         2       -7.461298e-01
        69         2       -2.177537e-01
        70         2        6.732401e-01
        71         2        3.489005e-01
        72         2       -2.855000e+00
        73         2       -4.351572e-01
        74         2       -2.894734e+00
        75         2       -6.050590e-01
        76         2        3.561355e-01
        77         2       -1.474066e+00
        78         2        6.003417e-01
        79         2       -7.969550e-01
        80         2       -8.597343e-02
        81         2       -5.004035e-01
        82         2       -2.318971e-01
        83         2        1.072302e+00
        84         2        5.512033e-01
        85         2       -7.079312e-02
        86         2        2.933855e-01
        87         2        2.221769e+00
        88         2        1.585580e-01
        89         2        2.306211e+00
        90         2        1.373846e+00
        91         2       -1.806623e-01
        92         2        5.409537e-01
        93         2        1.498752e+00
        94         2        4.809520e-01
        95         2        1.567839e+00
        96         2       -4.251233e-01
        97         2       -6.316948e-01
        98         2        1.040767e+00
        99         2        3.978464e-01
       100         2        4.190039e-01
         1         3       -1.678521e-01
         2         3        1.071057e+00
         3         3       -1.392363e-01
         4         3        9.141862e-01
         5         3       -6.634609e-01
         6         3       -2.391320e+00
         7         3        3.052642e-01
         8         3       -1.134622e+00
         9         3       -1.909267e-01
        10         3       -2.398343e-01
        11         3        7.882273e-02
        12         3       -1.958698e+00
        13         3       -5.780227e-01
        14         3       -8.231216e-01
        15         3        1.342975e+00
        16         3        7.760745e-01
        17         3        3.435567e-01
        18         3        1.185349e+00
        19         3       -1.230966e+00
        20         3       -3.464059e-01
        21         3       -1.306334e+00
        22         3       -1.045555e+00
        23         3        2.921396e-02
        24         3       -6.365426e-01
        25         3       -9.647884e-01
        26         3       -4.713115e-01
        27         3       -1.337663e+00
        28         3       -5.075913e-01
        29         3        1.579224e-01
        30         3       -1.489287e-01
        31         3        5.462658e-01
        32         3        8.153769e-01
        33         3       -1.497713e+00
        34         3       -2.555582e-01
        35         3       -3.703933e-01
        36         3       -5.312026e-01
        37         3        7.615513e-01
        38         3       -4.633429e-01
        39         3        9.757375e-01
        40         3        1.496726e+00
        41         3        1.164191e+00
        42         3        2.164558e+00
        43         3       -3.529480e-01
        44         3        1.403262e-01
        45         3       -4.276958e-01
        46         3       -1.263578e+00
        47         3        1.106753e-01
        48         3       -7.545596e-01
        49         3        7.226627e-01
        50         3       -6.581110e-01
        51         3        8.385160e-01
        52         3       -1.692670e-01
        53         3        1.980060e-01
        54         3        1.012117e+00
        55         3       -9.708349e-01
        56         3       -9.996993e-01
        57         3        9.457517e-01
        58         3       -5.413070e-01
        59         3       -3.404580e-01
        60         3        5.764259e-01
        61         3        9.296173e-01
        62         3       -4.222117e-01
        63         3        1.181055e+00
        64         3       -3.524605e-02
        65         3        4.007589e-01
        66         3       -1.274249e-01
        67         3       -1.517187e-01
        68         3       -1.457502e+00
        69         3        8.348044e-01
        70         3       -4.176537e-01
        71         3        5.987365e-01
        72         3        6.985086e-01
        73         3        7.484802e-01
        74         3       -1.481834e-01
        75         3        6.171968e-01
        76         3       -3.187774e-01
        77         3        1.411429e+00
        78         3        9.041336e-01
        79         3        2.597541e-01
        80         3        1.950742e+00
        81         3       -8.767014e-01
        82         3        1.992657e+00
        83         3        1.010566e-01
        84         3       -1.114270e-01
        85         3        1.689996e+00
        86         3       -1.690718e+00
        87         3       -3.953346e-01
        88         3        1.377753e-01
        89         3        1.530188e-01
        90         3        9.836676e-01
        91         3       -4.689810e-01
        92         3        9.479557e-01
        93         3        2.211929e-01
        94         3       -2.633341e-02
        95         3        7.119227e-01
        96         3       -1.079162e+00
        97         3       -1.000307e+00
        98         3       -2.269837e-01
        99         3       -1.831590e+00
       100         3        3.927229e-01
         1         4        1.169486e+00
         2         4       -2.458843e-02
         3         4       -5.826354e-01
         4         4        1.255005e+00
         5         4       -5.903248e-01
         6         4       -8.055234e-01
         7         4       -1.600352e-03
         8         4       -3.875628e-01
         9         4       -5.713175e-01
        10         4        5.352932e-01
        11         4       -1.022172e+00
        12         4        4.483695e-01
        13         4        1.247100e+00
        14         4       -3.673168e-01
        15         4        7.861592e-01
        16         4        4.669402e-01
        17         4        1.247913e+00
        18         4        1.851828e-01
        19         4       -7.620734e-01
        20         4        1.546935e+00
        21         4        5.083285e-01
        22         4        4.903132e-01
        23         4        7.399541e-01
        24         4        1.931059e-01
        25         4        1.309573e+00
        26         4        6.447128e-01
        27         4        7.064775e-01
        28         4       -1.890199e-01
        29         4        2.089323e-01
        30         4        1.527959e+00
        31         4        1.300744e+00
        32         4        7.271845e-01
        33         4       -3.389112e-01
        34         4        1.969280e-02
        35         4        1.272458e+00
        36         4       -1.489979e+00
        37         4        1.997587e-01
        38         4        3.478609e-01
        39         4       -2.915376e-01
        40         4       -3.547293e-01
        41         4        7.474693e-01
        42         4       -7.586057e-01
        43         4        2.419326e-01
        44         4        3.947124e-01
        45         4        7.429818e-01
        46         4        1.350378e-01
        47         4        5.651388e-01
        48         4        2.052870e-01
        49         4       -1.822531e-01
        50         4       -7.784153e-01
        51         4        8.274015e-01
        52         4       -3.281128e-01
        53         4        6.888763e-01
        54         4        9.691169e-01
        55         4       -4.347727e-01
        56         4       -1.727985e+00
        57         4        4.196743e-01
        58         4       -5.262559e-01
        59         4        2.379019e-01
        60         4       -4.023632e-01
        61         4       -3.695836e-01
        62         4        1.696027e-01
        63         4       -2.785151e-01
        64         4        5.047375e-01
        65         4        2.973784e-01
        66         4       -2.975319e+00
        67         4       -9.873243e-01
        68         4       -1.606441e+00
        69         4       -1.013963e+00
        70         4        2.204153e-01
        71         4       -1.975086e-01
        72         4       -5.980367e-01
        73         4       -2.034893e-02
        74         4       -5.541827e-01
        75         4        1.076035e+00
        76         4        9.844541e-01
        77         4       -1.418746e+00
        78         4        1.065293e+00
        79         4       -2.788448e-01
        80         4        8.246445e-01
        81         4       -1.425977e+00
        82         4       -1.263860e+00
        83         4        2.358276e+00
        84         4        1.206614e+00
        85         4        6.847037e-01
        86         4       -1.187763e+00
        87         4        1.369850e+00
        88         4       -2.242242e+00
        89         4       -6.878934e-01
        90         4       -1.034620e+00
        91         4        6.339514e-01
        92         4       -4.972829e-02
        93         4       -1.965758e+00
        94         4       -2.405731e+00
        95         4       -3.391560e-01
        96         4        3.764390e-02
        97         4       -7.930301e-01
        98         4        1.115804e+00
        99         4        3.377902e-01
       100         4        2.454979e-03
         1         5        1.489227e+00
         2         5        4.723039e-01
         3         5        9.322066e-01
         4         5        5.547750e-01
         5         5        1.066683e+00
         6         5       -7.437983e-01
         7         5        6.656074e-01
         8         5        6.079728e-01
         9         5       -2.130437e-01
        10         5       -9.108597e-01
        11         5        6.833191e-01
        12         5        5.600838e-01
        13         5        1.863540e+00
        14         5        3.901071e-01
        15         5       -1.993980e-02
        16         5        1.573751e+00
        17         5        1.735145e+00
        18         5        8.145841e-01
        19         5        1.293374e+00
        20         5        4.418013e-01
        21         5       -6.582104e-01
        22         5        1.285569e+00
        23         5       -1.414143e+00
        24         5        6.947066e-01
        25         5       -1.039946e+00
        26         5        1.083217e+00
        27         5       -2.555711e+00
        28         5       -5.578323e-01
        29         5       -3.986883e-01
        30         5       -9.773384e-01
        31         5       -1.783262e+00
        32         5        1.469429e+00
        33         5        3.621491e-05
        34         5       -7.616704e-01
        35         5       -1.491969e+00
        36         5        2.987078e-02
        37         5        1.307095e-01
        38         5        8.555156e-02
        39         5       -4.065307e-01
        40         5       -1.081104e+00
        41         5        5.208492e-01
        42         5        2.840517e-01
        43         5        4.936431e-01
        44         5        1.007144e+00
        45         5        2.426482e+00
        46         5       -1.210785e+00
        47         5       -1.709782e+00
        48         5       -5.561359e-01
        49         5       -2.478417e-01
        50         5        1.437374e+00
        51         5       -4.942320e-01
        52         5        1.957719e+00
        53         5       -5.763877e-01
        54         5        9.252115e-01
        55         5        7.497963e-02
        56         5        4.659588e-01
        57         5       -5.850412e-01
        58         5        2.523213e+00
        59         5        7.022770e-01
        60         5       -2.455984e-01
        61         5        3.953836e-01
        62         5       -1.620576e+00
        63         5        5.964388e-01
        64         5       -7.718330e-01
        65         5        7.275301e-01
        66         5        1.587333e+00
        67         5       -3.298490e-01
        68         5       -8.181880e-01
        69         5        8.159054e-01
        70         5        2.647765e+00
        71         5        5.481940e-01
        72         5       -3.857860e-01
        73         5        2.625384e-01
        74         5        2.746670e+00
        75         5       -8.868270e-02
        76         5       -6.942643e-01
        77         5       -1.403438e+00
        78         5       -2.676333e+00
        79         5        7.034041e-01
        80         5       -4.740529e-01
        81         5       -2.338914e-01
        82         5       -1.391239e-01
        83         5       -1.010166e+00
        84         5       -7.513849e-01
        85         5        7.486175e-01
        86         5        6.220158e-01
        87         5        2.747297e+00
        88         5       -1.074781e+00
        89         5       -4.658425e-01
        90         5       -1.477446e+00
        91         5        5.750370e-01
        92         5        4.126398e-02
        93         5       -2.906051e-01
        94         5       -1.914407e+00
        95         5       -3.473366e-01
        96         5        8.998155e-01
        97         5       -4.440315e-01
        98         5        6.961929e-01
        99         5        1.462499e+00
       100         5        9.770763e-01
;
param X_Original:=
    1       -7.111128e-01
    2        1.605623e+00
    3        1.573271e+00
    4       -8.926146e-01
    5       -5.763538e-02
    6       -1.065218e+00
    7        3.729749e-02
    8       -6.233905e-01
    9        7.312245e-01
   10       -9.167678e-01
   11        9.187434e-02
   12       -1.412627e-01
   13       -9.396749e-01
   14        3.994184e-01
   15        1.886015e+00
   16       -2.521489e-01
   17       -1.267964e+00
   18        1.422249e+00
   19       -2.371685e+00
   20       -4.854970e-01
   21       -8.594418e-02
   22        1.509762e+00
   23       -1.753531e-01
   24       -6.322553e-01
   25        2.558168e+00
   26       -1.265797e+00
   27        2.792122e-01
   28       -7.870659e-01
   29       -3.640886e-01
   30       -8.522711e-01
   31       -1.040388e+00
   32        9.019954e-01
   33        5.942154e-01
   34        2.319339e-01
   35       -2.766481e+00
   36        1.482506e+00
   37       -6.481299e-01
   38       -6.667767e-01
   39       -1.695228e+00
   40       -4.672115e-01
   41        1.016160e+00
   42        1.411836e+00
   43       -1.336093e+00
   44       -6.307506e-01
   45        8.483078e-01
   46       -3.966339e-01
   47       -1.732989e-01
   48       -2.123156e+00
   49        1.016006e-01
   50        2.592028e-01
   51       -2.314714e+00
   52       -1.241772e+00
   53       -6.462734e-01
   54        9.847504e-01
   55       -1.245120e+00
   56       -6.843499e-01
   57        5.720271e-01
   58       -6.125914e-01
   59       -8.117727e-01
   60       -1.845120e-01
   61       -5.117444e-01
   62       -8.356445e-01
   63       -1.616860e+00
   64       -1.649687e-01
   65        5.223381e-01
   66       -4.451316e-01
   67        2.115568e+00
   68       -2.329050e+00
   69        2.613410e+00
   70        1.469320e+00
   71        1.642464e+00
   72        6.032034e-01
   73        2.193099e-01
   74        2.214044e-01
   75       -1.043248e+00
   76        3.922835e-01
   77       -1.318768e+00
   78        3.195777e-01
   79        5.991780e-01
   80       -1.207685e-01
   81        2.280952e+00
   82        3.311078e+00
   83        9.496220e-01
   84       -2.782427e+00
   85       -8.182057e-02
   86       -1.001859e+00
   87        6.447821e-01
   88        5.126451e-01
   89       -8.119346e-01
   90       -7.578783e-02
   91       -3.570616e-01
   92       -1.081278e+00
   93       -1.352139e+00
   94        1.042780e+00
   95       -6.621555e-01
   96       -2.056426e-01
   97        1.795100e+00
   98       -1.730792e+00
   99       -1.223772e-01
  100        8.937178e-01
;
param outliervec_original :=
    1    1
    2    1
    3    1
    4    0
    5    1
    6    1
    7    1
    8    1
    9    1
   10    0
   11    1
   12    1
   13    1
   14    1
   15    1
   16    1
   17    1
   18    0
   19    1
   20    1
   21    1
   22    1
   23    1
   24    1
   25    1
   26    1
   27    1
   28    1
   29    1
   30    1
   31    1
   32    0
   33    0
   34    1
   35    0
   36    1
   37    1
   38    1
   39    1
   40    0
   41    1
   42    1
   43    0
   44    1
   45    1
   46    1
   47    1
   48    0
   49    1
   50    1
   51    0
   52    1
   53    1
   54    0
   55    1
   56    1
   57    1
   58    1
   59    1
   60    0
   61    1
   62    0
   63    1
   64    1
   65    1
   66    1
   67    0
   68    1
   69    0
   70    1
   71    1
   72    1
   73    1
   74    1
   75    0
   76    1
   77    1
   78    1
   79    1
   80    1
   81    1
   82    0
   83    1
   84    0
   85    1
   86    1
   87    1
   88    1
   89    0
   90    1
   91    1
   92    1
   93    1
   94    1
   95    0
   96    0
   97    0
   98    1
   99    1
  100    1
;
param d:= 76;
param r:=5;
param p:=0.780000;
param M:=1000;
param U:=
         1         1        6.060505e-01
         2         1        3.604434e-03
         3         1        1.096452e+00
         4         1       -1.978709e+00
         5         1       -2.092666e-01
         6         1        7.437318e-01
         7         1       -5.162524e-01
         8         1       -4.456119e-01
         9         1       -1.245560e+00
        10         1        2.040602e-01
        11         1        3.697892e-01
        12         1        3.829470e-01
        13         1        4.716981e-01
        14         1        9.247540e-01
        15         1        2.393996e-01
        16         1        2.108456e-02
        17         1       -6.063390e-01
        18         1       -8.625411e-01
        19         1       -3.666264e-01
        20         1        5.797832e-01
        21         1        6.276096e-01
        22         1       -1.238207e+00
        23         1       -1.310704e+00
        24         1       -6.315322e-02
        25         1        8.722607e-01
        26         1        6.454733e-01
        27         1       -3.853485e-01
        28         1       -4.518462e-02
        29         1       -6.279468e-01
        30         1        1.119549e+00
        31         1       -3.022446e-01
        32         1        4.647096e-01
        33         1        4.981203e-01
        34         1       -2.412816e-01
        35         1       -4.148164e-01
        36         1       -4.143114e-01
        37         1       -9.156317e-01
        38         1       -4.353805e-01
        39         1       -1.829306e-03
        40         1       -1.597530e+00
        41         1       -3.104019e-01
        42         1       -2.365088e+00
        43         1        1.180187e+00
        44         1       -2.016316e-01
        45         1       -1.977551e+00
        46         1       -3.320185e-01
        47         1       -3.602077e-01
        48         1       -1.124495e+00
        49         1       -2.669161e-01
        50         1       -1.271522e+00
        51         1       -3.007136e+00
        52         1       -7.202595e-01
        53         1        1.536774e+00
        54         1       -7.102307e-02
        55         1       -3.276450e-01
        56         1        3.505165e-01
        57         1       -4.326585e-01
        58         1        6.172599e-01
        59         1       -9.760800e-01
        60         1        1.515250e-01
        61         1        2.133634e-01
        62         1        5.645915e-02
        63         1        1.410440e+00
        64         1       -3.656562e-01
        65         1        3.101156e-01
        66         1       -1.393961e+00
        67         1        1.251843e+00
        68         1        7.669382e-01
        69         1        5.769661e-01
        70         1        1.330116e-01
        71         1        1.093764e+00
        72         1        5.596690e-02
        73         1       -1.800292e+00
        74         1        3.251282e+00
        75         1       -4.321800e-01
        76         1        8.726154e-01
         1         2        4.729352e-01
         2         2        7.035420e-01
         3         2       -1.741576e-01
         4         2       -8.032132e-01
         5         2        7.570296e-01
         6         2       -5.781829e-01
         7         2       -2.167851e-01
         8         2        4.709859e-02
         9         2       -1.405765e+00
        10         2       -5.077858e-01
        11         2        8.849816e-01
        12         2       -3.185339e-01
        13         2       -1.465581e+00
        14         2       -8.327276e-01
        15         2        2.653602e-01
        16         2       -7.560796e-01
        17         2        6.399345e-01
        18         2       -2.248863e-01
        19         2       -1.170960e+00
        20         2        3.830136e-01
        21         2        5.850655e-01
        22         2       -2.916981e-02
        23         2       -1.823655e+00
        24         2       -4.941261e-01
        25         2       -5.423763e-01
        26         2        2.736562e-01
        27         2        2.005119e+00
        28         2       -8.746211e-01
        29         2       -1.198669e+00
        30         2       -1.386873e-02
        31         2       -1.993337e-01
        32         2        3.810866e-02
        33         2       -3.241221e-01
        34         2        1.250417e+00
        35         2        8.755312e-01
        36         2        1.152109e+00
        37         2        1.407442e+00
        38         2       -4.088532e-01
        39         2        1.345976e+00
        40         2       -2.576532e-01
        41         2        5.629369e-01
        42         2        7.505552e-01
        43         2        1.808223e+00
        44         2       -2.832936e-01
        45         2       -2.229662e+00
        46         2        8.653972e-01
        47         2       -7.852078e-02
        48         2        1.174862e+00
        49         2       -6.435431e-01
        50         2        6.855092e-01
        51         2       -5.734089e-01
        52         2       -8.412346e-01
        53         2        1.199165e+00
        54         2        4.300498e-01
        55         2       -1.219982e+00
        56         2       -2.177537e-01
        57         2        3.489005e-01
        58         2       -4.351572e-01
        59         2       -6.050590e-01
        60         2       -7.969550e-01
        61         2       -8.597343e-02
        62         2       -5.004035e-01
        63         2       -2.318971e-01
        64         2        5.512033e-01
        65         2       -7.079312e-02
        66         2        2.933855e-01
        67         2        2.306211e+00
        68         2        1.373846e+00
        69         2       -1.806623e-01
        70         2        5.409537e-01
        71         2        4.809520e-01
        72         2        1.567839e+00
        73         2       -4.251233e-01
        74         2       -6.316948e-01
        75         2        1.040767e+00
        76         2        4.190039e-01
         1         3       -1.678521e-01
         2         3        1.071057e+00
         3         3       -1.392363e-01
         4         3        9.141862e-01
         5         3       -6.634609e-01
         6         3       -2.391320e+00
         7         3        3.052642e-01
         8         3       -1.134622e+00
         9         3       -1.909267e-01
        10         3       -2.398343e-01
        11         3        7.882273e-02
        12         3       -1.958698e+00
        13         3       -5.780227e-01
        14         3        7.760745e-01
        15         3        3.435567e-01
        16         3        1.185349e+00
        17         3       -1.230966e+00
        18         3       -3.464059e-01
        19         3       -1.306334e+00
        20         3        2.921396e-02
        21         3       -6.365426e-01
        22         3       -4.713115e-01
        23         3       -1.337663e+00
        24         3       -5.075913e-01
        25         3        1.579224e-01
        26         3       -1.489287e-01
        27         3        5.462658e-01
        28         3        8.153769e-01
        29         3       -1.497713e+00
        30         3       -2.555582e-01
        31         3       -3.703933e-01
        32         3       -5.312026e-01
        33         3        7.615513e-01
        34         3        1.496726e+00
        35         3        2.164558e+00
        36         3       -3.529480e-01
        37         3        1.403262e-01
        38         3       -1.263578e+00
        39         3       -7.545596e-01
        40         3        7.226627e-01
        41         3       -6.581110e-01
        42         3        8.385160e-01
        43         3       -1.692670e-01
        44         3        1.980060e-01
        45         3        1.012117e+00
        46         3       -9.708349e-01
        47         3        9.457517e-01
        48         3       -5.413070e-01
        49         3       -3.404580e-01
        50         3        5.764259e-01
        51         3        9.296173e-01
        52         3       -4.222117e-01
        53         3       -3.524605e-02
        54         3        4.007589e-01
        55         3       -1.517187e-01
        56         3        8.348044e-01
        57         3        5.987365e-01
        58         3        7.484802e-01
        59         3        6.171968e-01
        60         3        2.597541e-01
        61         3        1.950742e+00
        62         3       -8.767014e-01
        63         3        1.992657e+00
        64         3       -1.114270e-01
        65         3        1.689996e+00
        66         3       -1.690718e+00
        67         3        1.530188e-01
        68         3        9.836676e-01
        69         3       -4.689810e-01
        70         3        9.479557e-01
        71         3       -2.633341e-02
        72         3        7.119227e-01
        73         3       -1.079162e+00
        74         3       -1.000307e+00
        75         3       -2.269837e-01
        76         3        3.927229e-01
         1         4        1.169486e+00
         2         4       -2.458843e-02
         3         4       -5.826354e-01
         4         4        1.255005e+00
         5         4       -5.903248e-01
         6         4       -8.055234e-01
         7         4       -1.600352e-03
         8         4       -3.875628e-01
         9         4       -5.713175e-01
        10         4        5.352932e-01
        11         4       -1.022172e+00
        12         4        4.483695e-01
        13         4        1.247100e+00
        14         4        4.669402e-01
        15         4        1.247913e+00
        16         4        1.851828e-01
        17         4       -7.620734e-01
        18         4        1.546935e+00
        19         4        5.083285e-01
        20         4        7.399541e-01
        21         4        1.931059e-01
        22         4        6.447128e-01
        23         4        7.064775e-01
        24         4       -1.890199e-01
        25         4        2.089323e-01
        26         4        1.527959e+00
        27         4        1.300744e+00
        28         4        7.271845e-01
        29         4       -3.389112e-01
        30         4        1.969280e-02
        31         4        1.272458e+00
        32         4       -1.489979e+00
        33         4        1.997587e-01
        34         4       -3.547293e-01
        35         4       -7.586057e-01
        36         4        2.419326e-01
        37         4        3.947124e-01
        38         4        1.350378e-01
        39         4        2.052870e-01
        40         4       -1.822531e-01
        41         4       -7.784153e-01
        42         4        8.274015e-01
        43         4       -3.281128e-01
        44         4        6.888763e-01
        45         4        9.691169e-01
        46         4       -4.347727e-01
        47         4        4.196743e-01
        48         4       -5.262559e-01
        49         4        2.379019e-01
        50         4       -4.023632e-01
        51         4       -3.695836e-01
        52         4        1.696027e-01
        53         4        5.047375e-01
        54         4        2.973784e-01
        55         4       -9.873243e-01
        56         4       -1.013963e+00
        57         4       -1.975086e-01
        58         4       -2.034893e-02
        59         4        1.076035e+00
        60         4       -2.788448e-01
        61         4        8.246445e-01
        62         4       -1.425977e+00
        63         4       -1.263860e+00
        64         4        1.206614e+00
        65         4        6.847037e-01
        66         4       -1.187763e+00
        67         4       -6.878934e-01
        68         4       -1.034620e+00
        69         4        6.339514e-01
        70         4       -4.972829e-02
        71         4       -2.405731e+00
        72         4       -3.391560e-01
        73         4        3.764390e-02
        74         4       -7.930301e-01
        75         4        1.115804e+00
        76         4        2.454979e-03
         1         5        1.489227e+00
         2         5        4.723039e-01
         3         5        9.322066e-01
         4         5        5.547750e-01
         5         5        1.066683e+00
         6         5       -7.437983e-01
         7         5        6.656074e-01
         8         5        6.079728e-01
         9         5       -2.130437e-01
        10         5       -9.108597e-01
        11         5        6.833191e-01
        12         5        5.600838e-01
        13         5        1.863540e+00
        14         5        1.573751e+00
        15         5        1.735145e+00
        16         5        8.145841e-01
        17         5        1.293374e+00
        18         5        4.418013e-01
        19         5       -6.582104e-01
        20         5       -1.414143e+00
        21         5        6.947066e-01
        22         5        1.083217e+00
        23         5       -2.555711e+00
        24         5       -5.578323e-01
        25         5       -3.986883e-01
        26         5       -9.773384e-01
        27         5       -1.783262e+00
        28         5        1.469429e+00
        29         5        3.621491e-05
        30         5       -7.616704e-01
        31         5       -1.491969e+00
        32         5        2.987078e-02
        33         5        1.307095e-01
        34         5       -1.081104e+00
        35         5        2.840517e-01
        36         5        4.936431e-01
        37         5        1.007144e+00
        38         5       -1.210785e+00
        39         5       -5.561359e-01
        40         5       -2.478417e-01
        41         5        1.437374e+00
        42         5       -4.942320e-01
        43         5        1.957719e+00
        44         5       -5.763877e-01
        45         5        9.252115e-01
        46         5        7.497963e-02
        47         5       -5.850412e-01
        48         5        2.523213e+00
        49         5        7.022770e-01
        50         5       -2.455984e-01
        51         5        3.953836e-01
        52         5       -1.620576e+00
        53         5       -7.718330e-01
        54         5        7.275301e-01
        55         5       -3.298490e-01
        56         5        8.159054e-01
        57         5        5.481940e-01
        58         5        2.625384e-01
        59         5       -8.868270e-02
        60         5        7.034041e-01
        61         5       -4.740529e-01
        62         5       -2.338914e-01
        63         5       -1.391239e-01
        64         5       -7.513849e-01
        65         5        7.486175e-01
        66         5        6.220158e-01
        67         5       -4.658425e-01
        68         5       -1.477446e+00
        69         5        5.750370e-01
        70         5        4.126398e-02
        71         5       -1.914407e+00
        72         5       -3.473366e-01
        73         5        8.998155e-01
        74         5       -4.440315e-01
        75         5        6.961929e-01
        76         5        9.770763e-01
;

param theta:=
    1        2.640438e-01
    2       -8.472363e-01
    3        4.978559e-01
    4       -1.446071e+00
    5        5.570433e-01
;
param X_true:=
    1       -1.185826e+00
    2        2.367678e-01
    3        1.729556e+00
    4       -8.926146e-01
    5        4.208939e-01
    6        2.462186e-01
    7        5.724190e-01
    8        1.766677e-01
    9        1.474570e+00
   10       -9.167678e-01
   11        1.245866e+00
   12       -9.405443e-01
   13        3.131473e-01
   14        1.537484e+00
   15       -8.285897e-01
   16        1.422249e+00
   17        5.073580e-01
   18       -2.200553e+00
   19       -8.568225e-01
   20       -2.014636e+00
   21       -5.391420e-01
   22       -8.657743e-01
   23       -1.912238e+00
   24        1.118584e-01
   25        2.442409e-01
   26       -2.889521e+00
   27       -4.402920e+00
   28        9.019954e-01
   29        5.942154e-01
   30       -2.726316e-01
   31       -2.766481e+00
   32        1.997209e+00
   33        5.692219e-01
   34       -4.672115e-01
   35        1.481553e+00
   36       -1.336093e+00
   37       -1.374100e+00
   38       -1.267378e+00
   39       -2.123156e+00
   40        2.817494e-01
   41        1.039779e+00
   42       -2.314714e+00
   43        2.603670e-01
   44       -1.031881e+00
   45        9.847504e-01
   46       -6.337202e-01
   47       -4.905089e-01
   48        6.047478e-01
   49        3.524322e-01
   50       -1.845120e-01
   51        9.093027e-01
   52       -8.356445e-01
   53       -1.787578e+00
   54       -2.083513e-01
   55        2.115568e+00
   56        2.613410e+00
   57        4.792218e-01
   58        1.079971e+00
   59       -1.043248e+00
   60        1.639595e+00
   61       -3.561969e-01
   62        1.934173e+00
   63        3.311078e+00
   64       -2.782427e+00
   65        4.101194e-01
   66        6.057122e-01
   67       -8.119346e-01
   68        2.013910e-01
   69       -5.244951e-01
   70        1.436471e-01
   71        2.280663e+00
   72       -6.621555e-01
   73       -2.056426e-01
   74        1.795100e+00
   75       -2.334617e+00
   76        6.116565e-01
;
param X:=
    1       -7.111128e-01
    2        1.605623e+00
    3        1.573271e+00
    4       -8.926146e-01
    5       -5.763538e-02
    6       -1.065218e+00
    7        3.729749e-02
    8       -6.233905e-01
    9        7.312245e-01
   10       -9.167678e-01
   11        9.187434e-02
   12       -1.412627e-01
   13       -9.396749e-01
   14       -2.521489e-01
   15       -1.267964e+00
   16        1.422249e+00
   17       -2.371685e+00
   18       -4.854970e-01
   19       -8.594418e-02
   20       -1.753531e-01
   21       -6.322553e-01
   22       -1.265797e+00
   23        2.792122e-01
   24       -7.870659e-01
   25       -3.640886e-01
   26       -8.522711e-01
   27       -1.040388e+00
   28        9.019954e-01
   29        5.942154e-01
   30        2.319339e-01
   31       -2.766481e+00
   32        1.482506e+00
   33       -6.481299e-01
   34       -4.672115e-01
   35        1.411836e+00
   36       -1.336093e+00
   37       -6.307506e-01
   38       -3.966339e-01
   39       -2.123156e+00
   40        1.016006e-01
   41        2.592028e-01
   42       -2.314714e+00
   43       -1.241772e+00
   44       -6.462734e-01
   45        9.847504e-01
   46       -1.245120e+00
   47        5.720271e-01
   48       -6.125914e-01
   49       -8.117727e-01
   50       -1.845120e-01
   51       -5.117444e-01
   52       -8.356445e-01
   53       -1.649687e-01
   54        5.223381e-01
   55        2.115568e+00
   56        2.613410e+00
   57        1.642464e+00
   58        2.193099e-01
   59       -1.043248e+00
   60        5.991780e-01
   61       -1.207685e-01
   62        2.280952e+00
   63        3.311078e+00
   64       -2.782427e+00
   65       -8.182057e-02
   66       -1.001859e+00
   67       -8.119346e-01
   68       -7.578783e-02
   69       -3.570616e-01
   70       -1.081278e+00
   71        1.042780e+00
   72       -6.621555e-01
   73       -2.056426e-01
   74        1.795100e+00
   75       -1.730792e+00
   76        8.937178e-01
;
param outliervec:=
    1    1
    2    1
    3    1
    4    0
    5    1
    6    1
    7    1
    8    1
    9    1
   10    0
   11    1
   12    1
   13    1
   14    1
   15    1
   16    0
   17    1
   18    1
   19    1
   20    1
   21    1
   22    1
   23    1
   24    1
   25    1
   26    1
   27    1
   28    0
   29    0
   30    1
   31    0
   32    1
   33    1
   34    0
   35    1
   36    0
   37    1
   38    1
   39    0
   40    1
   41    1
   42    0
   43    1
   44    1
   45    0
   46    1
   47    1
   48    1
   49    1
   50    0
   51    1
   52    0
   53    1
   54    1
   55    0
   56    0
   57    1
   58    1
   59    0
   60    1
   61    1
   62    1
   63    0
   64    0
   65    1
   66    1
   67    0
   68    1
   69    1
   70    1
   71    1
   72    0
   73    0
   74    0
   75    1
   76    1
; 
param greedy_time :=         1.704582e-01
;