data;


param FN:= 4;
param D:= 100;
param U_Original:=
         1         1       -1.889779e+00
         2         1        2.667690e-01
         3         1        1.187385e+00
         4         1        4.637056e-01
         5         1        2.128360e+00
         6         1        5.519904e-01
         7         1       -1.845558e-01
         8         1       -1.988768e+00
         9         1       -9.257165e-01
        10         1       -1.744151e+00
        11         1       -2.097416e+00
        12         1       -5.336243e-01
        13         1       -2.625993e-01
        14         1       -1.128769e-01
        15         1        3.895438e-01
        16         1       -3.434269e-01
        17         1        2.009105e+00
        18         1       -7.998779e-01
        19         1       -1.071624e+00
        20         1        1.146322e+00
        21         1        3.241337e-01
        22         1        9.067064e-01
        23         1       -4.764786e-01
        24         1       -8.178220e-02
        25         1       -3.120575e-02
        26         1        4.859797e-01
        27         1        8.774383e-01
        28         1       -1.007785e-01
        29         1        1.077612e+00
        30         1        5.533966e-01
        31         1        1.777253e+00
        32         1       -8.706651e-01
        33         1       -3.024095e-01
        34         1        6.777345e-01
        35         1        1.917783e+00
        36         1        6.446995e-01
        37         1        8.466024e-01
        38         1        1.745795e+00
        39         1       -5.045635e-01
        40         1        9.186602e-01
        41         1       -3.461494e-02
        42         1       -2.634820e-01
        43         1        9.463823e-01
        44         1        8.108710e-01
        45         1       -9.882323e-01
        46         1        1.172683e+00
        47         1        2.361003e+00
        48         1        1.874833e+00
        49         1        8.828692e-01
        50         1        2.163359e+00
        51         1       -8.905050e-01
        52         1       -5.044555e-01
        53         1        7.663258e-02
        54         1        1.060678e+00
        55         1        6.624348e-01
        56         1        8.392409e-01
        57         1       -2.068734e+00
        58         1        1.582462e+00
        59         1        1.226696e-02
        60         1       -7.811232e-01
        61         1       -8.298810e-01
        62         1       -4.504667e-01
        63         1        2.446637e+00
        64         1        3.368107e-01
        65         1        1.363181e+00
        66         1        8.345080e-02
        67         1       -2.924578e-01
        68         1        9.111458e-01
        69         1       -1.742962e+00
        70         1        7.693526e-01
        71         1        7.010170e-01
        72         1       -2.586121e+00
        73         1        8.074365e-01
        74         1       -5.350964e-01
        75         1       -1.728594e+00
        76         1       -2.507944e-01
        77         1       -8.659625e-02
        78         1        9.367379e-01
        79         1        8.035704e-01
        80         1        4.631880e-02
        81         1       -7.549535e-01
        82         1        1.394116e+00
        83         1       -1.125546e-01
        84         1       -1.359754e+00
        85         1       -1.982064e+00
        86         1        1.576101e+00
        87         1       -6.030405e-01
        88         1        1.630131e-01
        89         1       -2.360712e-01
        90         1        1.075751e-02
        91         1        1.066091e+00
        92         1       -4.933060e-01
        93         1       -9.275634e-01
        94         1       -2.568050e-01
        95         1       -1.826495e+00
        96         1        3.752017e-02
        97         1        1.764376e+00
        98         1       -7.092654e-01
        99         1       -1.158308e+00
       100         1        7.310749e-02
         1         2       -2.987336e-01
         2         2        4.238826e-01
         3         2        1.544953e+00
         4         2        1.317219e+00
         5         2       -2.461128e-01
         6         2        1.567865e+00
         7         2       -9.792381e-01
         8         2       -1.458308e+00
         9         2       -9.193275e-01
        10         2       -7.081205e-01
        11         2        1.065703e+00
        12         2       -4.886467e-01
        13         2        6.181715e-01
        14         2        5.598571e-01
        15         2        1.013929e-01
        16         2        5.154821e-01
        17         2       -5.995983e-01
        18         2       -4.468499e-01
        19         2        9.789149e-01
        20         2       -1.503383e+00
        21         2       -2.721052e-01
        22         2        4.950337e-01
        23         2       -1.274536e-01
        24         2        1.155275e+00
        25         2        7.436282e-02
        26         2       -3.153556e-01
        27         2        4.138521e-01
        28         2       -1.587732e+00
        29         2        1.777380e-02
        30         2        5.744377e-01
        31         2       -1.058266e+00
        32         2       -7.067867e-01
        33         2       -4.283930e-01
        34         2        1.690947e+00
        35         2       -7.060573e-01
        36         2        1.208121e+00
        37         2       -1.429191e+00
        38         2       -7.221844e-01
        39         2        2.267355e-01
        40         2        3.213963e-01
        41         2        4.776100e-02
        42         2       -6.184920e-01
        43         2       -1.642341e-01
        44         2       -7.648249e-01
        45         2        1.175740e+00
        46         2        2.047148e+00
        47         2       -4.632232e-01
        48         2       -2.745088e+00
        49         2       -2.731087e+00
        50         2       -1.073059e+00
        51         2       -4.429391e-01
        52         2       -5.208671e-01
        53         2        4.245224e-01
        54         2       -1.028762e+00
        55         2       -2.018443e-01
        56         2        1.753217e+00
        57         2        1.241754e+00
        58         2       -4.744610e-01
        59         2        2.248382e+00
        60         2       -8.183654e-01
        61         2        6.905582e-01
        62         2        3.145859e-01
        63         2       -1.675237e+00
        64         2       -9.837516e-03
        65         2        1.944006e+00
        66         2       -3.652916e-01
        67         2       -4.145802e-01
        68         2       -3.130071e-01
        69         2       -6.261469e-01
        70         2       -5.402615e-01
        71         2       -9.555116e-01
        72         2        6.652714e-02
        73         2        1.056478e+00
        74         2        1.165239e+00
        75         2       -4.668374e-02
        76         2        6.733439e-01
        77         2       -1.380465e+00
        78         2       -3.138692e-01
        79         2        1.022029e+00
        80         2        1.056011e-01
        81         2        2.570876e-01
        82         2       -4.309806e-01
        83         2       -1.050482e+00
        84         2        8.629577e-01
        85         2       -8.416613e-02
        86         2        6.561846e-01
        87         2        9.733144e-01
        88         2       -8.216449e-02
        89         2       -7.742523e-01
        90         2        1.753743e-01
        91         2       -1.913437e-01
        92         2       -2.893979e+00
        93         2       -1.034758e+00
        94         2        8.542833e-01
        95         2       -8.608824e-01
        96         2        8.129381e-01
        97         2        4.005593e-01
        98         2       -1.235088e+00
        99         2        8.275485e-01
       100         2        1.213726e+00
         1         3        1.138372e+00
         2         3        2.014186e+00
         3         3       -4.469988e-01
         4         3       -1.752998e+00
         5         3        5.583483e-01
         6         3       -5.588997e-01
         7         3       -1.163163e+00
         8         3        1.298599e-02
         9         3       -3.949054e-01
        10         3        1.098141e+00
        11         3       -1.385404e+00
        12         3        1.563523e+00
        13         3        7.179246e-01
        14         3       -1.941531e+00
        15         3        8.264712e-01
        16         3        6.440626e-01
        17         3        4.459092e-01
        18         3        1.407118e+00
        19         3       -1.364493e+00
        20         3       -5.618501e-01
        21         3        2.152329e-01
        22         3       -1.911714e+00
        23         3       -5.362509e-01
        24         3       -7.758766e-01
        25         3        2.195252e-02
        26         3        1.188965e+00
        27         3        1.977796e-01
        28         3        1.535130e-01
        29         3       -1.851649e+00
        30         3        1.534645e-01
        31         3       -2.658056e-01
        32         3        1.098040e+00
        33         3       -1.292191e+00
        34         3        7.878876e-02
        35         3        1.571674e-01
        36         3       -1.678606e-01
        37         3       -4.061463e-01
        38         3       -3.300597e-02
        39         3       -5.895153e-01
        40         3        1.068695e+00
        41         3        9.134024e-01
        42         3       -6.234269e-02
        43         3        9.482635e-01
        44         3       -8.230838e-01
        45         3        6.651673e-01
        46         3        1.454266e-01
        47         3        8.942796e-01
        48         3        9.666353e-01
        49         3        1.983981e+00
        50         3       -6.770333e-01
        51         3        6.358178e-01
        52         3        5.218442e-01
        53         3       -6.550155e-01
        54         3        1.357753e+00
        55         3       -6.107381e-02
        56         3       -3.353724e-01
        57         3        2.375607e+00
        58         3        1.294603e+00
        59         3       -1.884977e-01
        60         3        4.763579e-01
        61         3       -3.829633e-01
        62         3       -8.069658e-01
        63         3       -5.711689e-01
        64         3        8.204028e-02
        65         3       -1.692828e-01
        66         3        1.638473e-01
        67         3       -2.429661e-01
        68         3        1.495398e+00
        69         3       -8.313203e-01
        70         3       -9.548376e-01
        71         3        2.828714e-01
        72         3       -7.571444e-01
        73         3       -1.352783e+00
        74         3        3.235529e-01
        75         3        6.762397e-01
        76         3        1.597723e+00
        77         3        1.125637e+00
        78         3        4.001674e-01
        79         3       -2.057344e+00
        80         3       -1.158833e+00
        81         3        3.082903e-01
        82         3        9.919343e-01
        83         3       -9.010177e-01
        84         3        6.210643e-01
        85         3        3.948534e-01
        86         3        1.164563e+00
        87         3        1.279354e+00
        88         3        5.360081e-01
        89         3        1.497120e-01
        90         3        4.141428e-01
        91         3        3.975506e-01
        92         3        2.666246e-01
        93         3        2.203175e+00
        94         3        2.658270e+00
        95         3        5.024798e-01
        96         3        4.117223e-01
        97         3        3.969468e-01
        98         3        6.033667e-01
        99         3       -1.189866e+00
       100         3       -1.086047e+00
         1         4       -3.082568e-01
         2         4       -1.070410e+00
         3         4        4.924920e-02
         4         4       -2.802793e-01
         5         4       -1.553353e+00
         6         4       -7.246029e-01
         7         4       -1.013668e+00
         8         4       -2.006619e-01
         9         4       -8.188060e-01
        10         4        6.005564e-01
        11         4       -1.041745e+00
        12         4        1.042920e+00
        13         4       -1.954815e+00
        14         4        4.162550e-01
        15         4       -6.614510e-01
        16         4        6.094585e-02
        17         4        2.385925e+00
        18         4       -2.046977e+00
        19         4        9.251467e-01
        20         4       -8.680159e-02
        21         4       -1.193394e+00
        22         4       -4.727710e-01
        23         4        3.186218e-01
        24         4       -3.223666e+00
        25         4        1.629755e+00
        26         4       -3.342184e-01
        27         4       -9.778569e-01
        28         4       -2.314375e+00
        29         4       -2.129583e+00
        30         4       -8.794271e-01
        31         4       -1.231413e-01
        32         4       -5.057805e-01
        33         4        8.981746e-01
        34         4        1.882206e+00
        35         4       -9.163454e-03
        36         4        3.506464e-01
        37         4       -2.650574e+00
        38         4       -3.028993e-01
        39         4        4.271715e-01
        40         4        9.240693e-01
        41         4       -6.723912e-01
        42         4        1.896768e+00
        43         4        2.149420e+00
        44         4       -1.080514e+00
        45         4        1.127879e-02
        46         4        6.903478e-01
        47         4       -6.229132e-01
        48         4       -1.026369e+00
        49         4        1.284244e+00
        50         4        1.406857e+00
        51         4       -1.502254e+00
        52         4        7.422165e-01
        53         4       -1.493907e+00
        54         4       -2.427548e-01
        55         4       -6.080081e-01
        56         4       -1.223739e+00
        57         4        2.334647e+00
        58         4        8.018897e-01
        59         4       -6.410245e-02
        60         4        1.890680e-01
        61         4       -1.100514e+00
        62         4       -3.006985e-01
        63         4        1.380278e-01
        64         4       -6.154111e-01
        65         4       -4.692691e-01
        66         4       -4.174196e-01
        67         4       -6.826326e-02
        68         4        1.573685e+00
        69         4        1.058089e+00
        70         4        2.137969e-01
        71         4       -1.866081e-01
        72         4        1.698900e+00
        73         4       -5.791120e-01
        74         4       -5.500140e-01
        75         4        1.710123e+00
        76         4        7.561079e-01
        77         4        1.535140e+00
        78         4        7.538441e-01
        79         4       -4.617289e-02
        80         4        2.101234e-01
        81         4        7.066110e-01
        82         4       -1.972769e+00
        83         4       -1.206647e+00
        84         4        1.040320e+00
        85         4       -6.180888e-01
        86         4        5.492921e-01
        87         4       -1.780463e+00
        88         4        5.038383e-01
        89         4        1.446419e-01
        90         4       -1.505911e+00
        91         4       -2.045998e+00
        92         4        1.510225e+00
        93         4        1.073545e+00
        94         4        3.888758e-01
        95         4       -7.274834e-01
        96         4       -8.507516e-01
        97         4        5.686005e-01
        98         4        1.705079e+00
        99         4       -1.382462e+00
       100         4        5.109773e-01
         1         5        4.079493e-01
         2         5        4.202813e-01
         3         5        1.003049e+00
         4         5       -9.264667e-01
         5         5       -6.320747e-01
         6         5       -2.496536e-01
         7         5        8.830646e-01
         8         5       -3.603326e-01
         9         5       -9.183682e-01
        10         5        5.111091e-01
        11         5        1.718760e+00
        12         5        1.937252e-01
        13         5       -1.357043e+00
        14         5       -7.600923e-01
        15         5       -7.396266e-02
        16         5        1.440007e+00
        17         5        1.385868e+00
        18         5       -2.058995e-01
        19         5        7.629848e-01
        20         5       -1.273686e-01
        21         5        2.549489e-02
        22         5       -6.378308e-01
        23         5        7.652843e-01
        24         5        2.028423e-01
        25         5        9.972294e-01
        26         5       -2.615286e+00
        27         5       -1.550969e-01
        28         5       -1.226723e+00
        29         5        3.530767e-01
        30         5       -3.553394e-01
        31         5       -3.750993e-01
        32         5        6.154380e-01
        33         5       -4.209165e-01
        34         5        8.145390e-01
        35         5       -3.444225e-01
        36         5        3.732613e-01
        37         5        4.055236e-01
        38         5       -1.748066e+00
        39         5        1.374384e+00
        40         5        7.551967e-02
        41         5       -9.364948e-01
        42         5        4.891842e-01
        43         5        4.940471e-01
        44         5       -1.587587e+00
        45         5        1.816128e-02
        46         5        6.825975e-01
        47         5        2.442050e+00
        48         5        6.112548e-01
        49         5        1.113790e+00
        50         5       -1.044799e+00
        51         5       -1.073840e-01
        52         5       -8.380082e-02
        53         5       -8.174341e-02
        54         5        1.489907e-01
        55         5        1.065090e+00
        56         5       -2.183860e-01
        57         5       -9.980067e-02
        58         5        7.506616e-01
        59         5       -1.611320e+00
        60         5       -1.542896e-01
        61         5       -7.498386e-01
        62         5        7.754994e-01
        63         5        1.089817e+00
        64         5       -1.701582e+00
        65         5        9.205915e-01
        66         5       -5.964854e-01
        67         5        1.232726e-01
        68         5       -3.383901e-01
        69         5        5.390110e-01
        70         5       -8.211150e-02
        71         5       -1.561600e-01
        72         5        5.394815e-02
        73         5        4.322969e-01
        74         5        6.977715e-01
        75         5       -3.942883e-01
        76         5       -1.340537e+00
        77         5       -2.044903e+00
        78         5       -3.527077e-01
        79         5       -5.125756e-02
        80         5       -8.114256e-01
        81         5       -2.014380e+00
        82         5       -7.622244e-01
        83         5       -4.209557e-01
        84         5       -1.518640e+00
        85         5       -4.826444e-01
        86         5       -1.124747e+00
        87         5        7.670556e-01
        88         5        4.283125e-01
        89         5        6.561895e-01
        90         5       -7.013815e-01
        91         5        8.421883e-01
        92         5        4.809420e-01
        93         5       -6.733276e-01
        94         5        1.904490e-01
        95         5       -8.784501e-01
        96         5       -8.792628e-02
        97         5        2.410509e-01
        98         5       -9.378038e-01
        99         5       -4.638012e-01
       100         5       -9.881857e-01
;
param X_Original:=
    1        1.778789e-01
    2       -1.710380e-01
    3       -1.224018e-01
    4        5.805979e-01
    5        3.384737e-02
    6        7.767485e-01
    7        7.481053e-02
    8       -1.036200e-01
    9       -8.988188e-01
   10       -5.901610e-01
   11        5.288074e-01
   12        8.262376e-01
   13        2.871753e+00
   14        4.364163e-02
   15       -4.813131e-02
   16        1.602914e+00
   17        2.216636e-01
   18       -8.227071e-01
   19        6.745645e-01
   20        1.251438e+00
   21       -7.293595e-01
   22        6.208765e-01
   23       -1.261629e+00
   24       -1.648250e+00
   25        4.143426e-01
   26       -4.556783e-01
   27        5.256524e-01
   28        9.543888e-01
   29       -6.735383e-01
   30        2.953379e-01
   31        3.944406e-01
   32       -2.167906e+00
   33       -6.422730e-01
   34        2.173787e+00
   35        1.073998e+00
   36        1.689964e+00
   37        4.294884e-01
   38       -8.461115e-01
   39       -7.558334e-01
   40       -1.492764e+00
   41        1.677782e+00
   42        1.313800e+00
   43        9.261801e-01
   44       -1.221925e+00
   45        8.864573e-01
   46       -9.426529e-01
   47        1.572310e+00
   48       -9.792880e-01
   49        7.894108e-01
   50        9.758636e-01
   51       -1.821853e-01
   52        3.165350e-02
   53       -1.612549e+00
   54        1.183131e+00
   55        1.077729e+00
   56        5.941157e-01
   57       -1.789073e-01
   58        4.447376e-01
   59       -7.912146e-01
   60        2.075983e-01
   61       -5.428958e-01
   62       -1.045899e+00
   63        1.447830e+00
   64        7.799368e-01
   65        1.981036e+00
   66        1.527641e-01
   67        6.147450e-01
   68        1.666240e+00
   69       -2.807144e-01
   70       -6.344954e-01
   71       -9.467667e-01
   72        2.554050e+00
   73       -1.834492e+00
   74       -1.450934e+00
   75       -1.116354e+00
   76        2.213357e+00
   77       -3.156137e-01
   78        4.717653e-01
   79       -2.005821e+00
   80       -1.451005e-01
   81        6.014641e-01
   82       -4.511367e-01
   83       -1.540458e+00
   84        2.839175e-01
   85       -1.266597e+00
   86       -7.167824e-01
   87       -9.955131e-01
   88       -4.501962e-01
   89       -1.373111e+00
   90       -3.286514e-01
   91        1.411873e+00
   92        9.871274e-01
   93        2.801595e+00
   94       -1.317968e+00
   95       -1.813153e+00
   96       -6.115627e-01
   97        2.859604e-01
   98        1.456444e+00
   99       -1.613595e-01
  100       -3.144700e-01
;
param outliervec_original :=
    1    1
    2    1
    3    0
    4    1
    5    1
    6    1
    7    1
    8    1
    9    1
   10    1
   11    0
   12    1
   13    1
   14    1
   15    1
   16    0
   17    1
   18    1
   19    1
   20    1
   21    1
   22    1
   23    1
   24    1
   25    1
   26    0
   27    1
   28    1
   29    1
   30    1
   31    1
   32    1
   33    0
   34    0
   35    1
   36    1
   37    1
   38    1
   39    1
   40    1
   41    1
   42    1
   43    1
   44    1
   45    1
   46    1
   47    1
   48    1
   49    1
   50    1
   51    0
   52    1
   53    0
   54    1
   55    1
   56    1
   57    1
   58    1
   59    1
   60    1
   61    1
   62    1
   63    1
   64    1
   65    1
   66    1
   67    1
   68    0
   69    1
   70    1
   71    1
   72    0
   73    1
   74    1
   75    1
   76    0
   77    1
   78    1
   79    0
   80    1
   81    1
   82    1
   83    1
   84    1
   85    1
   86    1
   87    1
   88    1
   89    1
   90    1
   91    1
   92    1
   93    0
   94    1
   95    1
   96    1
   97    1
   98    0
   99    1
  100    0
;
param d:= 74;
param r:=5;
param p:=0.840000;
param M:=1000;
param U:=
         1         1       -1.889779e+00
         2         1        2.667690e-01
         3         1        1.187385e+00
         4         1        4.637056e-01
         5         1        2.128360e+00
         6         1        5.519904e-01
         7         1       -1.988768e+00
         8         1       -9.257165e-01
         9         1       -1.744151e+00
        10         1       -5.336243e-01
        11         1       -1.128769e-01
        12         1        3.895438e-01
        13         1       -7.998779e-01
        14         1       -1.071624e+00
        15         1        3.241337e-01
        16         1       -4.764786e-01
        17         1       -8.178220e-02
        18         1       -3.120575e-02
        19         1        8.774383e-01
        20         1        5.533966e-01
        21         1        1.777253e+00
        22         1       -8.706651e-01
        23         1       -3.024095e-01
        24         1        6.777345e-01
        25         1        1.917783e+00
        26         1        6.446995e-01
        27         1       -5.045635e-01
        28         1       -3.461494e-02
        29         1       -2.634820e-01
        30         1        9.463823e-01
        31         1        8.108710e-01
        32         1       -9.882323e-01
        33         1        1.874833e+00
        34         1        8.828692e-01
        35         1        2.163359e+00
        36         1       -8.905050e-01
        37         1       -5.044555e-01
        38         1        7.663258e-02
        39         1        1.060678e+00
        40         1        8.392409e-01
        41         1        1.582462e+00
        42         1       -7.811232e-01
        43         1       -8.298810e-01
        44         1       -4.504667e-01
        45         1        3.368107e-01
        46         1        1.363181e+00
        47         1        8.345080e-02
        48         1       -2.924578e-01
        49         1        9.111458e-01
        50         1       -1.742962e+00
        51         1        7.693526e-01
        52         1        7.010170e-01
        53         1        8.074365e-01
        54         1       -5.350964e-01
        55         1       -2.507944e-01
        56         1        9.367379e-01
        57         1        8.035704e-01
        58         1        4.631880e-02
        59         1       -7.549535e-01
        60         1        1.394116e+00
        61         1       -1.125546e-01
        62         1       -1.359754e+00
        63         1       -1.982064e+00
        64         1       -6.030405e-01
        65         1        1.630131e-01
        66         1       -2.360712e-01
        67         1        1.075751e-02
        68         1       -4.933060e-01
        69         1       -9.275634e-01
        70         1       -1.826495e+00
        71         1        3.752017e-02
        72         1        1.764376e+00
        73         1       -7.092654e-01
        74         1        7.310749e-02
         1         2       -2.987336e-01
         2         2        4.238826e-01
         3         2        1.544953e+00
         4         2        1.317219e+00
         5         2       -2.461128e-01
         6         2        1.567865e+00
         7         2       -1.458308e+00
         8         2       -9.193275e-01
         9         2       -7.081205e-01
        10         2       -4.886467e-01
        11         2        5.598571e-01
        12         2        1.013929e-01
        13         2       -4.468499e-01
        14         2        9.789149e-01
        15         2       -2.721052e-01
        16         2       -1.274536e-01
        17         2        1.155275e+00
        18         2        7.436282e-02
        19         2        4.138521e-01
        20         2        5.744377e-01
        21         2       -1.058266e+00
        22         2       -7.067867e-01
        23         2       -4.283930e-01
        24         2        1.690947e+00
        25         2       -7.060573e-01
        26         2        1.208121e+00
        27         2        2.267355e-01
        28         2        4.776100e-02
        29         2       -6.184920e-01
        30         2       -1.642341e-01
        31         2       -7.648249e-01
        32         2        1.175740e+00
        33         2       -2.745088e+00
        34         2       -2.731087e+00
        35         2       -1.073059e+00
        36         2       -4.429391e-01
        37         2       -5.208671e-01
        38         2        4.245224e-01
        39         2       -1.028762e+00
        40         2        1.753217e+00
        41         2       -4.744610e-01
        42         2       -8.183654e-01
        43         2        6.905582e-01
        44         2        3.145859e-01
        45         2       -9.837516e-03
        46         2        1.944006e+00
        47         2       -3.652916e-01
        48         2       -4.145802e-01
        49         2       -3.130071e-01
        50         2       -6.261469e-01
        51         2       -5.402615e-01
        52         2       -9.555116e-01
        53         2        1.056478e+00
        54         2        1.165239e+00
        55         2        6.733439e-01
        56         2       -3.138692e-01
        57         2        1.022029e+00
        58         2        1.056011e-01
        59         2        2.570876e-01
        60         2       -4.309806e-01
        61         2       -1.050482e+00
        62         2        8.629577e-01
        63         2       -8.416613e-02
        64         2        9.733144e-01
        65         2       -8.216449e-02
        66         2       -7.742523e-01
        67         2        1.753743e-01
        68         2       -2.893979e+00
        69         2       -1.034758e+00
        70         2       -8.608824e-01
        71         2        8.129381e-01
        72         2        4.005593e-01
        73         2       -1.235088e+00
        74         2        1.213726e+00
         1         3        1.138372e+00
         2         3        2.014186e+00
         3         3       -4.469988e-01
         4         3       -1.752998e+00
         5         3        5.583483e-01
         6         3       -5.588997e-01
         7         3        1.298599e-02
         8         3       -3.949054e-01
         9         3        1.098141e+00
        10         3        1.563523e+00
        11         3       -1.941531e+00
        12         3        8.264712e-01
        13         3        1.407118e+00
        14         3       -1.364493e+00
        15         3        2.152329e-01
        16         3       -5.362509e-01
        17         3       -7.758766e-01
        18         3        2.195252e-02
        19         3        1.977796e-01
        20         3        1.534645e-01
        21         3       -2.658056e-01
        22         3        1.098040e+00
        23         3       -1.292191e+00
        24         3        7.878876e-02
        25         3        1.571674e-01
        26         3       -1.678606e-01
        27         3       -5.895153e-01
        28         3        9.134024e-01
        29         3       -6.234269e-02
        30         3        9.482635e-01
        31         3       -8.230838e-01
        32         3        6.651673e-01
        33         3        9.666353e-01
        34         3        1.983981e+00
        35         3       -6.770333e-01
        36         3        6.358178e-01
        37         3        5.218442e-01
        38         3       -6.550155e-01
        39         3        1.357753e+00
        40         3       -3.353724e-01
        41         3        1.294603e+00
        42         3        4.763579e-01
        43         3       -3.829633e-01
        44         3       -8.069658e-01
        45         3        8.204028e-02
        46         3       -1.692828e-01
        47         3        1.638473e-01
        48         3       -2.429661e-01
        49         3        1.495398e+00
        50         3       -8.313203e-01
        51         3       -9.548376e-01
        52         3        2.828714e-01
        53         3       -1.352783e+00
        54         3        3.235529e-01
        55         3        1.597723e+00
        56         3        4.001674e-01
        57         3       -2.057344e+00
        58         3       -1.158833e+00
        59         3        3.082903e-01
        60         3        9.919343e-01
        61         3       -9.010177e-01
        62         3        6.210643e-01
        63         3        3.948534e-01
        64         3        1.279354e+00
        65         3        5.360081e-01
        66         3        1.497120e-01
        67         3        4.141428e-01
        68         3        2.666246e-01
        69         3        2.203175e+00
        70         3        5.024798e-01
        71         3        4.117223e-01
        72         3        3.969468e-01
        73         3        6.033667e-01
        74         3       -1.086047e+00
         1         4       -3.082568e-01
         2         4       -1.070410e+00
         3         4        4.924920e-02
         4         4       -2.802793e-01
         5         4       -1.553353e+00
         6         4       -7.246029e-01
         7         4       -2.006619e-01
         8         4       -8.188060e-01
         9         4        6.005564e-01
        10         4        1.042920e+00
        11         4        4.162550e-01
        12         4       -6.614510e-01
        13         4       -2.046977e+00
        14         4        9.251467e-01
        15         4       -1.193394e+00
        16         4        3.186218e-01
        17         4       -3.223666e+00
        18         4        1.629755e+00
        19         4       -9.778569e-01
        20         4       -8.794271e-01
        21         4       -1.231413e-01
        22         4       -5.057805e-01
        23         4        8.981746e-01
        24         4        1.882206e+00
        25         4       -9.163454e-03
        26         4        3.506464e-01
        27         4        4.271715e-01
        28         4       -6.723912e-01
        29         4        1.896768e+00
        30         4        2.149420e+00
        31         4       -1.080514e+00
        32         4        1.127879e-02
        33         4       -1.026369e+00
        34         4        1.284244e+00
        35         4        1.406857e+00
        36         4       -1.502254e+00
        37         4        7.422165e-01
        38         4       -1.493907e+00
        39         4       -2.427548e-01
        40         4       -1.223739e+00
        41         4        8.018897e-01
        42         4        1.890680e-01
        43         4       -1.100514e+00
        44         4       -3.006985e-01
        45         4       -6.154111e-01
        46         4       -4.692691e-01
        47         4       -4.174196e-01
        48         4       -6.826326e-02
        49         4        1.573685e+00
        50         4        1.058089e+00
        51         4        2.137969e-01
        52         4       -1.866081e-01
        53         4       -5.791120e-01
        54         4       -5.500140e-01
        55         4        7.561079e-01
        56         4        7.538441e-01
        57         4       -4.617289e-02
        58         4        2.101234e-01
        59         4        7.066110e-01
        60         4       -1.972769e+00
        61         4       -1.206647e+00
        62         4        1.040320e+00
        63         4       -6.180888e-01
        64         4       -1.780463e+00
        65         4        5.038383e-01
        66         4        1.446419e-01
        67         4       -1.505911e+00
        68         4        1.510225e+00
        69         4        1.073545e+00
        70         4       -7.274834e-01
        71         4       -8.507516e-01
        72         4        5.686005e-01
        73         4        1.705079e+00
        74         4        5.109773e-01
         1         5        4.079493e-01
         2         5        4.202813e-01
         3         5        1.003049e+00
         4         5       -9.264667e-01
         5         5       -6.320747e-01
         6         5       -2.496536e-01
         7         5       -3.603326e-01
         8         5       -9.183682e-01
         9         5        5.111091e-01
        10         5        1.937252e-01
        11         5       -7.600923e-01
        12         5       -7.396266e-02
        13         5       -2.058995e-01
        14         5        7.629848e-01
        15         5        2.549489e-02
        16         5        7.652843e-01
        17         5        2.028423e-01
        18         5        9.972294e-01
        19         5       -1.550969e-01
        20         5       -3.553394e-01
        21         5       -3.750993e-01
        22         5        6.154380e-01
        23         5       -4.209165e-01
        24         5        8.145390e-01
        25         5       -3.444225e-01
        26         5        3.732613e-01
        27         5        1.374384e+00
        28         5       -9.364948e-01
        29         5        4.891842e-01
        30         5        4.940471e-01
        31         5       -1.587587e+00
        32         5        1.816128e-02
        33         5        6.112548e-01
        34         5        1.113790e+00
        35         5       -1.044799e+00
        36         5       -1.073840e-01
        37         5       -8.380082e-02
        38         5       -8.174341e-02
        39         5        1.489907e-01
        40         5       -2.183860e-01
        41         5        7.506616e-01
        42         5       -1.542896e-01
        43         5       -7.498386e-01
        44         5        7.754994e-01
        45         5       -1.701582e+00
        46         5        9.205915e-01
        47         5       -5.964854e-01
        48         5        1.232726e-01
        49         5       -3.383901e-01
        50         5        5.390110e-01
        51         5       -8.211150e-02
        52         5       -1.561600e-01
        53         5        4.322969e-01
        54         5        6.977715e-01
        55         5       -1.340537e+00
        56         5       -3.527077e-01
        57         5       -5.125756e-02
        58         5       -8.114256e-01
        59         5       -2.014380e+00
        60         5       -7.622244e-01
        61         5       -4.209557e-01
        62         5       -1.518640e+00
        63         5       -4.826444e-01
        64         5        7.670556e-01
        65         5        4.283125e-01
        66         5        6.561895e-01
        67         5       -7.013815e-01
        68         5        4.809420e-01
        69         5       -6.733276e-01
        70         5       -8.784501e-01
        71         5       -8.792628e-02
        72         5        2.410509e-01
        73         5       -9.378038e-01
        74         5       -9.881857e-01
;

param theta:=
    1       -7.333295e-01
    2        5.349879e-01
    3        9.297502e-01
    4        7.709322e-01
    5        2.977558e-01
;
param X_true:=
    1        2.169198e+00
    2        1.205192e+00
    3       -1.224018e-01
    4       -1.756957e+00
    5       -2.559759e+00
    6       -7.177564e-01
    7        4.280256e-01
    8       -1.084854e+00
    9        2.534796e+00
   10        2.444327e+00
   11       -1.327284e+00
   12        5.318237e-03
   13        1.414654e-02
   14        9.805141e-01
   15       -1.095966e+00
   16        2.560405e-01
   17       -2.468103e+00
   18        1.636949e+00
   19       -1.037475e+00
   20       -7.399041e-01
   21       -2.323596e+00
   22        1.074765e+00
   23       -6.422730e-01
   24        2.173787e+00
   25       -1.745975e+00
   26        3.979701e-01
   27        6.829223e-01
   28        1.028258e-01
   29        1.412443e+00
   30        1.903761e+00
   31       -3.074357e+00
   32        1.985258e+00
   33       -2.555129e+00
   34        1.059444e+00
   35       -2.016933e+00
   36       -1.821853e-01
   37        1.123935e+00
   38       -1.612549e+00
   39       -2.091707e-01
   40       -9.953432e-01
   41        6.294642e-01
   42        6.778055e-01
   43       -4.495141e-01
   44       -2.540885e-01
   45       -1.156252e+00
   46       -2.060427e-01
   47       -6.023233e-01
   48       -2.474478e-01
   49        1.666240e+00
   50        1.147287e+00
   51       -1.600111e+00
   52       -9.520262e-01
   53       -1.603475e+00
   54        1.101229e+00
   55        2.213357e+00
   56       -8.086424e-03
   57       -2.005821e+00
   58       -1.135087e+00
   59        9.214417e-01
   60       -2.079648e+00
   61       -2.372618e+00
   62        2.385057e+00
   63        1.154273e+00
   64        1.008442e+00
   65        8.510649e-01
   66        2.056423e-01
   67       -9.006696e-01
   68        3.692383e-01
   69        2.801595e+00
   70        5.215730e-01
   71        1.068601e-01
   72       -1.999460e-01
   73        1.456444e+00
   74       -3.144700e-01
;
param X:=
    1        1.778789e-01
    2       -1.710380e-01
    3       -1.224018e-01
    4        5.805979e-01
    5        3.384737e-02
    6        7.767485e-01
    7       -1.036200e-01
    8       -8.988188e-01
    9       -5.901610e-01
   10        8.262376e-01
   11        4.364163e-02
   12       -4.813131e-02
   13       -8.227071e-01
   14        6.745645e-01
   15       -7.293595e-01
   16       -1.261629e+00
   17       -1.648250e+00
   18        4.143426e-01
   19        5.256524e-01
   20        2.953379e-01
   21        3.944406e-01
   22       -2.167906e+00
   23       -6.422730e-01
   24        2.173787e+00
   25        1.073998e+00
   26        1.689964e+00
   27       -7.558334e-01
   28        1.677782e+00
   29        1.313800e+00
   30        9.261801e-01
   31       -1.221925e+00
   32        8.864573e-01
   33       -9.792880e-01
   34        7.894108e-01
   35        9.758636e-01
   36       -1.821853e-01
   37        3.165350e-02
   38       -1.612549e+00
   39        1.183131e+00
   40        5.941157e-01
   41        4.447376e-01
   42        2.075983e-01
   43       -5.428958e-01
   44       -1.045899e+00
   45        7.799368e-01
   46        1.981036e+00
   47        1.527641e-01
   48        6.147450e-01
   49        1.666240e+00
   50       -2.807144e-01
   51       -6.344954e-01
   52       -9.467667e-01
   53       -1.834492e+00
   54       -1.450934e+00
   55        2.213357e+00
   56        4.717653e-01
   57       -2.005821e+00
   58       -1.451005e-01
   59        6.014641e-01
   60       -4.511367e-01
   61       -1.540458e+00
   62        2.839175e-01
   63       -1.266597e+00
   64       -9.955131e-01
   65       -4.501962e-01
   66       -1.373111e+00
   67       -3.286514e-01
   68        9.871274e-01
   69        2.801595e+00
   70       -1.813153e+00
   71       -6.115627e-01
   72        2.859604e-01
   73        1.456444e+00
   74       -3.144700e-01
;
param outliervec:=
    1    1
    2    1
    3    0
    4    1
    5    1
    6    1
    7    1
    8    1
    9    1
   10    1
   11    1
   12    1
   13    1
   14    1
   15    1
   16    1
   17    1
   18    1
   19    1
   20    1
   21    1
   22    1
   23    0
   24    0
   25    1
   26    1
   27    1
   28    1
   29    1
   30    1
   31    1
   32    1
   33    1
   34    1
   35    1
   36    0
   37    1
   38    0
   39    1
   40    1
   41    1
   42    1
   43    1
   44    1
   45    1
   46    1
   47    1
   48    1
   49    0
   50    1
   51    1
   52    1
   53    1
   54    1
   55    0
   56    1
   57    0
   58    1
   59    1
   60    1
   61    1
   62    1
   63    1
   64    1
   65    1
   66    1
   67    1
   68    1
   69    0
   70    1
   71    1
   72    1
   73    0
   74    0
; 
param greedy_time :=         2.289558e-01
;