data;


param FN:= 0;
param D:= 100;
param U_Original:=
         1         1       -1.827431e+00
         2         1       -4.216418e-01
         3         1       -6.141465e-01
         4         1        1.062799e+00
         5         1       -5.994455e-01
         6         1        1.277826e+00
         7         1       -5.927636e-01
         8         1       -3.032753e-01
         9         1       -6.525371e-01
        10         1       -3.216080e-01
        11         1        4.074472e-01
        12         1        1.190842e-01
        13         1       -1.179338e+00
        14         1       -1.233439e+00
        15         1       -8.376766e-01
        16         1       -4.716345e-01
        17         1       -1.007576e+00
        18         1        2.037199e-01
        19         1        2.053315e+00
        20         1        8.592763e-01
        21         1        9.014086e-01
        22         1       -7.602793e-01
        23         1        9.767061e-01
        24         1        1.083552e+00
        25         1        4.131616e-01
        26         1       -2.058490e+00
        27         1        1.482236e+00
        28         1       -2.153259e+00
        29         1        3.135140e+00
        30         1        6.041789e-02
        31         1       -1.971908e+00
        32         1       -3.005973e-01
        33         1        4.566879e-01
        34         1        5.511645e-01
        35         1        6.611233e-01
        36         1       -4.533134e-01
        37         1        1.485685e+00
        38         1        7.966126e-01
        39         1       -9.114284e-02
        40         1       -5.691185e-01
        41         1       -1.646988e+00
        42         1       -1.821956e-01
        43         1       -7.639874e-01
        44         1       -5.139747e-01
        45         1        8.245539e-01
        46         1       -1.031295e+00
        47         1       -8.672035e-01
        48         1       -8.602263e-02
        49         1        3.329320e-01
        50         1        4.150267e-01
        51         1        1.189325e+00
        52         1        6.868030e-01
        53         1       -4.114708e-03
        54         1       -1.174894e-02
        55         1       -6.813485e-01
        56         1       -4.031441e-01
        57         1       -7.724839e-01
        58         1       -7.309403e-01
        59         1        1.433681e+00
        60         1        5.333900e-01
        61         1        1.090801e+00
        62         1       -2.701331e-01
        63         1        3.077249e-01
        64         1       -9.885935e-01
        65         1       -1.185434e+00
        66         1        7.154046e-01
        67         1       -1.801893e-01
        68         1       -1.075875e+00
        69         1       -4.148485e-01
        70         1        3.291983e-01
        71         1       -6.348642e-01
        72         1       -2.088467e+00
        73         1        1.066547e+00
        74         1       -1.722734e+00
        75         1       -6.286220e-01
        76         1        8.633434e-01
        77         1        5.417381e-01
        78         1       -1.927385e+00
        79         1       -1.993913e-01
        80         1        2.750985e-01
        81         1       -4.994462e-01
        82         1        1.075900e+00
        83         1       -2.658420e-01
        84         1        1.604309e+00
        85         1        5.992385e-01
        86         1       -1.718637e+00
        87         1       -3.310142e-01
        88         1       -3.985018e-01
        89         1       -1.004947e+00
        90         1       -1.919268e+00
        91         1        1.628930e+00
        92         1        8.654883e-01
        93         1        4.722226e-01
        94         1        6.648299e-01
        95         1        1.440865e+00
        96         1        4.125005e-01
        97         1       -7.862663e-02
        98         1       -9.835762e-01
        99         1       -7.832171e-01
       100         1        2.643943e-01
         1         2        1.176775e+00
         2         2       -7.176365e-01
         3         2        6.061113e-01
         4         2        2.264697e-01
         5         2        3.183163e-01
         6         2        5.787253e-01
         7         2       -4.922338e-01
         8         2       -1.586439e-01
         9         2       -4.284372e-01
        10         2       -1.063694e+00
        11         2        7.008549e-01
        12         2        9.832803e-01
        13         2        8.825844e-01
        14         2       -4.761042e-01
        15         2       -2.096706e+00
        16         2        4.169964e-01
        17         2        4.730376e-01
        18         2       -1.547857e-01
        19         2       -1.379050e+00
        20         2       -6.341328e-01
        21         2       -5.317635e-01
        22         2       -8.194148e-01
        23         2       -1.024996e+00
        24         2        2.167174e-01
        25         2        1.339046e-02
        26         2       -3.884400e-01
        27         2       -6.846963e-01
        28         2       -5.257984e-01
        29         2        7.519093e-01
        30         2        3.839583e-01
        31         2        3.505470e-01
        32         2        2.330195e+00
        33         2       -4.999220e-01
        34         2       -5.994896e-01
        35         2       -9.499724e-01
        36         2       -6.511654e-01
        37         2       -8.546285e-01
        38         2       -1.155420e+00
        39         2        1.276801e-01
        40         2        1.217697e-01
        41         2        7.115306e-01
        42         2       -2.638689e-01
        43         2        7.925566e-02
        44         2       -5.271754e-01
        45         2       -5.930834e-01
        46         2       -1.079799e+00
        47         2        5.647174e-01
        48         2        7.164288e-01
        49         2        1.581197e+00
        50         2        9.667858e-01
        51         2       -1.301614e+00
        52         2       -5.166537e-01
        53         2        1.070938e+00
        54         2       -1.135903e+00
        55         2       -3.819867e-01
        56         2        7.364213e-01
        57         2        4.631469e-01
        58         2       -4.503675e-01
        59         2        9.693060e-02
        60         2       -1.288336e+00
        61         2       -1.466452e+00
        62         2       -1.769402e+00
        63         2        1.427786e+00
        64         2       -1.243603e+00
        65         2        8.158056e-01
        66         2       -4.354059e-01
        67         2        4.251303e-01
        68         2        7.984616e-01
        69         2        1.633633e-01
        70         2       -1.659453e-01
        71         2       -2.851821e-02
        72         2       -2.182757e+00
        73         2        1.374782e+00
        74         2       -1.418080e+00
        75         2       -2.869968e-02
        76         2       -1.099136e-01
        77         2       -1.325600e+00
        78         2        1.036895e+00
        79         2        1.829377e-02
        80         2        1.056008e+00
        81         2        1.012312e+00
        82         2        3.497015e-01
        83         2       -2.054243e-01
        84         2       -1.554466e+00
        85         2        1.202689e+00
        86         2        3.733250e-01
        87         2       -2.923046e-01
        88         2       -8.199260e-01
        89         2        1.507391e+00
        90         2       -1.155663e+00
        91         2       -2.427704e-01
        92         2       -4.770785e-01
        93         2       -2.694750e-01
        94         2        4.791305e-01
        95         2        6.532385e-01
        96         2       -1.625741e+00
        97         2       -7.366441e-01
        98         2        3.890788e-01
        99         2        1.875188e+00
       100         2       -3.119347e-01
         1         3       -3.884173e-01
         2         3       -2.679773e-01
         3         3       -8.512660e-01
         4         3       -4.984815e-01
         5         3       -5.925851e-01
         6         3       -1.031572e+00
         7         3        5.770337e-01
         8         3        7.516068e-02
         9         3       -1.533077e+00
        10         3        5.821853e-01
        11         3       -1.320243e+00
        12         3       -1.740880e-01
        13         3        1.477701e-02
        14         3        1.739765e+00
        15         3        5.396666e-03
        16         3       -1.546622e+00
        17         3       -1.045334e+00
        18         3        1.217914e+00
        19         3        5.214513e-01
        20         3       -9.781948e-01
        21         3       -3.391103e-01
        22         3        1.376514e+00
        23         3       -1.143176e+00
        24         3        1.028105e-01
        25         3        1.463354e+00
        26         3       -7.321986e-01
        27         3        9.701479e-01
        28         3       -2.446963e+00
        29         3        3.905809e-01
        30         3       -1.000288e+00
        31         3       -2.815593e-01
        32         3       -7.929073e-01
        33         3       -3.162620e-01
        34         3       -1.285707e+00
        35         3        1.252240e+00
        36         3       -3.635205e-01
        37         3       -5.262832e-01
        38         3       -4.095366e-01
        39         3        1.651683e-01
        40         3        4.931672e-01
        41         3        4.350187e-01
        42         3        9.178394e-01
        43         3        4.774109e-01
        44         3        6.258639e-01
        45         3        1.059014e+00
        46         3        2.567066e-01
        47         3        7.039027e-01
        48         3        7.781497e-01
        49         3       -1.205026e-01
        50         3       -6.106259e-01
        51         3       -5.587887e-02
        52         3       -1.383251e+00
        53         3       -6.804764e-01
        54         3        2.433335e-01
        55         3       -7.572606e-01
        56         3        1.244056e+00
        57         3       -1.384898e-01
        58         3       -2.101777e+00
        59         3       -1.248854e-01
        60         3       -1.750226e-01
        61         3        5.606416e-01
        62         3       -4.500732e-01
        63         3        4.941463e-01
        64         3        2.050434e-01
        65         3        8.492331e-01
        66         3       -1.304643e+00
        67         3        1.265768e+00
        68         3        6.819207e-01
        69         3       -1.956875e+00
        70         3        1.140818e+00
        71         3        1.330700e+00
        72         3       -1.529284e-01
        73         3        2.041114e-02
        74         3        3.811613e-01
        75         3        1.152874e-01
        76         3        1.021171e+00
        77         3       -2.816922e-01
        78         3        8.309264e-01
        79         3        7.558443e-01
        80         3        5.685092e-01
        81         3       -5.068327e-01
        82         3       -1.371950e+00
        83         3       -2.228602e-02
        84         3       -2.786121e-01
        85         3        1.585624e+00
        86         3        7.986252e-01
        87         3        1.723868e+00
        88         3       -1.107876e+00
        89         3       -1.523182e+00
        90         3       -5.287263e-01
        91         3       -6.105108e-02
        92         3       -1.110837e+00
        93         3       -1.145792e+00
        94         3        1.191425e+00
        95         3        1.441551e+00
        96         3       -4.258547e-01
        97         3       -1.068920e+00
        98         3       -2.511080e-01
        99         3       -7.857534e-01
       100         3       -7.900283e-01
         1         4       -5.277461e-01
         2         4        5.372967e-01
         3         4        8.849703e-01
         4         4        1.048148e+00
         5         4        1.643114e-01
         6         4        3.580199e-01
         7         4        5.544140e-01
         8         4       -1.383790e+00
         9         4       -2.612777e-01
        10         4        2.603145e-01
        11         4        5.888305e-01
        12         4       -8.614863e-01
        13         4       -3.272208e-02
        14         4        1.588042e+00
        15         4        6.790291e-02
        16         4        5.523096e-02
        17         4        1.902824e-01
        18         4       -1.021728e+00
        19         4        2.160488e+00
        20         4       -4.278697e-01
        21         4        1.430729e+00
        22         4       -3.193692e-01
        23         4        5.913961e-01
        24         4        8.623597e-01
        25         4       -1.560032e+00
        26         4       -9.471424e-01
        27         4       -1.150554e+00
        28         4        1.837629e+00
        29         4        1.394943e-01
        30         4        9.873064e-02
        31         4        8.848506e-01
        32         4       -1.223287e+00
        33         4        6.586710e-01
        34         4       -1.006237e+00
        35         4        5.163370e-01
        36         4       -1.009814e-03
        37         4       -4.929542e-01
        38         4       -1.219849e+00
        39         4       -6.345159e-01
        40         4        5.980188e-01
        41         4        1.448629e+00
        42         4       -2.493461e+00
        43         4        1.438118e-01
        44         4        3.886643e-01
        45         4        8.822715e-01
        46         4       -9.130530e-01
        47         4        8.338482e-01
        48         4       -7.971535e-01
        49         4        2.886250e-01
        50         4       -1.385605e+00
        51         4       -9.994448e-01
        52         4        6.803128e-01
        53         4        5.637963e-01
        54         4       -2.009165e-01
        55         4       -2.048313e+00
        56         4       -3.788970e-01
        57         4        9.841573e-01
        58         4        7.934621e-01
        59         4        3.629166e-01
        60         4        1.614114e+00
        61         4        1.135733e+00
        62         4       -1.055482e-01
        63         4        2.178135e+00
        64         4       -2.210762e+00
        65         4       -1.224659e+00
        66         4       -1.114777e+00
        67         4       -5.354418e-01
        68         4        7.832714e-01
        69         4        1.703067e+00
        70         4       -6.968735e-01
        71         4        2.322480e-02
        72         4       -6.245022e-02
        73         4       -1.504857e+00
        74         4       -4.485645e-01
        75         4       -3.561870e-01
        76         4        1.734298e+00
        77         4       -3.128169e-01
        78         4       -9.283230e-01
        79         4        2.246674e+00
        80         4       -7.854482e-01
        81         4       -3.898208e-01
        82         4        1.062766e+00
        83         4        1.137381e+00
        84         4        1.170352e+00
        85         4        7.254567e-02
        86         4       -8.200864e-01
        87         4        5.762629e-01
        88         4       -8.698467e-01
        89         4       -2.906200e+00
        90         4        1.287408e+00
        91         4       -1.305372e+00
        92         4       -1.854531e+00
        93         4        1.555117e+00
        94         4       -9.711831e-01
        95         4        6.144584e-01
        96         4        6.198469e-01
        97         4       -1.983420e-03
        98         4       -1.963619e-01
        99         4        1.508872e+00
       100         4       -1.018110e+00
         1         5        1.142570e+00
         2         5       -1.388315e+00
         3         5       -7.403262e-01
         4         5        7.539397e-01
         5         5       -1.487120e+00
         6         5        1.782567e+00
         7         5       -1.877614e+00
         8         5       -1.510070e+00
         9         5       -1.102073e+00
        10         5        2.999119e-01
        11         5        1.935696e+00
        12         5        1.318146e+00
        13         5        5.292773e-01
        14         5        1.123560e+00
        15         5        1.397117e+00
        16         5       -3.843675e-01
        17         5       -4.776958e-01
        18         5       -1.142416e-01
        19         5       -2.682654e-01
        20         5        3.796163e-01
        21         5        5.746722e-01
        22         5        1.416885e-01
        23         5       -5.655047e-01
        24         5        2.072274e+00
        25         5        4.104972e-01
        26         5       -3.791605e-01
        27         5       -8.164824e-01
        28         5        4.925075e-01
        29         5       -5.461113e-01
        30         5       -2.167473e-01
        31         5        5.365428e-01
        32         5        5.682675e-01
        33         5        3.067722e-01
        34         5        1.133274e-01
        35         5        6.280387e-01
        36         5       -1.729939e+00
        37         5       -7.655273e-01
        38         5        4.579146e-01
        39         5       -1.163831e+00
        40         5       -5.485051e-01
        41         5       -1.403187e+00
        42         5       -3.790518e-02
        43         5       -1.233848e+00
        44         5        7.288613e-01
        45         5       -5.623489e-01
        46         5        2.058166e+00
        47         5        7.688002e-01
        48         5       -4.996118e-01
        49         5       -6.800713e-01
        50         5        3.643587e-01
        51         5        1.927549e-01
        52         5       -3.439811e-01
        53         5       -5.745405e-01
        54         5       -6.506741e-01
        55         5        2.712704e-01
        56         5       -3.231939e-01
        57         5        1.583845e-01
        58         5       -1.122310e+00
        59         5       -2.599389e-01
        60         5        9.989389e-01
        61         5        2.793053e-01
        62         5       -1.678834e+00
        63         5       -9.355124e-01
        64         5       -1.930878e+00
        65         5       -3.850116e-01
        66         5       -2.754727e-01
        67         5       -1.486166e+00
        68         5        4.034056e-01
        69         5        6.216524e-01
        70         5       -1.152543e+00
        71         5        1.113170e+00
        72         5        1.055021e-01
        73         5        5.429653e-01
        74         5       -4.972127e-01
        75         5        5.953323e-02
        76         5       -5.005330e-01
        77         5        1.939185e+00
        78         5       -3.306837e-01
        79         5        4.287512e-01
        80         5        2.965509e-01
        81         5       -2.314559e-01
        82         5        1.092313e+00
        83         5       -2.571843e-01
        84         5        3.502955e-01
        85         5        9.124461e-01
        86         5       -1.447038e+00
        87         5       -3.410263e-01
        88         5       -8.142170e-01
        89         5       -5.514547e-01
        90         5       -1.684499e+00
        91         5        1.323154e+00
        92         5        5.176857e-02
        93         5        9.442301e-01
        94         5       -2.180594e-01
        95         5       -5.670532e-01
        96         5        8.810255e-01
        97         5       -7.801914e-01
        98         5       -2.933672e+00
        99         5       -1.593418e+00
       100         5       -1.325036e-01
;
param X_Original:=
    1       -3.830025e-01
    2       -1.745724e+00
    3        4.802853e-01
    4       -1.298339e+00
    5       -6.486648e-01
    6       -8.746055e-01
    7       -1.668821e+00
    8        2.239055e+00
    9        2.465116e-01
   10        6.044622e-01
   11        9.305094e-01
   12       -9.741137e-01
   13        1.042942e+00
   14       -1.195722e+00
   15        2.039367e+00
   16       -2.329901e-01
   17       -1.003651e+00
   18       -1.320883e+00
   19        2.784616e-01
   20       -6.061692e-01
   21       -1.785927e+00
   22        5.079475e-01
   23       -2.057129e-01
   24       -5.495157e-01
   25       -4.690113e-01
   26        6.268290e-01
   27       -1.232853e+00
   28       -9.339648e-01
   29       -2.991577e+00
   30       -1.058805e-01
   31       -8.629514e-01
   32       -1.592603e+00
   33        2.330099e-01
   34        9.571591e-01
   35       -1.971072e-01
   36        3.675171e-02
   37       -1.858068e+00
   38        4.026957e-01
   39       -1.281035e+00
   40        1.030736e+00
   41       -7.962154e-01
   42        1.738105e+00
   43       -1.365838e+00
   44       -1.452211e+00
   45       -2.485954e+00
   46        4.372494e-01
   47        1.141566e+00
   48       -2.973170e-01
   49       -1.876273e-01
   50       -3.414184e-01
   51        5.122155e-01
   52       -2.823918e-02
   53        1.439880e-01
   54       -7.917075e-01
   55        6.476937e-01
   56       -2.509044e-01
   57        3.251077e-01
   58       -8.555351e-01
   59        3.656799e-01
   60       -7.550720e-01
   61        9.102708e-01
   62       -4.199352e-01
   63       -4.772937e-01
   64       -6.318449e-01
   65        5.505997e-01
   66       -3.712412e-01
   67       -7.510553e-01
   68       -1.579753e+00
   69        1.734388e-01
   70        3.389438e-01
   71        1.172138e-01
   72        1.527989e+00
   73       -7.836680e-01
   74        1.767067e-01
   75       -5.411761e-01
   76       -3.577010e-01
   77       -1.931098e+00
   78        5.048645e-02
   79       -1.208707e+00
   80       -8.543931e-01
   81        5.776690e-01
   82       -6.597774e-01
   83        1.666890e+00
   84        6.774155e-01
   85       -1.375298e+00
   86       -1.582505e+00
   87       -3.382102e-01
   88       -9.668218e-01
   89       -1.893731e+00
   90       -2.043226e-02
   91        3.838584e-01
   92        1.526214e+00
   93       -5.601458e-01
   94        7.075447e-02
   95        8.658236e-01
   96        1.832797e+00
   97       -7.445769e-01
   98       -4.438859e-01
   99        6.314271e-01
  100       -5.403623e-01
;
param outliervec_original :=
    1    1
    2    1
    3    1
    4    1
    5    0
    6    1
    7    1
    8    1
    9    1
   10    0
   11    1
   12    1
   13    1
   14    1
   15    0
   16    0
   17    1
   18    1
   19    1
   20    1
   21    1
   22    1
   23    1
   24    1
   25    1
   26    1
   27    1
   28    1
   29    1
   30    0
   31    1
   32    0
   33    1
   34    0
   35    1
   36    0
   37    1
   38    1
   39    1
   40    1
   41    1
   42    1
   43    1
   44    1
   45    1
   46    1
   47    1
   48    1
   49    1
   50    0
   51    1
   52    1
   53    1
   54    1
   55    0
   56    1
   57    1
   58    1
   59    0
   60    1
   61    1
   62    1
   63    1
   64    1
   65    1
   66    1
   67    1
   68    1
   69    1
   70    1
   71    1
   72    0
   73    0
   74    1
   75    1
   76    1
   77    1
   78    1
   79    1
   80    1
   81    1
   82    1
   83    1
   84    1
   85    1
   86    1
   87    1
   88    1
   89    1
   90    0
   91    1
   92    1
   93    1
   94    1
   95    1
   96    0
   97    1
   98    1
   99    1
  100    1
;
param d:= 74;
param r:=5;
param p:=0.840000;
param M:=1000;
param U:=
         1         1       -4.216418e-01
         2         1       -6.141465e-01
         3         1       -5.994455e-01
         4         1       -5.927636e-01
         5         1       -6.525371e-01
         6         1       -3.216080e-01
         7         1        4.074472e-01
         8         1       -1.179338e+00
         9         1       -8.376766e-01
        10         1       -4.716345e-01
        11         1       -1.007576e+00
        12         1        2.037199e-01
        13         1        2.053315e+00
        14         1        8.592763e-01
        15         1       -7.602793e-01
        16         1        9.767061e-01
        17         1        4.131616e-01
        18         1       -2.058490e+00
        19         1        1.482236e+00
        20         1        3.135140e+00
        21         1        6.041789e-02
        22         1       -3.005973e-01
        23         1        4.566879e-01
        24         1        5.511645e-01
        25         1        6.611233e-01
        26         1       -4.533134e-01
        27         1        1.485685e+00
        28         1        7.966126e-01
        29         1       -9.114284e-02
        30         1       -5.691185e-01
        31         1       -1.646988e+00
        32         1       -7.639874e-01
        33         1       -8.672035e-01
        34         1       -8.602263e-02
        35         1        3.329320e-01
        36         1        4.150267e-01
        37         1        1.189325e+00
        38         1        6.868030e-01
        39         1       -4.114708e-03
        40         1       -1.174894e-02
        41         1       -6.813485e-01
        42         1       -4.031441e-01
        43         1       -7.724839e-01
        44         1       -7.309403e-01
        45         1        1.433681e+00
        46         1        1.090801e+00
        47         1       -2.701331e-01
        48         1        3.077249e-01
        49         1       -9.885935e-01
        50         1       -1.185434e+00
        51         1        7.154046e-01
        52         1       -1.801893e-01
        53         1       -4.148485e-01
        54         1       -6.348642e-01
        55         1       -2.088467e+00
        56         1        1.066547e+00
        57         1       -1.722734e+00
        58         1       -6.286220e-01
        59         1        8.633434e-01
        60         1       -1.927385e+00
        61         1        2.750985e-01
        62         1       -4.994462e-01
        63         1       -2.658420e-01
        64         1        1.604309e+00
        65         1       -1.718637e+00
        66         1       -3.310142e-01
        67         1       -3.985018e-01
        68         1       -1.004947e+00
        69         1       -1.919268e+00
        70         1        1.628930e+00
        71         1        6.648299e-01
        72         1        4.125005e-01
        73         1       -7.862663e-02
        74         1        2.643943e-01
         1         2       -7.176365e-01
         2         2        6.061113e-01
         3         2        3.183163e-01
         4         2       -4.922338e-01
         5         2       -4.284372e-01
         6         2       -1.063694e+00
         7         2        7.008549e-01
         8         2        8.825844e-01
         9         2       -2.096706e+00
        10         2        4.169964e-01
        11         2        4.730376e-01
        12         2       -1.547857e-01
        13         2       -1.379050e+00
        14         2       -6.341328e-01
        15         2       -8.194148e-01
        16         2       -1.024996e+00
        17         2        1.339046e-02
        18         2       -3.884400e-01
        19         2       -6.846963e-01
        20         2        7.519093e-01
        21         2        3.839583e-01
        22         2        2.330195e+00
        23         2       -4.999220e-01
        24         2       -5.994896e-01
        25         2       -9.499724e-01
        26         2       -6.511654e-01
        27         2       -8.546285e-01
        28         2       -1.155420e+00
        29         2        1.276801e-01
        30         2        1.217697e-01
        31         2        7.115306e-01
        32         2        7.925566e-02
        33         2        5.647174e-01
        34         2        7.164288e-01
        35         2        1.581197e+00
        36         2        9.667858e-01
        37         2       -1.301614e+00
        38         2       -5.166537e-01
        39         2        1.070938e+00
        40         2       -1.135903e+00
        41         2       -3.819867e-01
        42         2        7.364213e-01
        43         2        4.631469e-01
        44         2       -4.503675e-01
        45         2        9.693060e-02
        46         2       -1.466452e+00
        47         2       -1.769402e+00
        48         2        1.427786e+00
        49         2       -1.243603e+00
        50         2        8.158056e-01
        51         2       -4.354059e-01
        52         2        4.251303e-01
        53         2        1.633633e-01
        54         2       -2.851821e-02
        55         2       -2.182757e+00
        56         2        1.374782e+00
        57         2       -1.418080e+00
        58         2       -2.869968e-02
        59         2       -1.099136e-01
        60         2        1.036895e+00
        61         2        1.056008e+00
        62         2        1.012312e+00
        63         2       -2.054243e-01
        64         2       -1.554466e+00
        65         2        3.733250e-01
        66         2       -2.923046e-01
        67         2       -8.199260e-01
        68         2        1.507391e+00
        69         2       -1.155663e+00
        70         2       -2.427704e-01
        71         2        4.791305e-01
        72         2       -1.625741e+00
        73         2       -7.366441e-01
        74         2       -3.119347e-01
         1         3       -2.679773e-01
         2         3       -8.512660e-01
         3         3       -5.925851e-01
         4         3        5.770337e-01
         5         3       -1.533077e+00
         6         3        5.821853e-01
         7         3       -1.320243e+00
         8         3        1.477701e-02
         9         3        5.396666e-03
        10         3       -1.546622e+00
        11         3       -1.045334e+00
        12         3        1.217914e+00
        13         3        5.214513e-01
        14         3       -9.781948e-01
        15         3        1.376514e+00
        16         3       -1.143176e+00
        17         3        1.463354e+00
        18         3       -7.321986e-01
        19         3        9.701479e-01
        20         3        3.905809e-01
        21         3       -1.000288e+00
        22         3       -7.929073e-01
        23         3       -3.162620e-01
        24         3       -1.285707e+00
        25         3        1.252240e+00
        26         3       -3.635205e-01
        27         3       -5.262832e-01
        28         3       -4.095366e-01
        29         3        1.651683e-01
        30         3        4.931672e-01
        31         3        4.350187e-01
        32         3        4.774109e-01
        33         3        7.039027e-01
        34         3        7.781497e-01
        35         3       -1.205026e-01
        36         3       -6.106259e-01
        37         3       -5.587887e-02
        38         3       -1.383251e+00
        39         3       -6.804764e-01
        40         3        2.433335e-01
        41         3       -7.572606e-01
        42         3        1.244056e+00
        43         3       -1.384898e-01
        44         3       -2.101777e+00
        45         3       -1.248854e-01
        46         3        5.606416e-01
        47         3       -4.500732e-01
        48         3        4.941463e-01
        49         3        2.050434e-01
        50         3        8.492331e-01
        51         3       -1.304643e+00
        52         3        1.265768e+00
        53         3       -1.956875e+00
        54         3        1.330700e+00
        55         3       -1.529284e-01
        56         3        2.041114e-02
        57         3        3.811613e-01
        58         3        1.152874e-01
        59         3        1.021171e+00
        60         3        8.309264e-01
        61         3        5.685092e-01
        62         3       -5.068327e-01
        63         3       -2.228602e-02
        64         3       -2.786121e-01
        65         3        7.986252e-01
        66         3        1.723868e+00
        67         3       -1.107876e+00
        68         3       -1.523182e+00
        69         3       -5.287263e-01
        70         3       -6.105108e-02
        71         3        1.191425e+00
        72         3       -4.258547e-01
        73         3       -1.068920e+00
        74         3       -7.900283e-01
         1         4        5.372967e-01
         2         4        8.849703e-01
         3         4        1.643114e-01
         4         4        5.544140e-01
         5         4       -2.612777e-01
         6         4        2.603145e-01
         7         4        5.888305e-01
         8         4       -3.272208e-02
         9         4        6.790291e-02
        10         4        5.523096e-02
        11         4        1.902824e-01
        12         4       -1.021728e+00
        13         4        2.160488e+00
        14         4       -4.278697e-01
        15         4       -3.193692e-01
        16         4        5.913961e-01
        17         4       -1.560032e+00
        18         4       -9.471424e-01
        19         4       -1.150554e+00
        20         4        1.394943e-01
        21         4        9.873064e-02
        22         4       -1.223287e+00
        23         4        6.586710e-01
        24         4       -1.006237e+00
        25         4        5.163370e-01
        26         4       -1.009814e-03
        27         4       -4.929542e-01
        28         4       -1.219849e+00
        29         4       -6.345159e-01
        30         4        5.980188e-01
        31         4        1.448629e+00
        32         4        1.438118e-01
        33         4        8.338482e-01
        34         4       -7.971535e-01
        35         4        2.886250e-01
        36         4       -1.385605e+00
        37         4       -9.994448e-01
        38         4        6.803128e-01
        39         4        5.637963e-01
        40         4       -2.009165e-01
        41         4       -2.048313e+00
        42         4       -3.788970e-01
        43         4        9.841573e-01
        44         4        7.934621e-01
        45         4        3.629166e-01
        46         4        1.135733e+00
        47         4       -1.055482e-01
        48         4        2.178135e+00
        49         4       -2.210762e+00
        50         4       -1.224659e+00
        51         4       -1.114777e+00
        52         4       -5.354418e-01
        53         4        1.703067e+00
        54         4        2.322480e-02
        55         4       -6.245022e-02
        56         4       -1.504857e+00
        57         4       -4.485645e-01
        58         4       -3.561870e-01
        59         4        1.734298e+00
        60         4       -9.283230e-01
        61         4       -7.854482e-01
        62         4       -3.898208e-01
        63         4        1.137381e+00
        64         4        1.170352e+00
        65         4       -8.200864e-01
        66         4        5.762629e-01
        67         4       -8.698467e-01
        68         4       -2.906200e+00
        69         4        1.287408e+00
        70         4       -1.305372e+00
        71         4       -9.711831e-01
        72         4        6.198469e-01
        73         4       -1.983420e-03
        74         4       -1.018110e+00
         1         5       -1.388315e+00
         2         5       -7.403262e-01
         3         5       -1.487120e+00
         4         5       -1.877614e+00
         5         5       -1.102073e+00
         6         5        2.999119e-01
         7         5        1.935696e+00
         8         5        5.292773e-01
         9         5        1.397117e+00
        10         5       -3.843675e-01
        11         5       -4.776958e-01
        12         5       -1.142416e-01
        13         5       -2.682654e-01
        14         5        3.796163e-01
        15         5        1.416885e-01
        16         5       -5.655047e-01
        17         5        4.104972e-01
        18         5       -3.791605e-01
        19         5       -8.164824e-01
        20         5       -5.461113e-01
        21         5       -2.167473e-01
        22         5        5.682675e-01
        23         5        3.067722e-01
        24         5        1.133274e-01
        25         5        6.280387e-01
        26         5       -1.729939e+00
        27         5       -7.655273e-01
        28         5        4.579146e-01
        29         5       -1.163831e+00
        30         5       -5.485051e-01
        31         5       -1.403187e+00
        32         5       -1.233848e+00
        33         5        7.688002e-01
        34         5       -4.996118e-01
        35         5       -6.800713e-01
        36         5        3.643587e-01
        37         5        1.927549e-01
        38         5       -3.439811e-01
        39         5       -5.745405e-01
        40         5       -6.506741e-01
        41         5        2.712704e-01
        42         5       -3.231939e-01
        43         5        1.583845e-01
        44         5       -1.122310e+00
        45         5       -2.599389e-01
        46         5        2.793053e-01
        47         5       -1.678834e+00
        48         5       -9.355124e-01
        49         5       -1.930878e+00
        50         5       -3.850116e-01
        51         5       -2.754727e-01
        52         5       -1.486166e+00
        53         5        6.216524e-01
        54         5        1.113170e+00
        55         5        1.055021e-01
        56         5        5.429653e-01
        57         5       -4.972127e-01
        58         5        5.953323e-02
        59         5       -5.005330e-01
        60         5       -3.306837e-01
        61         5        2.965509e-01
        62         5       -2.314559e-01
        63         5       -2.571843e-01
        64         5        3.502955e-01
        65         5       -1.447038e+00
        66         5       -3.410263e-01
        67         5       -8.142170e-01
        68         5       -5.514547e-01
        69         5       -1.684499e+00
        70         5        1.323154e+00
        71         5       -2.180594e-01
        72         5        8.810255e-01
        73         5       -7.801914e-01
        74         5       -1.325036e-01
;

param theta:=
    1        2.493549e-01
    2       -8.448131e-01
    3       -2.386557e-01
    4       -3.972760e-02
    5        3.368000e-01
;
param X_true:=
    1        8.376742e-03
    2       -7.009671e-01
    3       -6.486648e-01
    4       -5.478419e-01
    5        1.378486e-01
    6        6.044622e-01
    7        2.797578e-01
    8       -7.792398e-01
    9        2.039367e+00
   10       -2.329901e-01
   11       -5.926511e-01
   12       -9.469528e-02
   13        1.538261e+00
   14        1.025191e+00
   15        2.874972e-01
   16        1.143127e+00
   17       -1.220249e-01
   18       -1.991673e-01
   19        3.468108e-01
   20       -1.751745e-01
   21       -1.058805e-01
   22       -1.592603e+00
   23        8.763470e-01
   24        9.571591e-01
   25        9.552089e-01
   26        3.675171e-02
   27        1.054631e+00
   28        1.523815e+00
   29       -5.760852e-01
   30       -5.425579e-01
   31       -1.726932e+00
   32       -7.665210e-01
   33       -5.841364e-01
   34       -1.078691e+00
   35       -1.410944e+00
   36       -3.414184e-01
   37        1.491551e+00
   38        6.379749e-01
   39       -9.263781e-01
   40        6.569336e-01
   41        6.476937e-01
   42       -1.121453e+00
   43       -3.640118e-01
   44        3.253365e-01
   45        3.656799e-01
   46        1.410624e+00
   47        8.732786e-01
   48       -1.626551e+00
   49        1.775648e-01
   50       -1.351380e+00
   51        9.121757e-01
   52       -1.047696e+00
   53        4.378184e-01
   54        2.946447e-02
   55        1.527989e+00
   56       -7.836680e-01
   57        4.812636e-01
   58        3.945120e-02
   59       -1.922560e-01
   60       -1.798177e+00
   61       -8.369927e-01
   62       -1.015159e+00
   63       -9.219147e-02
   64        1.815965e+00
   65       -1.396921e+00
   66       -4.883133e-01
   67        5.490680e-01
   68       -1.273043e+00
   69       -2.043226e-02
   70        1.066886e+00
   71       -5.864260e-01
   72        1.832797e+00
   73        5.597968e-01
   74        4.785211e-01
;
param X:=
    1       -1.745724e+00
    2        4.802853e-01
    3       -6.486648e-01
    4       -1.668821e+00
    5        2.465116e-01
    6        6.044622e-01
    7        9.305094e-01
    8        1.042942e+00
    9        2.039367e+00
   10       -2.329901e-01
   11       -1.003651e+00
   12       -1.320883e+00
   13        2.784616e-01
   14       -6.061692e-01
   15        5.079475e-01
   16       -2.057129e-01
   17       -4.690113e-01
   18        6.268290e-01
   19       -1.232853e+00
   20       -2.991577e+00
   21       -1.058805e-01
   22       -1.592603e+00
   23        2.330099e-01
   24        9.571591e-01
   25       -1.971072e-01
   26        3.675171e-02
   27       -1.858068e+00
   28        4.026957e-01
   29       -1.281035e+00
   30        1.030736e+00
   31       -7.962154e-01
   32       -1.365838e+00
   33        1.141566e+00
   34       -2.973170e-01
   35       -1.876273e-01
   36       -3.414184e-01
   37        5.122155e-01
   38       -2.823918e-02
   39        1.439880e-01
   40       -7.917075e-01
   41        6.476937e-01
   42       -2.509044e-01
   43        3.251077e-01
   44       -8.555351e-01
   45        3.656799e-01
   46        9.102708e-01
   47       -4.199352e-01
   48       -4.772937e-01
   49       -6.318449e-01
   50        5.505997e-01
   51       -3.712412e-01
   52       -7.510553e-01
   53        1.734388e-01
   54        1.172138e-01
   55        1.527989e+00
   56       -7.836680e-01
   57        1.767067e-01
   58       -5.411761e-01
   59       -3.577010e-01
   60        5.048645e-02
   61       -8.543931e-01
   62        5.776690e-01
   63        1.666890e+00
   64        6.774155e-01
   65       -1.582505e+00
   66       -3.382102e-01
   67       -9.668218e-01
   68       -1.893731e+00
   69       -2.043226e-02
   70        3.838584e-01
   71        7.075447e-02
   72        1.832797e+00
   73       -7.445769e-01
   74       -5.403623e-01
;
param outliervec:=
    1    1
    2    1
    3    0
    4    1
    5    1
    6    0
    7    1
    8    1
    9    0
   10    0
   11    1
   12    1
   13    1
   14    1
   15    1
   16    1
   17    1
   18    1
   19    1
   20    1
   21    0
   22    0
   23    1
   24    0
   25    1
   26    0
   27    1
   28    1
   29    1
   30    1
   31    1
   32    1
   33    1
   34    1
   35    1
   36    0
   37    1
   38    1
   39    1
   40    1
   41    0
   42    1
   43    1
   44    1
   45    0
   46    1
   47    1
   48    1
   49    1
   50    1
   51    1
   52    1
   53    1
   54    1
   55    0
   56    0
   57    1
   58    1
   59    1
   60    1
   61    1
   62    1
   63    1
   64    1
   65    1
   66    1
   67    1
   68    1
   69    0
   70    1
   71    1
   72    0
   73    1
   74    1
; 
param greedy_time :=         6.032086e-01
;