data;


param FN:= 0;
param D:= 100;
param U_Original:=
         1         1       -9.984600e-02
         2         1        2.244864e-01
         3         1        2.555356e+00
         4         1       -8.301211e-01
         5         1        1.937649e-01
         6         1       -1.309457e-01
         7         1        8.368420e-01
         8         1       -3.959963e-01
         9         1       -7.803180e-01
        10         1        1.322025e+00
        11         1       -7.173558e-01
        12         1        1.090580e+00
        13         1       -6.940163e-01
        14         1        1.403003e+00
        15         1       -5.547034e-01
        16         1        1.933595e+00
        17         1       -7.493165e-01
        18         1       -3.592762e-01
        19         1       -1.127784e+00
        20         1       -5.384016e-01
        21         1       -6.597615e-01
        22         1       -3.506018e-01
        23         1       -1.403145e+00
        24         1        2.284191e+00
        25         1       -1.567971e+00
        26         1       -9.575033e-01
        27         1       -7.114873e-01
        28         1        2.331079e-01
        29         1        4.463301e-01
        30         1        1.069777e+00
        31         1       -7.019496e-01
        32         1       -3.895074e-01
        33         1        1.482208e-01
        34         1        1.509633e+00
        35         1       -8.827936e-03
        36         1        1.203980e-02
        37         1       -6.135806e-01
        38         1       -1.293550e-02
        39         1        3.752852e-01
        40         1        6.204162e-01
        41         1        9.401277e-01
        42         1        7.659412e-01
        43         1        3.788408e-01
        44         1       -2.248744e+00
        45         1        9.738636e-01
        46         1        4.737182e-01
        47         1        3.218076e+00
        48         1       -1.931446e-01
        49         1        1.958450e-01
        50         1        8.086367e-01
        51         1       -7.532763e-02
        52         1       -8.761103e-01
        53         1       -2.202316e+00
        54         1        3.561162e-01
        55         1       -1.453977e+00
        56         1        1.245005e+00
        57         1        1.208363e-01
        58         1        5.832196e-01
        59         1       -4.058809e-02
        60         1        1.212867e-01
        61         1        1.217237e-01
        62         1       -1.404271e+00
        63         1       -8.573160e-01
        64         1        9.475517e-01
        65         1        1.083187e+00
        66         1        5.466557e-01
        67         1        3.886645e-01
        68         1       -1.815728e+00
        69         1       -7.213461e-01
        70         1        3.548670e-01
        71         1        4.639549e-01
        72         1       -1.337542e+00
        73         1       -1.189627e+00
        74         1        5.446256e-01
        75         1       -1.564599e+00
        76         1       -5.719814e-01
        77         1        4.616645e-01
        78         1       -3.157935e-01
        79         1       -3.566164e-01
        80         1        3.813309e-01
        81         1        1.437995e+00
        82         1       -5.362605e-01
        83         1        1.574412e+00
        84         1        9.535358e-01
        85         1       -7.265312e-01
        86         1       -9.136025e-01
        87         1        9.091064e-01
        88         1        4.791129e-01
        89         1       -9.433966e-01
        90         1       -4.147161e-01
        91         1       -3.546741e-01
        92         1       -1.228114e+00
        93         1       -1.513600e+00
        94         1        4.856845e-02
        95         1       -3.494265e-01
        96         1       -7.162589e-01
        97         1       -2.828028e-01
        98         1        2.983608e-02
        99         1        6.485157e-01
       100         1       -1.085402e+00
         1         2       -3.423428e-01
         2         2        2.886501e-01
         3         2       -6.822144e-01
         4         2        4.040228e-01
         5         2       -5.055290e-01
         6         2       -9.184887e-02
         7         2        1.168799e+00
         8         2       -8.447079e-01
         9         2       -6.261858e-01
        10         2       -4.640274e-01
        11         2       -8.709516e-01
        12         2       -7.722161e-01
        13         2        3.682807e-01
        14         2       -1.139884e+00
        15         2       -7.050065e-01
        16         2       -3.302660e-01
        17         2        1.628647e+00
        18         2        1.915089e+00
        19         2       -5.225989e-01
        20         2       -1.040363e-01
        21         2        3.020824e-02
        22         2       -1.559012e+00
        23         2       -1.087770e+00
        24         2       -9.891284e-01
        25         2        1.210803e+00
        26         2       -4.678432e-02
        27         2       -1.968016e-01
        28         2       -1.061164e-01
        29         2        8.962502e-01
        30         2        6.412305e-01
        31         2        1.115252e+00
        32         2       -5.295179e-01
        33         2        2.888129e+00
        34         2       -1.200313e+00
        35         2       -4.447133e-01
        36         2       -3.262900e-02
        37         2       -1.634827e+00
        38         2        8.005679e-01
        39         2        8.340466e-01
        40         2        6.094019e-01
        41         2        2.929750e+00
        42         2       -3.782942e-01
        43         2        3.715351e-01
        44         2       -1.495616e+00
        45         2       -9.638491e-01
        46         2        4.371220e-01
        47         2       -7.770534e-01
        48         2        1.154720e+00
        49         2        4.087068e-01
        50         2        1.586291e+00
        51         2        5.488034e-01
        52         2       -1.346579e-01
        53         2       -4.606059e-01
        54         2       -1.659305e+00
        55         2       -1.234179e+00
        56         2        7.175307e-02
        57         2       -5.369187e-01
        58         2       -2.198056e-01
        59         2        2.016406e+00
        60         2        4.475640e-01
        61         2        4.164446e-01
        62         2        6.554836e-01
        63         2        9.216263e-02
        64         2       -1.523586e+00
        65         2        1.637898e+00
        66         2        1.278154e+00
        67         2        2.312862e+00
        68         2        1.155239e+00
        69         2        3.484065e-01
        70         2        3.122787e-02
        71         2       -1.670922e+00
        72         2       -3.517174e-01
        73         2        1.849850e+00
        74         2        8.049014e-01
        75         2        2.947824e-01
        76         2       -5.065751e-01
        77         2       -3.729037e-01
        78         2       -8.310891e-02
        79         2       -1.223426e+00
        80         2       -1.491434e+00
        81         2       -1.683367e-01
        82         2        8.258217e-01
        83         2        1.772707e+00
        84         2        5.256029e-01
        85         2        3.272774e-01
        86         2        2.480200e-01
        87         2       -3.500941e-01
        88         2       -3.028602e-01
        89         2        1.250779e+00
        90         2        2.012424e-01
        91         2        1.987330e-01
        92         2        4.943589e-01
        93         2        1.200625e-01
        94         2        1.537131e+00
        95         2        5.603694e-01
        96         2       -5.556005e-01
        97         2       -8.438907e-01
        98         2        1.558755e+00
        99         2        2.465009e+00
       100         2        1.291825e+00
         1         3        7.841811e-01
         2         3       -2.365637e+00
         3         3       -2.124760e-01
         4         3        1.348391e+00
         5         3       -7.115355e-02
         6         3       -1.883598e+00
         7         3       -1.014456e+00
         8         3       -2.620547e-02
         9         3       -8.833090e-01
        10         3       -1.093032e-01
        11         3       -1.968321e-02
        12         3       -3.669718e-01
        13         3        1.270450e+00
        14         3       -4.856870e-01
        15         3        1.749188e-01
        16         3       -4.359718e-01
        17         3       -2.430165e+00
        18         3       -4.706613e-02
        19         3        9.085104e-01
        20         3        1.285809e+00
        21         3        5.356148e-01
        22         3        4.542213e-01
        23         3        1.565018e+00
        24         3        2.150063e-01
        25         3       -1.113743e+00
        26         3       -1.120416e+00
        27         3       -1.819831e+00
        28         3        2.091495e+00
        29         3       -1.724136e-01
        30         3        2.100556e-01
        31         3        2.744054e+00
        32         3        4.176220e-02
        33         3       -7.311485e-01
        34         3       -1.578413e+00
        35         3       -1.262316e+00
        36         3       -1.067319e+00
        37         3        4.031141e-01
        38         3       -5.346681e-01
        39         3       -4.343190e-02
        40         3       -2.369281e+00
        41         3       -1.679607e-01
        42         3        1.356146e+00
        43         3        2.380091e-01
        44         3       -9.354015e-01
        45         3       -1.482231e+00
        46         3       -7.636114e-01
        47         3        8.225111e-01
        48         3       -3.251358e-01
        49         3       -3.835824e-01
        50         3        1.713451e+00
        51         3        9.694188e-02
        52         3        1.269705e+00
        53         3       -4.018751e-01
        54         3       -2.056881e+00
        55         3        1.542421e-01
        56         3        2.325177e-01
        57         3       -5.736561e-01
        58         3       -3.002962e-01
        59         3       -4.742623e-01
        60         3        5.962972e-01
        61         3       -1.169005e+00
        62         3        6.977798e-01
        63         3        1.076007e+00
        64         3        1.298583e+00
        65         3       -1.588791e+00
        66         3        1.953001e+00
        67         3        2.858838e-01
        68         3       -1.412628e+00
        69         3       -5.787824e-02
        70         3        3.599553e-01
        71         3        6.249944e-02
        72         3       -2.685338e-01
        73         3        1.382387e+00
        74         3        6.290135e-02
        75         3        1.121078e+00
        76         3        3.228063e-01
        77         3        1.100667e+00
        78         3       -5.417748e-01
        79         3       -1.523878e-01
        80         3       -1.607490e+00
        81         3       -5.690125e-02
        82         3       -7.543767e-01
        83         3        7.254675e-01
        84         3        6.285766e-01
        85         3        9.467455e-01
        86         3       -3.883727e-01
        87         3        9.199552e-02
        88         3       -4.871909e-03
        89         3       -7.212475e-01
        90         3       -1.886656e+00
        91         3       -4.276958e-01
        92         3        1.350494e+00
        93         3        1.755031e+00
        94         3       -1.025833e+00
        95         3       -4.204803e-01
        96         3        4.063401e-01
        97         3       -1.286190e+00
        98         3       -7.225515e-01
        99         3        2.109471e+00
       100         3       -3.294083e-02
         1         4       -4.158084e-01
         2         4       -1.124548e+00
         3         4       -7.785447e-01
         4         4       -3.265957e-01
         5         4        1.141597e+00
         6         4       -4.657806e-01
         7         4       -1.849981e-01
         8         4       -8.298515e-01
         9         4        2.554940e+00
        10         4       -8.922816e-01
        11         4        1.101629e+00
        12         4       -4.835700e-02
        13         4       -9.522600e-01
        14         4       -1.358789e+00
        15         4       -1.112372e+00
        16         4       -7.051944e-01
        17         4       -1.706884e-01
        18         4       -1.545647e+00
        19         4       -4.863866e-01
        20         4        7.952400e-01
        21         4        6.889184e-01
        22         4       -7.730054e-02
        23         4        4.390499e-01
        24         4        4.492484e-01
        25         4       -1.104707e+00
        26         4       -4.851066e-02
        27         4        2.174866e+00
        28         4       -7.965113e-01
        29         4        9.070054e-01
        30         4        4.876528e-01
        31         4        4.588826e-02
        32         4       -3.868333e-01
        33         4       -2.002359e-01
        34         4        7.940655e-02
        35         4       -1.850977e-01
        36         4       -1.294119e-01
        37         4       -1.184069e+00
        38         4        8.834234e-01
        39         4       -8.500667e-01
        40         4        1.628269e+00
        41         4       -9.433550e-01
        42         4       -4.246521e-01
        43         4       -6.885858e-01
        44         4       -7.957484e-02
        45         4        1.406324e-02
        46         4        3.841614e-01
        47         4        5.604928e-01
        48         4        3.841006e-01
        49         4       -1.710622e+00
        50         4       -6.313138e-02
        51         4        1.516440e-01
        52         4       -5.553374e-02
        53         4       -7.229927e-01
        54         4       -8.155604e-02
        55         4       -5.409517e-01
        56         4       -8.228603e-01
        57         4       -1.475884e+00
        58         4        1.155284e+00
        59         4       -1.171668e-02
        60         4       -1.034283e-01
        61         4       -1.629082e+00
        62         4       -8.063848e-01
        63         4        4.586910e-02
        64         4        7.280546e-01
        65         4        5.385686e-01
        66         4        1.581970e+00
        67         4       -6.299409e-01
        68         4       -1.610482e-01
        69         4        1.473298e+00
        70         4        1.895541e+00
        71         4        2.834696e-01
        72         4        6.047412e-01
        73         4        5.394980e-01
        74         4        3.544030e-01
        75         4        1.883685e-01
        76         4        4.478655e-01
        77         4       -1.229518e+00
        78         4        3.405510e-01
        79         4       -7.787951e-01
        80         4       -9.622934e-01
        81         4        3.369142e-01
        82         4        1.026804e+00
        83         4        1.762804e+00
        84         4        1.098490e+00
        85         4       -9.094545e-01
        86         4        9.190212e-01
        87         4       -2.400914e+00
        88         4       -5.805611e-01
        89         4       -3.250724e-03
        90         4        1.121191e+00
        91         4        5.011100e-01
        92         4       -6.107617e-01
        93         4       -4.556962e-01
        94         4       -3.232196e-01
        95         4       -1.016101e+00
        96         4       -1.073006e+00
        97         4       -1.086488e+00
        98         4       -1.100058e+00
        99         4       -5.620136e-02
       100         4       -8.669245e-01
         1         5       -1.506403e-01
         2         5       -2.900951e-03
         3         5       -5.460388e-02
         4         5        1.152704e+00
         5         5        9.636498e-01
         6         5       -1.422449e+00
         7         5        1.167697e+00
         8         5        9.073586e-02
         9         5       -4.925528e-03
        10         5       -5.316835e-01
        11         5       -3.593980e-01
        12         5       -1.002214e+00
        13         5        1.197964e+00
        14         5       -1.095230e+00
        15         5        7.273995e-01
        16         5       -3.465034e-01
        17         5       -1.572656e+00
        18         5        4.036548e-01
        19         5        1.798225e+00
        20         5        7.113360e-01
        21         5       -1.755728e+00
        22         5        6.727551e-01
        23         5        2.980746e-01
        24         5        1.209131e+00
        25         5       -5.162442e-01
        26         5       -1.017824e-01
        27         5        7.942299e-01
        28         5       -6.062334e-01
        29         5        1.416911e+00
        30         5       -2.333438e+00
        31         5       -2.692515e-01
        32         5        1.715646e+00
        33         5       -1.378010e+00
        34         5       -2.402772e+00
        35         5        3.961269e-01
        36         5       -1.016602e+00
        37         5       -1.872267e-01
        38         5       -1.224468e+00
        39         5       -1.327709e+00
        40         5        4.556868e-01
        41         5       -3.059413e-01
        42         5        8.166534e-01
        43         5       -3.575934e-01
        44         5       -8.500282e-01
        45         5        3.050291e-01
        46         5        5.936238e-01
        47         5       -8.113553e-02
        48         5        1.299739e+00
        49         5        7.260197e-01
        50         5        4.350919e-01
        51         5        3.509145e-01
        52         5        7.021570e-01
        53         5        5.298048e-01
        54         5        3.839389e-01
        55         5       -1.459363e-01
        56         5       -6.852985e-01
        57         5       -3.804651e-01
        58         5        4.548133e-01
        59         5       -2.514765e-01
        60         5       -1.881759e+00
        61         5       -5.505823e-02
        62         5       -8.730718e-01
        63         5       -9.173843e-01
        64         5        1.201539e+00
        65         5        7.732134e-01
        66         5        8.786907e-01
        67         5       -4.691692e-01
        68         5        2.251050e+00
        69         5        3.947395e-01
        70         5       -1.037405e+00
        71         5        6.268196e-01
        72         5        2.172647e+00
        73         5        1.448003e+00
        74         5       -1.120434e+00
        75         5        9.725620e-02
        76         5       -5.661764e-01
        77         5        6.035635e-02
        78         5       -1.509273e+00
        79         5        1.467282e-01
        80         5       -1.450800e+00
        81         5        1.115432e+00
        82         5        6.562806e-01
        83         5       -3.935502e-01
        84         5        1.131610e+00
        85         5       -1.342966e+00
        86         5       -1.920897e-01
        87         5        9.296685e-01
        88         5        1.452623e+00
        89         5       -5.473590e-01
        90         5       -1.568321e+00
        91         5        4.633399e-02
        92         5       -5.026534e-01
        93         5       -7.053834e-02
        94         5       -1.135151e+00
        95         5        6.800475e-01
        96         5        1.059381e+00
        97         5        2.323868e+00
        98         5       -9.992153e-01
        99         5        6.208763e-01
       100         5       -2.209710e-01
;
param X_Original:=
    1        5.764319e-01
    2        4.302444e-01
    3       -1.144134e+00
    4        2.207295e+00
    5       -7.495133e-01
    6        5.755767e-01
    7        2.253807e+00
    8       -1.716990e-01
    9       -5.729039e-01
   10       -2.550564e+00
   11       -8.069861e-02
   12        1.682672e-01
   13       -1.801878e+00
   14       -7.648095e-01
   15        1.429602e+00
   16        1.158810e+00
   17        3.893092e-01
   18       -2.355809e-01
   19        1.234687e+00
   20        1.321787e+00
   21        9.296134e-01
   22       -3.312566e-01
   23       -5.164403e-02
   24       -1.421178e+00
   25       -7.519930e-01
   26       -9.004012e-01
   27       -1.077952e+00
   28       -4.296914e-02
   29       -1.383443e+00
   30        1.727909e+00
   31       -1.143162e+00
   32       -2.672759e-02
   33        7.154444e-01
   34       -2.666885e+00
   35       -7.862753e-01
   36       -8.280939e-01
   37       -1.210906e+00
   38       -2.606635e-01
   39       -7.607558e-01
   40       -9.258223e-01
   41       -2.369938e+00
   42       -1.940432e+00
   43       -1.744578e+00
   44        4.677233e-02
   45        4.951799e-01
   46        1.208488e+00
   47       -6.100587e-01
   48        6.725161e-01
   49        5.531473e-01
   50        1.045585e+00
   51        1.344514e-01
   52       -7.593720e-01
   53       -1.433492e+00
   54        9.199557e-01
   55        2.519220e-01
   56       -5.993488e-02
   57       -1.483309e-02
   58        1.266615e+00
   59       -2.596488e+00
   60       -5.260784e-01
   61       -8.762795e-01
   62       -1.761582e-01
   63        1.582412e+00
   64        1.182435e+00
   65        7.868159e-01
   66        5.773528e-01
   67       -9.872937e-01
   68        6.044984e-01
   69       -1.122510e+00
   70        1.618454e+00
   71       -2.730945e-01
   72       -2.300131e-01
   73        3.584485e-02
   74       -1.604269e-03
   75       -5.902655e-02
   76       -5.960377e-01
   77        7.541127e-01
   78       -7.838450e-01
   79        1.206803e-01
   80        1.414958e+00
   81        1.219875e+00
   82       -1.005291e+00
   83       -1.014508e+00
   84       -1.546508e+00
   85       -2.535781e+00
   86        6.216241e-01
   87       -1.275571e+00
   88        5.430057e-01
   89        5.660456e-01
   90       -3.160888e-01
   91        1.470419e-01
   92       -1.025690e+00
   93       -2.167288e+00
   94        1.483428e-02
   95        1.071023e-01
   96        8.157249e-01
   97       -1.325420e+00
   98       -1.890005e+00
   99       -2.244463e+00
  100        3.494538e-02
;
param outliervec_original :=
    1    1
    2    1
    3    1
    4    1
    5    1
    6    1
    7    1
    8    0
    9    1
   10    0
   11    1
   12    1
   13    1
   14    1
   15    1
   16    1
   17    1
   18    1
   19    1
   20    0
   21    1
   22    1
   23    1
   24    1
   25    1
   26    1
   27    1
   28    1
   29    1
   30    1
   31    1
   32    1
   33    1
   34    0
   35    1
   36    1
   37    1
   38    0
   39    1
   40    1
   41    0
   42    1
   43    0
   44    1
   45    0
   46    0
   47    1
   48    1
   49    1
   50    1
   51    1
   52    1
   53    1
   54    1
   55    1
   56    1
   57    1
   58    1
   59    1
   60    1
   61    0
   62    1
   63    1
   64    1
   65    1
   66    0
   67    1
   68    1
   69    1
   70    1
   71    1
   72    1
   73    1
   74    1
   75    1
   76    1
   77    1
   78    0
   79    1
   80    1
   81    1
   82    1
   83    0
   84    1
   85    0
   86    1
   87    1
   88    0
   89    0
   90    1
   91    1
   92    1
   93    1
   94    1
   95    1
   96    0
   97    1
   98    0
   99    1
  100    1
;
param d:= 75;
param r:=5;
param p:=0.820000;
param M:=1000;
param U:=
         1         1       -9.984600e-02
         2         1        2.244864e-01
         3         1        2.555356e+00
         4         1       -1.309457e-01
         5         1        8.368420e-01
         6         1       -3.959963e-01
         7         1        1.322025e+00
         8         1       -7.173558e-01
         9         1        1.090580e+00
        10         1       -6.940163e-01
        11         1        1.403003e+00
        12         1       -5.547034e-01
        13         1       -7.493165e-01
        14         1       -3.592762e-01
        15         1       -1.127784e+00
        16         1       -5.384016e-01
        17         1       -3.506018e-01
        18         1       -1.403145e+00
        19         1       -1.567971e+00
        20         1       -9.575033e-01
        21         1       -7.019496e-01
        22         1       -3.895074e-01
        23         1        1.509633e+00
        24         1        1.203980e-02
        25         1       -6.135806e-01
        26         1       -1.293550e-02
        27         1        3.752852e-01
        28         1        9.401277e-01
        29         1        7.659412e-01
        30         1        3.788408e-01
        31         1       -2.248744e+00
        32         1        9.738636e-01
        33         1        4.737182e-01
        34         1        3.218076e+00
        35         1       -1.931446e-01
        36         1        1.958450e-01
        37         1       -7.532763e-02
        38         1       -8.761103e-01
        39         1        3.561162e-01
        40         1       -1.453977e+00
        41         1        1.245005e+00
        42         1        1.208363e-01
        43         1        5.832196e-01
        44         1        1.212867e-01
        45         1        1.217237e-01
        46         1       -1.404271e+00
        47         1        9.475517e-01
        48         1        1.083187e+00
        49         1        5.466557e-01
        50         1        3.886645e-01
        51         1        3.548670e-01
        52         1        4.639549e-01
        53         1       -1.189627e+00
        54         1        5.446256e-01
        55         1       -1.564599e+00
        56         1       -5.719814e-01
        57         1       -3.157935e-01
        58         1       -3.566164e-01
        59         1        1.437995e+00
        60         1        1.574412e+00
        61         1       -7.265312e-01
        62         1       -9.136025e-01
        63         1        9.091064e-01
        64         1        4.791129e-01
        65         1       -9.433966e-01
        66         1       -4.147161e-01
        67         1       -3.546741e-01
        68         1       -1.228114e+00
        69         1       -1.513600e+00
        70         1        4.856845e-02
        71         1       -3.494265e-01
        72         1       -7.162589e-01
        73         1        2.983608e-02
        74         1        6.485157e-01
        75         1       -1.085402e+00
         1         2       -3.423428e-01
         2         2        2.886501e-01
         3         2       -6.822144e-01
         4         2       -9.184887e-02
         5         2        1.168799e+00
         6         2       -8.447079e-01
         7         2       -4.640274e-01
         8         2       -8.709516e-01
         9         2       -7.722161e-01
        10         2        3.682807e-01
        11         2       -1.139884e+00
        12         2       -7.050065e-01
        13         2        1.628647e+00
        14         2        1.915089e+00
        15         2       -5.225989e-01
        16         2       -1.040363e-01
        17         2       -1.559012e+00
        18         2       -1.087770e+00
        19         2        1.210803e+00
        20         2       -4.678432e-02
        21         2        1.115252e+00
        22         2       -5.295179e-01
        23         2       -1.200313e+00
        24         2       -3.262900e-02
        25         2       -1.634827e+00
        26         2        8.005679e-01
        27         2        8.340466e-01
        28         2        2.929750e+00
        29         2       -3.782942e-01
        30         2        3.715351e-01
        31         2       -1.495616e+00
        32         2       -9.638491e-01
        33         2        4.371220e-01
        34         2       -7.770534e-01
        35         2        1.154720e+00
        36         2        4.087068e-01
        37         2        5.488034e-01
        38         2       -1.346579e-01
        39         2       -1.659305e+00
        40         2       -1.234179e+00
        41         2        7.175307e-02
        42         2       -5.369187e-01
        43         2       -2.198056e-01
        44         2        4.475640e-01
        45         2        4.164446e-01
        46         2        6.554836e-01
        47         2       -1.523586e+00
        48         2        1.637898e+00
        49         2        1.278154e+00
        50         2        2.312862e+00
        51         2        3.122787e-02
        52         2       -1.670922e+00
        53         2        1.849850e+00
        54         2        8.049014e-01
        55         2        2.947824e-01
        56         2       -5.065751e-01
        57         2       -8.310891e-02
        58         2       -1.223426e+00
        59         2       -1.683367e-01
        60         2        1.772707e+00
        61         2        3.272774e-01
        62         2        2.480200e-01
        63         2       -3.500941e-01
        64         2       -3.028602e-01
        65         2        1.250779e+00
        66         2        2.012424e-01
        67         2        1.987330e-01
        68         2        4.943589e-01
        69         2        1.200625e-01
        70         2        1.537131e+00
        71         2        5.603694e-01
        72         2       -5.556005e-01
        73         2        1.558755e+00
        74         2        2.465009e+00
        75         2        1.291825e+00
         1         3        7.841811e-01
         2         3       -2.365637e+00
         3         3       -2.124760e-01
         4         3       -1.883598e+00
         5         3       -1.014456e+00
         6         3       -2.620547e-02
         7         3       -1.093032e-01
         8         3       -1.968321e-02
         9         3       -3.669718e-01
        10         3        1.270450e+00
        11         3       -4.856870e-01
        12         3        1.749188e-01
        13         3       -2.430165e+00
        14         3       -4.706613e-02
        15         3        9.085104e-01
        16         3        1.285809e+00
        17         3        4.542213e-01
        18         3        1.565018e+00
        19         3       -1.113743e+00
        20         3       -1.120416e+00
        21         3        2.744054e+00
        22         3        4.176220e-02
        23         3       -1.578413e+00
        24         3       -1.067319e+00
        25         3        4.031141e-01
        26         3       -5.346681e-01
        27         3       -4.343190e-02
        28         3       -1.679607e-01
        29         3        1.356146e+00
        30         3        2.380091e-01
        31         3       -9.354015e-01
        32         3       -1.482231e+00
        33         3       -7.636114e-01
        34         3        8.225111e-01
        35         3       -3.251358e-01
        36         3       -3.835824e-01
        37         3        9.694188e-02
        38         3        1.269705e+00
        39         3       -2.056881e+00
        40         3        1.542421e-01
        41         3        2.325177e-01
        42         3       -5.736561e-01
        43         3       -3.002962e-01
        44         3        5.962972e-01
        45         3       -1.169005e+00
        46         3        6.977798e-01
        47         3        1.298583e+00
        48         3       -1.588791e+00
        49         3        1.953001e+00
        50         3        2.858838e-01
        51         3        3.599553e-01
        52         3        6.249944e-02
        53         3        1.382387e+00
        54         3        6.290135e-02
        55         3        1.121078e+00
        56         3        3.228063e-01
        57         3       -5.417748e-01
        58         3       -1.523878e-01
        59         3       -5.690125e-02
        60         3        7.254675e-01
        61         3        9.467455e-01
        62         3       -3.883727e-01
        63         3        9.199552e-02
        64         3       -4.871909e-03
        65         3       -7.212475e-01
        66         3       -1.886656e+00
        67         3       -4.276958e-01
        68         3        1.350494e+00
        69         3        1.755031e+00
        70         3       -1.025833e+00
        71         3       -4.204803e-01
        72         3        4.063401e-01
        73         3       -7.225515e-01
        74         3        2.109471e+00
        75         3       -3.294083e-02
         1         4       -4.158084e-01
         2         4       -1.124548e+00
         3         4       -7.785447e-01
         4         4       -4.657806e-01
         5         4       -1.849981e-01
         6         4       -8.298515e-01
         7         4       -8.922816e-01
         8         4        1.101629e+00
         9         4       -4.835700e-02
        10         4       -9.522600e-01
        11         4       -1.358789e+00
        12         4       -1.112372e+00
        13         4       -1.706884e-01
        14         4       -1.545647e+00
        15         4       -4.863866e-01
        16         4        7.952400e-01
        17         4       -7.730054e-02
        18         4        4.390499e-01
        19         4       -1.104707e+00
        20         4       -4.851066e-02
        21         4        4.588826e-02
        22         4       -3.868333e-01
        23         4        7.940655e-02
        24         4       -1.294119e-01
        25         4       -1.184069e+00
        26         4        8.834234e-01
        27         4       -8.500667e-01
        28         4       -9.433550e-01
        29         4       -4.246521e-01
        30         4       -6.885858e-01
        31         4       -7.957484e-02
        32         4        1.406324e-02
        33         4        3.841614e-01
        34         4        5.604928e-01
        35         4        3.841006e-01
        36         4       -1.710622e+00
        37         4        1.516440e-01
        38         4       -5.553374e-02
        39         4       -8.155604e-02
        40         4       -5.409517e-01
        41         4       -8.228603e-01
        42         4       -1.475884e+00
        43         4        1.155284e+00
        44         4       -1.034283e-01
        45         4       -1.629082e+00
        46         4       -8.063848e-01
        47         4        7.280546e-01
        48         4        5.385686e-01
        49         4        1.581970e+00
        50         4       -6.299409e-01
        51         4        1.895541e+00
        52         4        2.834696e-01
        53         4        5.394980e-01
        54         4        3.544030e-01
        55         4        1.883685e-01
        56         4        4.478655e-01
        57         4        3.405510e-01
        58         4       -7.787951e-01
        59         4        3.369142e-01
        60         4        1.762804e+00
        61         4       -9.094545e-01
        62         4        9.190212e-01
        63         4       -2.400914e+00
        64         4       -5.805611e-01
        65         4       -3.250724e-03
        66         4        1.121191e+00
        67         4        5.011100e-01
        68         4       -6.107617e-01
        69         4       -4.556962e-01
        70         4       -3.232196e-01
        71         4       -1.016101e+00
        72         4       -1.073006e+00
        73         4       -1.100058e+00
        74         4       -5.620136e-02
        75         4       -8.669245e-01
         1         5       -1.506403e-01
         2         5       -2.900951e-03
         3         5       -5.460388e-02
         4         5       -1.422449e+00
         5         5        1.167697e+00
         6         5        9.073586e-02
         7         5       -5.316835e-01
         8         5       -3.593980e-01
         9         5       -1.002214e+00
        10         5        1.197964e+00
        11         5       -1.095230e+00
        12         5        7.273995e-01
        13         5       -1.572656e+00
        14         5        4.036548e-01
        15         5        1.798225e+00
        16         5        7.113360e-01
        17         5        6.727551e-01
        18         5        2.980746e-01
        19         5       -5.162442e-01
        20         5       -1.017824e-01
        21         5       -2.692515e-01
        22         5        1.715646e+00
        23         5       -2.402772e+00
        24         5       -1.016602e+00
        25         5       -1.872267e-01
        26         5       -1.224468e+00
        27         5       -1.327709e+00
        28         5       -3.059413e-01
        29         5        8.166534e-01
        30         5       -3.575934e-01
        31         5       -8.500282e-01
        32         5        3.050291e-01
        33         5        5.936238e-01
        34         5       -8.113553e-02
        35         5        1.299739e+00
        36         5        7.260197e-01
        37         5        3.509145e-01
        38         5        7.021570e-01
        39         5        3.839389e-01
        40         5       -1.459363e-01
        41         5       -6.852985e-01
        42         5       -3.804651e-01
        43         5        4.548133e-01
        44         5       -1.881759e+00
        45         5       -5.505823e-02
        46         5       -8.730718e-01
        47         5        1.201539e+00
        48         5        7.732134e-01
        49         5        8.786907e-01
        50         5       -4.691692e-01
        51         5       -1.037405e+00
        52         5        6.268196e-01
        53         5        1.448003e+00
        54         5       -1.120434e+00
        55         5        9.725620e-02
        56         5       -5.661764e-01
        57         5       -1.509273e+00
        58         5        1.467282e-01
        59         5        1.115432e+00
        60         5       -3.935502e-01
        61         5       -1.342966e+00
        62         5       -1.920897e-01
        63         5        9.296685e-01
        64         5        1.452623e+00
        65         5       -5.473590e-01
        66         5       -1.568321e+00
        67         5        4.633399e-02
        68         5       -5.026534e-01
        69         5       -7.053834e-02
        70         5       -1.135151e+00
        71         5        6.800475e-01
        72         5        1.059381e+00
        73         5       -9.992153e-01
        74         5        6.208763e-01
        75         5       -2.209710e-01
;

param theta:=
    1       -8.669576e-01
    2       -1.168350e-01
    3       -7.489223e-01
    4        9.791659e-01
    5        1.203876e+00
;
param X_true:=
    1       -8.442277e-01
    2        2.997232e-01
    3       -2.761540e+00
    4       -6.479566e-01
    5        1.151055e+00
    6       -1.716990e-01
    7       -2.550564e+00
    8        1.333542e+00
    9       -1.871632e+00
   10        1.572756e-01
   11       -3.380830e+00
   12        1.590870e-01
   13        1.629780e-01
   14       -8.034571e-01
   15        1.927660e+00
   16        1.321787e+00
   17        8.872571e-01
   18        9.630012e-01
   19        4.438225e-01
   20        1.418238e+00
   21       -1.747280e+00
   22        2.113363e+00
   23       -2.666885e+00
   24       -7.592006e-01
   25       -1.087156e+00
   26       -2.606635e-01
   27       -2.750782e+00
   28       -2.369938e+00
   29       -1.239153e+00
   30       -1.744578e+00
   31        1.715183e+00
   32        4.951799e-01
   33        1.208488e+00
   34       -2.989016e+00
   35        2.300477e+00
   36       -5.832960e-01
   37        7.101155e-01
   38        8.011739e-01
   39        1.972070e+00
   40        4.712603e-01
   41       -2.848558e+00
   42       -1.489178e+00
   43        1.516062e+00
   44       -2.821924e+00
   45       -8.762795e-01
   46       -1.299544e+00
   47        7.030515e-01
   48        1.470152e+00
   49        5.773528e-01
   50       -2.000317e+00
   51       -1.057627e-01
   52        7.832512e-01
   53        2.102717e+00
   54       -1.612440e+00
   55        7.980966e-01
   56        4.352812e-02
   57       -7.838450e-01
   58        1.819908e-01
   59        4.283536e-01
   60       -1.014508e+00
   61       -2.535781e+00
   62        1.805420e+00
   63       -2.228258e+00
   64        5.430057e-01
   65        5.660456e-01
   66        9.288691e-01
   67        1.236809e+00
   68       -1.239830e+00
   69       -5.137920e-01
   70       -1.258341e+00
   71        4.544774e-01
   72        8.157249e-01
   73       -1.890005e+00
   74       -1.728968e+00
   75       -3.084873e-01
;
param X:=
    1        5.764319e-01
    2        4.302444e-01
    3       -1.144134e+00
    4        5.755767e-01
    5        2.253807e+00
    6       -1.716990e-01
    7       -2.550564e+00
    8       -8.069861e-02
    9        1.682672e-01
   10       -1.801878e+00
   11       -7.648095e-01
   12        1.429602e+00
   13        3.893092e-01
   14       -2.355809e-01
   15        1.234687e+00
   16        1.321787e+00
   17       -3.312566e-01
   18       -5.164403e-02
   19       -7.519930e-01
   20       -9.004012e-01
   21       -1.143162e+00
   22       -2.672759e-02
   23       -2.666885e+00
   24       -8.280939e-01
   25       -1.210906e+00
   26       -2.606635e-01
   27       -7.607558e-01
   28       -2.369938e+00
   29       -1.940432e+00
   30       -1.744578e+00
   31        4.677233e-02
   32        4.951799e-01
   33        1.208488e+00
   34       -6.100587e-01
   35        6.725161e-01
   36        5.531473e-01
   37        1.344514e-01
   38       -7.593720e-01
   39        9.199557e-01
   40        2.519220e-01
   41       -5.993488e-02
   42       -1.483309e-02
   43        1.266615e+00
   44       -5.260784e-01
   45       -8.762795e-01
   46       -1.761582e-01
   47        1.182435e+00
   48        7.868159e-01
   49        5.773528e-01
   50       -9.872937e-01
   51        1.618454e+00
   52       -2.730945e-01
   53        3.584485e-02
   54       -1.604269e-03
   55       -5.902655e-02
   56       -5.960377e-01
   57       -7.838450e-01
   58        1.206803e-01
   59        1.219875e+00
   60       -1.014508e+00
   61       -2.535781e+00
   62        6.216241e-01
   63       -1.275571e+00
   64        5.430057e-01
   65        5.660456e-01
   66       -3.160888e-01
   67        1.470419e-01
   68       -1.025690e+00
   69       -2.167288e+00
   70        1.483428e-02
   71        1.071023e-01
   72        8.157249e-01
   73       -1.890005e+00
   74       -2.244463e+00
   75        3.494538e-02
;
param outliervec:=
    1    1
    2    1
    3    1
    4    1
    5    1
    6    0
    7    0
    8    1
    9    1
   10    1
   11    1
   12    1
   13    1
   14    1
   15    1
   16    0
   17    1
   18    1
   19    1
   20    1
   21    1
   22    1
   23    0
   24    1
   25    1
   26    0
   27    1
   28    0
   29    1
   30    0
   31    1
   32    0
   33    0
   34    1
   35    1
   36    1
   37    1
   38    1
   39    1
   40    1
   41    1
   42    1
   43    1
   44    1
   45    0
   46    1
   47    1
   48    1
   49    0
   50    1
   51    1
   52    1
   53    1
   54    1
   55    1
   56    1
   57    0
   58    1
   59    1
   60    0
   61    0
   62    1
   63    1
   64    0
   65    0
   66    1
   67    1
   68    1
   69    1
   70    1
   71    1
   72    0
   73    0
   74    1
   75    1
; 
param greedy_time :=         4.008233e-01
;