data;


param FN:= 0;
param D:= 100;
param U_Original:=
         1         1        1.914037e+00
         2         1        4.332868e-01
         3         1       -6.288025e-01
         4         1       -6.995488e-02
         5         1        6.204747e-01
         6         1       -1.286384e+00
         7         1        1.456154e+00
         8         1        5.716519e-01
         9         1        2.545415e+00
        10         1       -4.090654e-01
        11         1        5.935225e-01
        12         1       -4.104223e-01
        13         1        1.345120e+00
        14         1        1.541178e+00
        15         1       -2.522051e+00
        16         1       -8.129151e-01
        17         1       -1.835402e+00
        18         1        1.495628e+00
        19         1       -7.015824e-02
        20         1       -2.058290e+00
        21         1        1.558901e+00
        22         1       -1.941863e+00
        23         1        6.768411e-01
        24         1       -1.504575e+00
        25         1        1.059864e+00
        26         1        1.181207e+00
        27         1       -8.803165e-01
        28         1       -1.681744e+00
        29         1       -5.087169e-01
        30         1        3.980923e-01
        31         1        9.839986e-01
        32         1        9.375550e-02
        33         1       -5.628609e-01
        34         1       -2.120273e-01
        35         1        6.263655e-01
        36         1       -5.459147e-01
        37         1       -3.631281e-01
        38         1        2.032562e+00
        39         1        1.185591e-01
        40         1        1.296036e+00
        41         1       -1.685138e+00
        42         1       -1.796035e-01
        43         1       -2.908752e-01
        44         1        9.581275e-01
        45         1       -4.463118e-01
        46         1        1.199710e+00
        47         1        1.798188e+00
        48         1        1.388148e+00
        49         1       -3.045605e-01
        50         1       -1.616590e+00
        51         1        6.538603e-01
        52         1        1.212002e+00
        53         1        7.136647e-01
        54         1       -1.486116e+00
        55         1       -1.307689e+00
        56         1        1.377023e+00
        57         1       -7.567253e-01
        58         1       -5.668076e-01
        59         1        4.258978e-01
        60         1        4.614640e-01
        61         1        2.869737e-01
        62         1       -1.672412e+00
        63         1        8.171518e-01
        64         1        9.714702e-01
        65         1       -1.236253e-01
        66         1        8.547467e-01
        67         1        2.569870e-01
        68         1        1.575648e+00
        69         1        3.402997e-01
        70         1        9.362172e-01
        71         1        1.110245e+00
        72         1       -8.935323e-02
        73         1       -7.699780e-01
        74         1       -1.252704e+00
        75         1       -1.616120e+00
        76         1        3.549718e-01
        77         1       -1.161944e+00
        78         1       -2.219629e-01
        79         1       -5.044579e-01
        80         1        2.478563e-01
        81         1        3.652303e-01
        82         1       -6.197254e-02
        83         1        8.156297e-01
        84         1       -1.546822e-02
        85         1       -9.517299e-02
        86         1       -2.738218e-02
        87         1       -4.694115e-01
        88         1       -4.151478e-01
        89         1       -3.689419e-01
        90         1       -8.463569e-01
        91         1       -1.450174e+00
        92         1       -5.821798e-01
        93         1        1.092287e-01
        94         1       -8.373895e-01
        95         1       -1.114280e-02
        96         1        1.436467e-01
        97         1        7.998246e-02
        98         1        1.154090e+00
        99         1        1.624355e-01
       100         1        8.994540e-01
         1         2        8.529626e-01
         2         2       -1.399772e+00
         3         2       -3.016169e-01
         4         2        1.401734e+00
         5         2        1.441561e-01
         6         2        1.444445e+00
         7         2        1.504949e+00
         8         2       -4.199807e-01
         9         2        1.468000e-01
        10         2        8.616799e-01
        11         2        5.390332e-02
        12         2        1.134100e+00
        13         2       -1.610183e+00
        14         2       -9.103689e-01
        15         2        8.238102e-03
        16         2       -1.415263e-01
        17         2       -9.228943e-01
        18         2       -5.226696e-01
        19         2       -5.774485e-02
        20         2        6.665526e-01
        21         2       -2.021487e-01
        22         2        1.471551e+00
        23         2       -1.104119e+00
        24         2        1.789494e+00
        25         2        1.052287e+00
        26         2       -9.435569e-01
        27         2        7.449181e-02
        28         2       -2.116128e+00
        29         2       -2.361986e+00
        30         2        1.163551e+00
        31         2       -6.607737e-01
        32         2       -4.708732e-01
        33         2       -2.567587e-01
        34         2        9.227527e-01
        35         2       -3.810457e-01
        36         2        1.158937e-01
        37         2       -1.364622e+00
        38         2        4.974390e-02
        39         2        9.970003e-01
        40         2        1.784575e-01
        41         2       -3.874567e-01
        42         2        1.062850e+00
        43         2        1.032523e+00
        44         2       -1.572092e+00
        45         2        7.736298e-01
        46         2       -1.187882e+00
        47         2       -9.462242e-02
        48         2       -3.130242e-01
        49         2       -7.515598e-01
        50         2       -2.496312e-01
        51         2       -8.380576e-01
        52         2        1.611319e-01
        53         2       -1.263545e+00
        54         2        5.570443e-01
        55         2       -2.192686e-02
        56         2       -1.044826e+00
        57         2       -4.471990e-01
        58         2       -5.252201e-01
        59         2        1.635821e+00
        60         2       -5.679062e-01
        61         2        1.077334e+00
        62         2        2.545249e-01
        63         2       -8.701227e-01
        64         2        9.476597e-01
        65         2       -4.200173e-01
        66         2        7.040568e-01
        67         2       -6.559749e-01
        68         2        1.056489e+00
        69         2       -1.193327e+00
        70         2       -4.876149e-01
        71         2        8.150060e-01
        72         2        4.868425e-03
        73         2       -3.857756e-01
        74         2       -3.337383e-01
        75         2        8.863119e-01
        76         2        3.214719e-01
        77         2       -1.373346e+00
        78         2        7.919459e-01
        79         2        5.046854e-01
        80         2        4.480533e-01
        81         2       -7.948747e-01
        82         2        2.096068e-01
        83         2        2.020360e+00
        84         2       -1.455226e-01
        85         2        1.011431e+00
        86         2        1.509237e+00
        87         2        1.148572e+00
        88         2        2.877531e-01
        89         2        2.030941e+00
        90         2       -1.458868e+00
        91         2       -1.339945e+00
        92         2        3.380831e-01
        93         2       -6.610749e-01
        94         2        1.734660e+00
        95         2        1.843268e-02
        96         2       -1.698437e-01
        97         2       -1.134154e+00
        98         2        1.115548e+00
        99         2        9.256688e-01
       100         2       -7.197996e-01
         1         3       -6.103381e-01
         2         3        9.737773e-02
         3         3        6.692831e-02
         4         3        5.531384e-01
         5         3       -2.064996e+00
         6         3       -2.584539e+00
         7         3       -7.212394e-01
         8         3        6.002335e-01
         9         3       -1.311689e+00
        10         3        1.789670e+00
        11         3       -6.558889e-01
        12         3        1.090978e-01
        13         3        8.151603e-01
        14         3       -8.203839e-01
        15         3        8.508949e-01
        16         3       -1.611091e+00
        17         3        2.116957e-01
        18         3       -1.633898e-01
        19         3        1.756864e+00
        20         3        4.808160e-01
        21         3        4.006879e-01
        22         3        7.940279e-01
        23         3       -9.610344e-01
        24         3       -3.160081e-01
        25         3       -1.976444e-01
        26         3       -1.347637e+00
        27         3       -4.456598e-01
        28         3        3.489310e-01
        29         3        2.017261e+00
        30         3        5.132574e-01
        31         3        8.082274e-01
        32         3        4.613002e-02
        33         3       -5.170149e-01
        34         3        1.977430e-01
        35         3       -1.705768e-01
        36         3        7.038950e-01
        37         3        2.641342e-02
        38         3       -2.325941e+00
        39         3        1.090928e+00
        40         3        1.004975e+00
        41         3       -1.020981e+00
        42         3        8.815085e-01
        43         3        1.851513e+00
        44         3        5.522811e-02
        45         3       -2.608693e-01
        46         3        1.731402e-01
        47         3       -5.797490e-01
        48         3       -1.035053e+00
        49         3        3.939952e-01
        50         3       -1.778052e+00
        51         3        5.123931e-02
        52         3       -1.056323e+00
        53         3        1.114342e+00
        54         3       -8.395388e-01
        55         3       -8.596298e-01
        56         3       -7.299900e-01
        57         3       -2.065596e-01
        58         3       -1.893430e+00
        59         3       -9.611657e-01
        60         3       -7.553125e-01
        61         3       -3.588545e-01
        62         3       -9.121192e-02
        63         3       -1.550636e+00
        64         3       -1.629484e+00
        65         3        7.261336e-01
        66         3       -1.462794e+00
        67         3       -1.809788e-01
        68         3        8.014872e-01
        69         3       -1.419707e+00
        70         3        3.290166e-01
        71         3       -9.041761e-01
        72         3        1.834374e-02
        73         3       -3.241857e-01
        74         3        1.136203e+00
        75         3       -2.090114e+00
        76         3        8.039551e-01
        77         3        5.437061e-01
        78         3       -7.870665e-01
        79         3       -1.493348e+00
        80         3       -1.512040e+00
        81         3        7.021777e-03
        82         3        5.017353e-01
        83         3        6.926812e-01
        84         3       -4.275088e-01
        85         3       -7.407006e-01
        86         3        1.040821e+00
        87         3       -3.032412e-01
        88         3        1.115729e+00
        89         3       -5.898450e-01
        90         3       -1.483766e-01
        91         3        3.744142e-01
        92         3       -2.402960e+00
        93         3       -1.213577e+00
        94         3       -4.776874e-01
        95         3       -4.483050e-01
        96         3       -6.072140e-02
        97         3        5.690632e-01
        98         3        3.567620e-01
        99         3       -4.680647e-01
       100         3        8.433438e-01
         1         4        5.918820e-01
         2         4        8.067695e-01
         3         4        1.528886e+00
         4         4        3.645667e-01
         5         4        1.227607e+00
         6         4       -1.372221e+00
         7         4        2.473249e+00
         8         4       -7.653861e-01
         9         4       -7.442728e-01
        10         4        2.947690e+00
        11         4        9.605585e-01
        12         4        6.198833e-01
        13         4        1.551217e+00
        14         4        2.167934e+00
        15         4        4.246660e-01
        16         4       -4.404446e-01
        17         4        2.488123e+00
        18         4       -4.546567e-01
        19         4       -9.503716e-01
        20         4       -1.001376e+00
        21         4        3.632384e-01
        22         4       -6.252684e-02
        23         4       -1.116007e+00
        24         4        1.442079e+00
        25         4       -8.137422e-01
        26         4       -1.708220e-01
        27         4        3.113165e-01
        28         4        6.360042e-01
        29         4       -8.881782e-01
        30         4       -1.046224e+00
        31         4       -9.216076e-01
        32         4        1.533288e+00
        33         4        1.997770e+00
        34         4        2.147211e+00
        35         4       -9.283160e-01
        36         4        3.656497e-03
        37         4        2.016226e+00
        38         4        1.364818e+00
        39         4       -7.960633e-02
        40         4        9.728168e-01
        41         4        6.859096e-02
        42         4       -1.826130e+00
        43         4       -7.401550e-01
        44         4        4.238445e-01
        45         4        9.846791e-01
        46         4        6.682836e-01
        47         4        1.378457e+00
        48         4        1.497814e+00
        49         4        4.215702e-01
        50         4        1.571954e+00
        51         4       -7.947339e-01
        52         4       -2.280711e+00
        53         4       -1.114433e+00
        54         4        1.762640e+00
        55         4       -2.631036e-01
        56         4        1.257215e+00
        57         4        9.432452e-01
        58         4        1.700054e+00
        59         4        1.962613e-01
        60         4        8.240111e-01
        61         4       -1.057608e+00
        62         4        2.011857e+00
        63         4        1.129921e+00
        64         4        4.021741e-01
        65         4        6.166601e-01
        66         4       -2.834500e-01
        67         4       -1.201780e-01
        68         4        2.637919e-01
        69         4       -1.615720e+00
        70         4        4.527841e-01
        71         4       -5.586788e-01
        72         4        1.087982e+00
        73         4       -9.917820e-01
        74         4        1.569398e-01
        75         4        1.518872e+00
        76         4        2.693984e+00
        77         4        1.759063e+00
        78         4       -1.074390e+00
        79         4        3.061964e-01
        80         4       -1.551156e+00
        81         4       -3.719127e-02
        82         4       -1.563005e-01
        83         4        1.396100e+00
        84         4       -1.042638e+00
        85         4        1.052726e+00
        86         4        8.645662e-01
        87         4       -9.892890e-01
        88         4       -1.195689e+00
        89         4        5.240599e-01
        90         4        2.481312e-01
        91         4       -1.363624e+00
        92         4        2.794231e-01
        93         4        2.483194e-01
        94         4       -5.868099e-01
        95         4        9.860474e-01
        96         4       -2.825802e-01
        97         4        2.180198e-01
        98         4       -5.412093e-01
        99         4        3.982471e-01
       100         4       -2.371098e+00
         1         5       -2.877001e-01
         2         5       -4.010169e-01
         3         5        3.563913e-01
         4         5       -8.082577e-01
         5         5       -6.372276e-03
         6         5       -9.714955e-01
         7         5       -2.068046e-01
         8         5       -2.339309e-01
         9         5        3.242025e-01
        10         5       -1.003369e+00
        11         5        5.404627e-01
        12         5        8.591442e-01
        13         5        1.125117e+00
        14         5        3.672430e-01
        15         5       -1.835663e+00
        16         5       -2.419849e-01
        17         5       -1.317221e+00
        18         5        1.167211e+00
        19         5        1.498220e+00
        20         5       -5.878800e-03
        21         5       -1.391289e+00
        22         5        1.586063e+00
        23         5       -1.247209e+00
        24         5       -5.193425e-02
        25         5        1.879605e-01
        26         5        5.668296e-01
        27         5        1.374508e+00
        28         5       -8.873940e-01
        29         5       -9.998606e-01
        30         5        4.978663e-01
        31         5        7.903746e-01
        32         5       -9.289348e-01
        33         5       -5.009736e-01
        34         5        1.608931e+00
        35         5       -1.215936e-01
        36         5       -4.460254e-02
        37         5       -4.689940e-01
        38         5        2.707423e-01
        39         5        7.581346e-01
        40         5        1.605279e+00
        41         5        2.658068e-01
        42         5       -1.438925e+00
        43         5       -7.071621e-01
        44         5       -8.327565e-01
        45         5       -6.305987e-01
        46         5        2.001306e+00
        47         5       -1.389255e-01
        48         5        8.368444e-01
        49         5        4.256732e-01
        50         5       -1.536377e+00
        51         5        9.293574e-01
        52         5        1.042359e-01
        53         5        1.563453e-01
        54         5        8.661084e-01
        55         5        2.329929e+00
        56         5        1.438719e+00
        57         5        1.767006e-01
        58         5        1.277116e+00
        59         5       -4.352758e-01
        60         5       -2.309940e+00
        61         5        1.529679e-01
        62         5        1.169049e+00
        63         5       -4.348851e-01
        64         5       -1.953656e-01
        65         5       -2.061682e+00
        66         5       -1.800943e-01
        67         5        6.475463e-01
        68         5        1.357978e+00
        69         5        1.366236e+00
        70         5       -1.015683e+00
        71         5       -8.652578e-01
        72         5       -1.510143e+00
        73         5        1.017786e+00
        74         5       -9.752161e-01
        75         5        6.462238e-01
        76         5       -4.485358e-01
        77         5        4.215338e-01
        78         5        1.852388e+00
        79         5        5.279363e-01
        80         5        3.386226e-02
        81         5        3.040391e-01
        82         5        8.838032e-01
        83         5        8.194588e-01
        84         5       -1.101658e+00
        85         5       -1.005505e+00
        86         5       -5.827303e-01
        87         5       -2.677262e+00
        88         5        5.700902e-01
        89         5       -7.301521e-01
        90         5       -2.637988e-02
        91         5        1.327895e+00
        92         5        7.516885e-01
        93         5       -5.923686e-01
        94         5        1.931818e-01
        95         5       -7.791656e-01
        96         5       -1.012665e-01
        97         5        1.187728e+00
        98         5        9.683897e-01
        99         5        1.722366e+00
       100         5        5.024453e-01
;
param X_Original:=
    1        1.905918e+00
    2        2.486477e+00
    3       -9.180353e-03
    4       -3.053840e+00
    5        9.767390e-01
    6        1.925246e-01
    7       -1.671836e-03
    8        7.621924e-01
    9        9.339949e-01
   10        7.465286e-01
   11        8.886522e-01
   12        1.757371e-01
   13        3.198153e-02
   14        6.793283e-01
   15        1.000870e+00
   16       -1.477923e-01
   17        2.460959e-01
   18        2.619419e+00
   19        5.700916e-01
   20        4.907446e-02
   21       -2.379223e+00
   22       -1.267081e+00
   23       -2.277492e+00
   24        2.182425e+00
   25        9.329314e-01
   26       -1.969772e+00
   27       -1.004288e+00
   28        9.202490e-01
   29       -2.174996e+00
   30       -2.184042e+00
   31       -7.951412e-01
   32        7.485454e-01
   33        5.179054e-01
   34       -2.107534e-01
   35       -1.622556e-01
   36        7.485360e-01
   37        1.045028e+00
   38        5.763251e-01
   39        5.420135e-01
   40        5.749081e+00
   41       -3.238162e+00
   42        5.381625e-01
   43        1.187744e+00
   44       -1.205331e+00
   45        1.601004e+00
   46        8.924804e-01
   47        1.351923e+00
   48       -7.410477e-01
   49        2.120565e+00
   50        2.826499e-01
   51        2.009536e+00
   52        1.159209e+00
   53        3.512897e-01
   54        1.744298e-01
   55       -1.563880e+00
   56        8.364040e-01
   57        1.987054e-01
   58       -1.966780e-01
   59        2.133562e-01
   60       -1.115033e+00
   61       -2.371925e+00
   62        1.714052e-01
   63        5.692650e-01
   64       -3.353531e+00
   65        3.356862e-01
   66        1.724708e-01
   67       -2.302949e+00
   68        3.809196e+00
   69        4.525431e-01
   70       -1.203639e+00
   71       -2.970043e+00
   72        6.547344e-01
   73       -2.183972e+00
   74        6.114372e-01
   75        4.299204e-01
   76        6.195191e-01
   77       -4.743213e-01
   78       -2.195690e-01
   79        2.520078e-01
   80       -3.918951e-01
   81        5.670251e-01
   82        1.035894e-01
   83        2.094902e+00
   84        1.457163e-01
   85        7.192635e-01
   86       -1.152575e+00
   87       -8.710286e-01
   88        7.134699e-01
   89        5.104749e-01
   90       -3.691529e-01
   91        9.295326e-01
   92       -9.353626e-01
   93        2.168367e-01
   94       -4.127996e+00
   95       -7.809385e-01
   96       -5.974658e-01
   97        3.921120e+00
   98        1.343805e-01
   99       -1.094718e+00
  100       -9.780264e-02
;
param outliervec_original :=
    1    1
    2    0
    3    1
    4    1
    5    1
    6    1
    7    1
    8    1
    9    1
   10    1
   11    1
   12    1
   13    1
   14    1
   15    1
   16    1
   17    0
   18    0
   19    1
   20    1
   21    1
   22    1
   23    0
   24    1
   25    1
   26    1
   27    1
   28    0
   29    1
   30    1
   31    1
   32    1
   33    1
   34    1
   35    0
   36    1
   37    1
   38    1
   39    1
   40    0
   41    0
   42    1
   43    0
   44    1
   45    1
   46    1
   47    1
   48    1
   49    0
   50    1
   51    0
   52    1
   53    1
   54    1
   55    1
   56    1
   57    0
   58    1
   59    1
   60    1
   61    0
   62    1
   63    1
   64    0
   65    0
   66    1
   67    1
   68    0
   69    1
   70    1
   71    0
   72    1
   73    1
   74    0
   75    1
   76    1
   77    1
   78    1
   79    1
   80    1
   81    1
   82    1
   83    0
   84    1
   85    1
   86    1
   87    1
   88    1
   89    1
   90    1
   91    0
   92    1
   93    1
   94    0
   95    1
   96    1
   97    0
   98    1
   99    1
  100    1
;
param d:= 76;
param r:=5;
param p:=0.780000;
param M:=1000;
param U:=
         1         1        1.914037e+00
         2         1        4.332868e-01
         3         1       -6.288025e-01
         4         1       -6.995488e-02
         5         1        6.204747e-01
         6         1        1.456154e+00
         7         1        5.716519e-01
         8         1        2.545415e+00
         9         1       -4.090654e-01
        10         1        5.935225e-01
        11         1       -4.104223e-01
        12         1        1.541178e+00
        13         1       -8.129151e-01
        14         1       -1.835402e+00
        15         1        1.495628e+00
        16         1       -7.015824e-02
        17         1       -1.941863e+00
        18         1        6.768411e-01
        19         1        1.059864e+00
        20         1       -8.803165e-01
        21         1       -1.681744e+00
        22         1        3.980923e-01
        23         1        9.375550e-02
        24         1       -5.628609e-01
        25         1       -2.120273e-01
        26         1        6.263655e-01
        27         1       -5.459147e-01
        28         1       -3.631281e-01
        29         1        2.032562e+00
        30         1        1.185591e-01
        31         1        1.296036e+00
        32         1       -1.685138e+00
        33         1       -2.908752e-01
        34         1        1.798188e+00
        35         1       -3.045605e-01
        36         1        6.538603e-01
        37         1        7.136647e-01
        38         1       -1.486116e+00
        39         1       -1.307689e+00
        40         1        1.377023e+00
        41         1       -7.567253e-01
        42         1       -5.668076e-01
        43         1        4.614640e-01
        44         1        2.869737e-01
        45         1       -1.672412e+00
        46         1        8.171518e-01
        47         1        9.714702e-01
        48         1       -1.236253e-01
        49         1        8.547467e-01
        50         1        1.575648e+00
        51         1        3.402997e-01
        52         1        1.110245e+00
        53         1       -8.935323e-02
        54         1       -7.699780e-01
        55         1       -1.252704e+00
        56         1        3.549718e-01
        57         1       -2.219629e-01
        58         1       -5.044579e-01
        59         1        2.478563e-01
        60         1        3.652303e-01
        61         1       -6.197254e-02
        62         1        8.156297e-01
        63         1       -1.546822e-02
        64         1       -2.738218e-02
        65         1       -4.151478e-01
        66         1       -8.463569e-01
        67         1       -1.450174e+00
        68         1       -5.821798e-01
        69         1        1.092287e-01
        70         1       -8.373895e-01
        71         1       -1.114280e-02
        72         1        1.436467e-01
        73         1        7.998246e-02
        74         1        1.154090e+00
        75         1        1.624355e-01
        76         1        8.994540e-01
         1         2        8.529626e-01
         2         2       -1.399772e+00
         3         2       -3.016169e-01
         4         2        1.401734e+00
         5         2        1.441561e-01
         6         2        1.504949e+00
         7         2       -4.199807e-01
         8         2        1.468000e-01
         9         2        8.616799e-01
        10         2        5.390332e-02
        11         2        1.134100e+00
        12         2       -9.103689e-01
        13         2       -1.415263e-01
        14         2       -9.228943e-01
        15         2       -5.226696e-01
        16         2       -5.774485e-02
        17         2        1.471551e+00
        18         2       -1.104119e+00
        19         2        1.052287e+00
        20         2        7.449181e-02
        21         2       -2.116128e+00
        22         2        1.163551e+00
        23         2       -4.708732e-01
        24         2       -2.567587e-01
        25         2        9.227527e-01
        26         2       -3.810457e-01
        27         2        1.158937e-01
        28         2       -1.364622e+00
        29         2        4.974390e-02
        30         2        9.970003e-01
        31         2        1.784575e-01
        32         2       -3.874567e-01
        33         2        1.032523e+00
        34         2       -9.462242e-02
        35         2       -7.515598e-01
        36         2       -8.380576e-01
        37         2       -1.263545e+00
        38         2        5.570443e-01
        39         2       -2.192686e-02
        40         2       -1.044826e+00
        41         2       -4.471990e-01
        42         2       -5.252201e-01
        43         2       -5.679062e-01
        44         2        1.077334e+00
        45         2        2.545249e-01
        46         2       -8.701227e-01
        47         2        9.476597e-01
        48         2       -4.200173e-01
        49         2        7.040568e-01
        50         2        1.056489e+00
        51         2       -1.193327e+00
        52         2        8.150060e-01
        53         2        4.868425e-03
        54         2       -3.857756e-01
        55         2       -3.337383e-01
        56         2        3.214719e-01
        57         2        7.919459e-01
        58         2        5.046854e-01
        59         2        4.480533e-01
        60         2       -7.948747e-01
        61         2        2.096068e-01
        62         2        2.020360e+00
        63         2       -1.455226e-01
        64         2        1.509237e+00
        65         2        2.877531e-01
        66         2       -1.458868e+00
        67         2       -1.339945e+00
        68         2        3.380831e-01
        69         2       -6.610749e-01
        70         2        1.734660e+00
        71         2        1.843268e-02
        72         2       -1.698437e-01
        73         2       -1.134154e+00
        74         2        1.115548e+00
        75         2        9.256688e-01
        76         2       -7.197996e-01
         1         3       -6.103381e-01
         2         3        9.737773e-02
         3         3        6.692831e-02
         4         3        5.531384e-01
         5         3       -2.064996e+00
         6         3       -7.212394e-01
         7         3        6.002335e-01
         8         3       -1.311689e+00
         9         3        1.789670e+00
        10         3       -6.558889e-01
        11         3        1.090978e-01
        12         3       -8.203839e-01
        13         3       -1.611091e+00
        14         3        2.116957e-01
        15         3       -1.633898e-01
        16         3        1.756864e+00
        17         3        7.940279e-01
        18         3       -9.610344e-01
        19         3       -1.976444e-01
        20         3       -4.456598e-01
        21         3        3.489310e-01
        22         3        5.132574e-01
        23         3        4.613002e-02
        24         3       -5.170149e-01
        25         3        1.977430e-01
        26         3       -1.705768e-01
        27         3        7.038950e-01
        28         3        2.641342e-02
        29         3       -2.325941e+00
        30         3        1.090928e+00
        31         3        1.004975e+00
        32         3       -1.020981e+00
        33         3        1.851513e+00
        34         3       -5.797490e-01
        35         3        3.939952e-01
        36         3        5.123931e-02
        37         3        1.114342e+00
        38         3       -8.395388e-01
        39         3       -8.596298e-01
        40         3       -7.299900e-01
        41         3       -2.065596e-01
        42         3       -1.893430e+00
        43         3       -7.553125e-01
        44         3       -3.588545e-01
        45         3       -9.121192e-02
        46         3       -1.550636e+00
        47         3       -1.629484e+00
        48         3        7.261336e-01
        49         3       -1.462794e+00
        50         3        8.014872e-01
        51         3       -1.419707e+00
        52         3       -9.041761e-01
        53         3        1.834374e-02
        54         3       -3.241857e-01
        55         3        1.136203e+00
        56         3        8.039551e-01
        57         3       -7.870665e-01
        58         3       -1.493348e+00
        59         3       -1.512040e+00
        60         3        7.021777e-03
        61         3        5.017353e-01
        62         3        6.926812e-01
        63         3       -4.275088e-01
        64         3        1.040821e+00
        65         3        1.115729e+00
        66         3       -1.483766e-01
        67         3        3.744142e-01
        68         3       -2.402960e+00
        69         3       -1.213577e+00
        70         3       -4.776874e-01
        71         3       -4.483050e-01
        72         3       -6.072140e-02
        73         3        5.690632e-01
        74         3        3.567620e-01
        75         3       -4.680647e-01
        76         3        8.433438e-01
         1         4        5.918820e-01
         2         4        8.067695e-01
         3         4        1.528886e+00
         4         4        3.645667e-01
         5         4        1.227607e+00
         6         4        2.473249e+00
         7         4       -7.653861e-01
         8         4       -7.442728e-01
         9         4        2.947690e+00
        10         4        9.605585e-01
        11         4        6.198833e-01
        12         4        2.167934e+00
        13         4       -4.404446e-01
        14         4        2.488123e+00
        15         4       -4.546567e-01
        16         4       -9.503716e-01
        17         4       -6.252684e-02
        18         4       -1.116007e+00
        19         4       -8.137422e-01
        20         4        3.113165e-01
        21         4        6.360042e-01
        22         4       -1.046224e+00
        23         4        1.533288e+00
        24         4        1.997770e+00
        25         4        2.147211e+00
        26         4       -9.283160e-01
        27         4        3.656497e-03
        28         4        2.016226e+00
        29         4        1.364818e+00
        30         4       -7.960633e-02
        31         4        9.728168e-01
        32         4        6.859096e-02
        33         4       -7.401550e-01
        34         4        1.378457e+00
        35         4        4.215702e-01
        36         4       -7.947339e-01
        37         4       -1.114433e+00
        38         4        1.762640e+00
        39         4       -2.631036e-01
        40         4        1.257215e+00
        41         4        9.432452e-01
        42         4        1.700054e+00
        43         4        8.240111e-01
        44         4       -1.057608e+00
        45         4        2.011857e+00
        46         4        1.129921e+00
        47         4        4.021741e-01
        48         4        6.166601e-01
        49         4       -2.834500e-01
        50         4        2.637919e-01
        51         4       -1.615720e+00
        52         4       -5.586788e-01
        53         4        1.087982e+00
        54         4       -9.917820e-01
        55         4        1.569398e-01
        56         4        2.693984e+00
        57         4       -1.074390e+00
        58         4        3.061964e-01
        59         4       -1.551156e+00
        60         4       -3.719127e-02
        61         4       -1.563005e-01
        62         4        1.396100e+00
        63         4       -1.042638e+00
        64         4        8.645662e-01
        65         4       -1.195689e+00
        66         4        2.481312e-01
        67         4       -1.363624e+00
        68         4        2.794231e-01
        69         4        2.483194e-01
        70         4       -5.868099e-01
        71         4        9.860474e-01
        72         4       -2.825802e-01
        73         4        2.180198e-01
        74         4       -5.412093e-01
        75         4        3.982471e-01
        76         4       -2.371098e+00
         1         5       -2.877001e-01
         2         5       -4.010169e-01
         3         5        3.563913e-01
         4         5       -8.082577e-01
         5         5       -6.372276e-03
         6         5       -2.068046e-01
         7         5       -2.339309e-01
         8         5        3.242025e-01
         9         5       -1.003369e+00
        10         5        5.404627e-01
        11         5        8.591442e-01
        12         5        3.672430e-01
        13         5       -2.419849e-01
        14         5       -1.317221e+00
        15         5        1.167211e+00
        16         5        1.498220e+00
        17         5        1.586063e+00
        18         5       -1.247209e+00
        19         5        1.879605e-01
        20         5        1.374508e+00
        21         5       -8.873940e-01
        22         5        4.978663e-01
        23         5       -9.289348e-01
        24         5       -5.009736e-01
        25         5        1.608931e+00
        26         5       -1.215936e-01
        27         5       -4.460254e-02
        28         5       -4.689940e-01
        29         5        2.707423e-01
        30         5        7.581346e-01
        31         5        1.605279e+00
        32         5        2.658068e-01
        33         5       -7.071621e-01
        34         5       -1.389255e-01
        35         5        4.256732e-01
        36         5        9.293574e-01
        37         5        1.563453e-01
        38         5        8.661084e-01
        39         5        2.329929e+00
        40         5        1.438719e+00
        41         5        1.767006e-01
        42         5        1.277116e+00
        43         5       -2.309940e+00
        44         5        1.529679e-01
        45         5        1.169049e+00
        46         5       -4.348851e-01
        47         5       -1.953656e-01
        48         5       -2.061682e+00
        49         5       -1.800943e-01
        50         5        1.357978e+00
        51         5        1.366236e+00
        52         5       -8.652578e-01
        53         5       -1.510143e+00
        54         5        1.017786e+00
        55         5       -9.752161e-01
        56         5       -4.485358e-01
        57         5        1.852388e+00
        58         5        5.279363e-01
        59         5        3.386226e-02
        60         5        3.040391e-01
        61         5        8.838032e-01
        62         5        8.194588e-01
        63         5       -1.101658e+00
        64         5       -5.827303e-01
        65         5        5.700902e-01
        66         5       -2.637988e-02
        67         5        1.327895e+00
        68         5        7.516885e-01
        69         5       -5.923686e-01
        70         5        1.931818e-01
        71         5       -7.791656e-01
        72         5       -1.012665e-01
        73         5        1.187728e+00
        74         5        9.683897e-01
        75         5        1.722366e+00
        76         5        5.024453e-01
;

param theta:=
    1        1.071379e+00
    2       -1.105229e+00
    3        2.138753e+00
    4        8.262936e-01
    5        9.991035e-01
;
param X_true:=
    1        5.624539e-03
    2        2.486477e+00
    3        1.422295e+00
    4       -9.479675e-01
    5       -2.900925e+00
    6        1.910024e-01
    7        1.493841e+00
    8       -5.332214e-01
    9        3.871129e+00
   10        5.073149e-01
   11       -8.985904e-02
   12        3.061099e+00
   13       -4.766232e+00
   14        2.460959e-01
   15        2.619419e+00
   16        4.457101e+00
   17       -4.751170e-01
   18       -2.277492e+00
   19       -9.336867e-01
   20       -3.491614e-01
   21        9.202490e-01
   22       -1.290458e-01
   23        1.057593e+00
   24       -2.749008e-01
   25        2.556353e+00
   26       -1.622556e-01
   27        7.513932e-01
   28        2.373642e+00
   29       -1.453635e+00
   30        2.050866e+00
   31        5.749081e+00
   32       -3.238162e+00
   33        1.187744e+00
   34        1.791380e+00
   35        2.120565e+00
   36        2.009536e+00
   37        3.782623e+00
   38       -1.680993e+00
   39       -1.104540e+00
   40        3.545959e+00
   41        1.987054e-01
   42       -1.392397e+00
   43       -2.119837e+00
   44       -2.371925e+00
   45        5.610809e-01
   46       -9.808460e-01
   47       -3.353531e+00
   48        3.356862e-01
   49       -3.405802e+00
   50        3.809196e+00
   51       -1.321316e+00
   52       -2.970043e+00
   53       -6.719920e-01
   54       -8.940608e-01
   55        6.114372e-01
   56        3.521635e+00
   57       -1.832013e+00
   58       -3.510138e+00
   59       -4.710557e+00
   60        1.557118e+00
   61        1.528782e+00
   62        2.094902e+00
   63       -2.734554e+00
   64        6.607570e-01
   65        1.204190e+00
   66        5.672726e-01
   67        9.295326e-01
   68       -5.153133e+00
   69       -2.134829e+00
   70       -4.127996e+00
   71       -9.539732e-01
   72       -1.226467e-01
   73        3.921120e+00
   74        1.285887e+00
   75        1.994891e-01
   76        2.104072e+00
;
param X:=
    1        1.905918e+00
    2        2.486477e+00
    3       -9.180353e-03
    4       -3.053840e+00
    5        9.767390e-01
    6       -1.671836e-03
    7        7.621924e-01
    8        9.339949e-01
    9        7.465286e-01
   10        8.886522e-01
   11        1.757371e-01
   12        6.793283e-01
   13       -1.477923e-01
   14        2.460959e-01
   15        2.619419e+00
   16        5.700916e-01
   17       -1.267081e+00
   18       -2.277492e+00
   19        9.329314e-01
   20       -1.004288e+00
   21        9.202490e-01
   22       -2.184042e+00
   23        7.485454e-01
   24        5.179054e-01
   25       -2.107534e-01
   26       -1.622556e-01
   27        7.485360e-01
   28        1.045028e+00
   29        5.763251e-01
   30        5.420135e-01
   31        5.749081e+00
   32       -3.238162e+00
   33        1.187744e+00
   34        1.351923e+00
   35        2.120565e+00
   36        2.009536e+00
   37        3.512897e-01
   38        1.744298e-01
   39       -1.563880e+00
   40        8.364040e-01
   41        1.987054e-01
   42       -1.966780e-01
   43       -1.115033e+00
   44       -2.371925e+00
   45        1.714052e-01
   46        5.692650e-01
   47       -3.353531e+00
   48        3.356862e-01
   49        1.724708e-01
   50        3.809196e+00
   51        4.525431e-01
   52       -2.970043e+00
   53        6.547344e-01
   54       -2.183972e+00
   55        6.114372e-01
   56        6.195191e-01
   57       -2.195690e-01
   58        2.520078e-01
   59       -3.918951e-01
   60        5.670251e-01
   61        1.035894e-01
   62        2.094902e+00
   63        1.457163e-01
   64       -1.152575e+00
   65        7.134699e-01
   66       -3.691529e-01
   67        9.295326e-01
   68       -9.353626e-01
   69        2.168367e-01
   70       -4.127996e+00
   71       -7.809385e-01
   72       -5.974658e-01
   73        3.921120e+00
   74        1.343805e-01
   75       -1.094718e+00
   76       -9.780264e-02
;
param outliervec:=
    1    1
    2    0
    3    1
    4    1
    5    1
    6    1
    7    1
    8    1
    9    1
   10    1
   11    1
   12    1
   13    1
   14    0
   15    0
   16    1
   17    1
   18    0
   19    1
   20    1
   21    0
   22    1
   23    1
   24    1
   25    1
   26    0
   27    1
   28    1
   29    1
   30    1
   31    0
   32    0
   33    0
   34    1
   35    0
   36    0
   37    1
   38    1
   39    1
   40    1
   41    0
   42    1
   43    1
   44    0
   45    1
   46    1
   47    0
   48    0
   49    1
   50    0
   51    1
   52    0
   53    1
   54    1
   55    0
   56    1
   57    1
   58    1
   59    1
   60    1
   61    1
   62    0
   63    1
   64    1
   65    1
   66    1
   67    0
   68    1
   69    1
   70    0
   71    1
   72    1
   73    0
   74    1
   75    1
   76    1
; 
param greedy_time :=         1.820430e-01
;