data;


param FN:= 0;
param D:= 100;
param U_Original:=
         1         1        1.902367e+00
         2         1        1.079308e+00
         3         1        3.000376e-01
         4         1        2.658775e-01
         5         1        1.615692e+00
         6         1        7.210941e-01
         7         1       -6.459959e-01
         8         1        1.384281e-01
         9         1       -1.897212e-01
        10         1       -2.583427e-01
        11         1        1.286724e+00
        12         1        4.689191e-01
        13         1        2.488649e+00
        14         1       -1.079921e+00
        15         1       -1.273138e+00
        16         1        3.941315e-01
        17         1        1.234846e+00
        18         1       -9.626569e-01
        19         1        6.588078e-01
        20         1        1.712047e+00
        21         1       -1.121143e+00
        22         1       -3.337020e-01
        23         1        7.251610e-01
        24         1       -1.905864e+00
        25         1        9.364142e-01
        26         1       -4.359971e-01
        27         1       -4.091660e-01
        28         1       -7.734777e-01
        29         1       -4.223945e-01
        30         1        2.792345e-01
        31         1        1.606756e+00
        32         1       -2.156300e-02
        33         1       -3.001871e-02
        34         1       -1.225962e+00
        35         1        2.829067e-01
        36         1       -7.804219e-01
        37         1       -5.881924e-02
        38         1       -9.734230e-01
        39         1       -3.503434e-01
        40         1       -1.596327e+00
        41         1       -1.131409e+00
        42         1       -1.391746e+00
        43         1        1.439195e+00
        44         1       -2.055768e+00
        45         1        6.664660e-01
        46         1        1.165336e+00
        47         1       -6.085085e-01
        48         1        2.946796e-01
        49         1        1.072705e-01
        50         1       -8.011515e-01
        51         1        1.776681e+00
        52         1        1.737521e+00
        53         1        2.820219e-01
        54         1       -1.217001e+00
        55         1        2.540955e+00
        56         1        2.462580e-01
        57         1        3.235420e-01
        58         1        4.596074e-01
        59         1       -2.101471e-01
        60         1       -1.769521e+00
        61         1       -6.920462e-02
        62         1       -8.562215e-01
        63         1        3.146918e-01
        64         1       -1.464259e+00
        65         1        3.400285e-01
        66         1       -9.084300e-02
        67         1       -5.442472e-01
        68         1       -6.004326e-01
        69         1       -5.666289e-01
        70         1        1.795713e+00
        71         1       -3.576368e-01
        72         1        2.466500e-01
        73         1        1.023070e-01
        74         1        1.565094e+00
        75         1        1.084048e+00
        76         1        9.019997e-01
        77         1        2.362102e-01
        78         1       -7.637868e-01
        79         1        2.008838e-01
        80         1       -1.112099e+00
        81         1        8.587166e-01
        82         1        1.162770e+00
        83         1        1.291443e+00
        84         1       -2.940238e-01
        85         1        2.272789e-01
        86         1       -2.741164e-01
        87         1        2.985027e-01
        88         1       -1.896083e-01
        89         1        1.032045e+00
        90         1        8.612130e-01
        91         1       -2.246967e-01
        92         1       -4.415674e-01
        93         1       -5.430632e-01
        94         1        6.887708e-01
        95         1        3.910631e-02
        96         1        5.205853e-01
        97         1        4.981607e-02
        98         1       -1.199759e+00
        99         1        3.881965e-01
       100         1        1.177237e+00
         1         2        1.200117e+00
         2         2        5.961963e-01
         3         2       -8.381188e-01
         4         2        6.053884e-02
         5         2       -2.575973e-01
         6         2        8.044886e-01
         7         2        2.200820e-01
         8         2        1.508884e+00
         9         2        2.277114e+00
        10         2       -1.065267e+00
        11         2       -4.336201e-01
        12         2       -7.827520e-01
        13         2        8.775608e-02
        14         2       -9.642583e-01
        15         2        4.372746e-01
        16         2       -7.283778e-01
        17         2       -1.412379e+00
        18         2        1.115103e+00
        19         2        6.516379e-01
        20         2       -1.347977e+00
        21         2        3.118484e-01
        22         2       -1.021754e+00
        23         2        9.441852e-01
        24         2       -1.104254e+00
        25         2       -5.766350e-01
        26         2       -9.782996e-02
        27         2       -1.607670e+00
        28         2        1.454175e+00
        29         2       -6.472323e-01
        30         2       -1.022141e+00
        31         2       -6.530820e-01
        32         2        8.652031e-01
        33         2        1.094300e-01
        34         2        1.306524e+00
        35         2        1.737488e+00
        36         2       -3.213858e-01
        37         2       -1.611718e+00
        38         2       -9.399590e-01
        39         2        6.091438e-01
        40         2       -1.048970e+00
        41         2       -1.255761e+00
        42         2       -1.155408e+00
        43         2       -3.327783e-01
        44         2       -1.649508e+00
        45         2        1.263325e+00
        46         2       -2.408129e-01
        47         2       -1.781195e-01
        48         2        1.045712e+00
        49         2        3.680151e-01
        50         2       -1.695538e-01
        51         2        1.448788e+00
        52         2       -6.260999e-01
        53         2       -1.941953e+00
        54         2        2.218582e+00
        55         2       -5.025017e-01
        56         2       -1.234526e-01
        57         2       -1.776178e+00
        58         2       -1.126596e+00
        59         2       -6.518472e-02
        60         2       -4.652507e-01
        61         2       -1.620936e+00
        62         2        9.354251e-01
        63         2       -1.221556e+00
        64         2        1.892276e-01
        65         2        2.601543e+00
        66         2        1.444570e+00
        67         2       -3.570830e+00
        68         2        9.806503e-02
        69         2        1.680172e+00
        70         2        2.563538e-01
        71         2       -1.742286e-01
        72         2        2.289840e-01
        73         2        4.429693e-01
        74         2        1.006091e+00
        75         2       -4.408282e-01
        76         2       -2.153588e+00
        77         2        1.742776e+00
        78         2        9.971710e-01
        79         2       -5.892387e-01
        80         2       -1.890197e+00
        81         2        3.195842e-01
        82         2        3.141060e-01
        83         2       -4.395248e-01
        84         2        1.353566e+00
        85         2        3.459180e-01
        86         2       -1.669312e+00
        87         2        4.732587e-01
        88         2        1.695373e+00
        89         2       -2.246474e-01
        90         2        1.040524e+00
        91         2        1.580593e-01
        92         2       -2.512524e-01
        93         2       -4.566348e-01
        94         2       -1.691565e+00
        95         2       -1.508730e+00
        96         2        7.017549e-02
        97         2       -8.058685e-02
        98         2        1.026463e+00
        99         2        6.109181e-01
       100         2       -9.488906e-01
         1         3        2.855029e-01
         2         3       -1.227286e+00
         3         3       -5.661140e-01
         4         3        2.907940e-01
         5         3        1.963333e+00
         6         3        8.223914e-01
         7         3       -4.061903e-01
         8         3        1.591062e-01
         9         3       -9.101639e-01
        10         3        2.194766e+00
        11         3       -8.567917e-01
        12         3        1.668776e+00
        13         3       -7.438898e-01
        14         3       -1.813681e+00
        15         3       -6.876191e-01
        16         3        3.196885e-02
        17         3       -5.258158e-01
        18         3        2.257068e-01
        19         3        9.085862e-01
        20         3        1.622262e+00
        21         3       -1.355654e+00
        22         3        3.646479e-01
        23         3        1.997083e+00
        24         3       -1.107439e+00
        25         3        1.047531e+00
        26         3        1.220589e+00
        27         3       -5.205967e-01
        28         3        5.018848e-01
        29         3        6.544369e-01
        30         3        1.024817e+00
        31         3        1.310416e+00
        32         3       -8.177068e-01
        33         3        1.357348e+00
        34         3        2.362553e-01
        35         3        3.332231e-01
        36         3       -1.369657e+00
        37         3       -2.746290e-02
        38         3       -1.390256e-01
        39         3        1.431588e+00
        40         3        1.652479e+00
        41         3       -5.884523e-02
        42         3        3.770310e-01
        43         3       -1.672097e+00
        44         3       -1.133978e-01
        45         3        9.382141e-01
        46         3        7.776025e-01
        47         3       -5.427133e-02
        48         3        9.308616e-01
        49         3       -1.786000e-01
        50         3       -1.078753e+00
        51         3       -2.479935e+00
        52         3       -1.641321e-01
        53         3       -5.270943e-01
        54         3       -4.795950e-01
        55         3       -5.010140e-01
        56         3        4.189620e-01
        57         3       -2.558239e-01
        58         3        1.271227e+00
        59         3       -9.159342e-01
        60         3        1.844376e+00
        61         3       -1.329475e+00
        62         3        8.147892e-01
        63         3        2.902071e-01
        64         3        9.540165e-01
        65         3        1.000783e+00
        66         3       -7.324592e-01
        67         3        1.045428e+00
        68         3        1.507327e+00
        69         3        1.759086e+00
        70         3        8.403978e-02
        71         3        6.238610e-01
        72         3        1.384952e+00
        73         3       -1.718657e-01
        74         3       -2.086517e+00
        75         3       -1.334772e+00
        76         3        1.046441e+00
        77         3       -1.229477e+00
        78         3       -2.829061e-01
        79         3        4.522333e-01
        80         3        9.512409e-01
        81         3        2.239280e-01
        82         3       -9.067952e-01
        83         3       -4.293376e-01
        84         3       -6.444378e-01
        85         3       -1.419987e+00
        86         3       -4.821976e-01
        87         3        7.007644e-01
        88         3        1.313499e-01
        89         3        1.419092e+00
        90         3        1.554566e+00
        91         3       -5.666444e-01
        92         3       -1.116761e+00
        93         3       -1.946940e+00
        94         3       -2.115681e-01
        95         3        1.618200e+00
        96         3        1.179476e+00
        97         3        1.224183e-01
        98         3       -5.068379e-01
        99         3       -7.986266e-01
       100         3        1.503693e+00
         1         4        1.066463e+00
         2         4        8.399178e-01
         3         4       -1.563680e+00
         4         4       -4.211265e-01
         5         4        1.287820e+00
         6         4       -5.703238e-01
         7         4        1.428643e+00
         8         4        6.361769e-01
         9         4       -7.160446e-02
        10         4        5.132537e-01
        11         4       -3.373363e-01
        12         4       -2.700141e-01
        13         4        1.889890e+00
        14         4        9.857905e-02
        15         4       -3.269310e-01
        16         4        9.887666e-01
        17         4       -6.107465e-01
        18         4        1.929157e-01
        19         4       -2.521062e-01
        20         4       -1.339254e-01
        21         4       -2.768441e-01
        22         4        4.645562e-01
        23         4        1.417461e+00
        24         4        1.259556e+00
        25         4        5.376756e-01
        26         4        3.643082e-01
        27         4       -2.166909e+00
        28         4        3.055590e-02
        29         4        1.770075e+00
        30         4        1.014062e-01
        31         4        1.110231e+00
        32         4       -2.344402e-01
        33         4       -1.911440e-01
        34         4        5.587191e-01
        35         4       -2.660598e-01
        36         4       -2.917372e-03
        37         4        4.507302e-01
        38         4        5.049255e-01
        39         4        1.460894e+00
        40         4        9.354515e-01
        41         4        1.482118e+00
        42         4        1.251861e-01
        43         4       -1.443342e+00
        44         4        1.740187e-01
        45         4        6.592862e-01
        46         4        7.427154e-01
        47         4        7.295722e-01
        48         4        4.619621e-01
        49         4        6.908708e-01
        50         4        2.559937e+00
        51         4        5.709745e-02
        52         4        1.082962e+00
        53         4       -1.321700e+00
        54         4       -1.478100e+00
        55         4       -5.938558e-01
        56         4       -1.172735e-01
        57         4        3.143556e-01
        58         4       -1.276522e+00
        59         4        1.566947e+00
        60         4        5.306021e-01
        61         4        1.807092e+00
        62         4       -6.335504e-02
        63         4        3.075825e-01
        64         4        2.105058e-01
        65         4        5.193254e-02
        66         4        2.435218e-01
        67         4        2.073256e-01
        68         4        9.977704e-01
        69         4       -2.064523e-01
        70         4       -2.493059e+00
        71         4        7.761807e-02
        72         4        2.439635e-01
        73         4        3.441285e-01
        74         4        9.691264e-01
        75         4        1.574370e+00
        76         4        5.920898e-01
        77         4        2.065949e-01
        78         4       -6.341751e-01
        79         4       -6.541533e-01
        80         4       -2.438727e-01
        81         4        6.860848e-01
        82         4       -2.948660e-01
        83         4        1.290636e+00
        84         4        5.759339e-01
        85         4        6.364059e-01
        86         4        2.107883e-01
        87         4        9.462406e-01
        88         4       -7.798430e-01
        89         4        3.272763e-01
        90         4        5.877875e-01
        91         4        2.599624e-01
        92         4       -8.600880e-01
        93         4        1.381893e+00
        94         4       -2.022176e+00
        95         4       -9.183258e-01
        96         4        3.255981e-01
        97         4        5.235452e-01
        98         4       -1.821553e+00
        99         4        5.819343e-01
       100         4       -6.289033e-01
         1         5        1.293386e-01
         2         5        1.376389e+00
         3         5       -2.439188e+00
         4         5        6.726642e-01
         5         5       -6.523511e-01
         6         5       -1.392035e+00
         7         5       -7.937314e-01
         8         5        8.995041e-01
         9         5        4.954207e-01
        10         5        4.502867e-02
        11         5       -3.932876e-01
        12         5       -4.402592e-01
        13         5       -4.747121e-01
        14         5       -6.718435e-01
        15         5       -6.553928e-01
        16         5       -1.935895e-01
        17         5       -3.742435e-01
        18         5        4.104530e-01
        19         5       -2.854829e+00
        20         5        1.415871e+00
        21         5       -4.993735e-01
        22         5       -1.306376e+00
        23         5        1.345932e+00
        24         5       -1.157164e+00
        25         5        9.132438e-01
        26         5       -3.252690e-01
        27         5        7.701529e-01
        28         5       -7.762648e-01
        29         5       -7.370469e-01
        30         5       -8.569251e-01
        31         5       -1.648184e+00
        32         5       -2.407927e+00
        33         5       -1.159742e+00
        34         5        7.053664e-01
        35         5       -1.263833e+00
        36         5       -7.143231e-01
        37         5        1.149145e+00
        38         5        4.842476e-01
        39         5       -3.677762e-01
        40         5        6.686733e-01
        41         5       -2.184075e-01
        42         5       -1.098824e+00
        43         5        1.526178e+00
        44         5        3.567742e-01
        45         5       -1.005416e+00
        46         5       -1.686250e+00
        47         5       -8.649584e-01
        48         5        1.639095e+00
        49         5       -8.439275e-01
        50         5        1.423019e-01
        51         5       -3.839730e-01
        52         5       -7.556723e-01
        53         5       -3.494562e-01
        54         5        1.228796e+00
        55         5        6.432863e-01
        56         5       -8.085455e-01
        57         5       -6.062745e-02
        58         5        1.340740e-01
        59         5        2.071219e-01
        60         5        1.527177e-01
        61         5       -2.648647e-01
        62         5       -2.581880e+00
        63         5       -4.975834e-01
        64         5        1.361885e+00
        65         5        6.797837e-01
        66         5        4.597396e-01
        67         5       -8.814380e-01
        68         5        2.677579e-01
        69         5       -6.601991e-01
        70         5        1.246259e+00
        71         5        6.336102e-01
        72         5        2.242730e+00
        73         5        4.668712e-01
        74         5        4.935547e-01
        75         5        6.966943e-01
        76         5        1.095274e+00
        77         5       -1.001402e+00
        78         5        1.178637e-01
        79         5        5.795209e-01
        80         5        8.282694e-02
        81         5       -3.900010e-01
        82         5        2.510799e+00
        83         5        7.838112e-01
        84         5        1.721521e+00
        85         5       -1.056021e+00
        86         5        6.706459e-01
        87         5        7.415825e-01
        88         5       -1.150547e+00
        89         5       -6.338122e-01
        90         5       -7.767634e-01
        91         5        4.148135e-01
        92         5        6.164256e-01
        93         5        1.338080e+00
        94         5        1.189082e+00
        95         5        3.243260e-01
        96         5        6.209037e-01
        97         5       -9.345560e-01
        98         5        7.637507e-01
        99         5       -3.717446e-01
       100         5        1.811119e+00
;
param X_Original:=
    1        5.013073e-02
    2       -5.670640e-01
    3       -6.246798e-01
    4        1.122089e+00
    5        9.327575e-01
    6       -1.446454e+00
    7       -7.973034e-01
    8       -2.916844e-01
    9        3.318940e+00
   10        1.621894e-01
   11        5.465700e-02
   12       -3.433649e+00
   13       -7.996609e-01
   14        1.341489e+00
   15       -2.116189e-01
   16       -9.051527e-01
   17       -7.643646e-01
   18        1.735940e+00
   19        5.864360e-01
   20       -9.349991e-01
   21        1.454681e+00
   22        4.724428e-03
   23        1.402735e+00
   24       -1.443118e+00
   25       -1.513637e-01
   26       -2.572432e+00
   27        1.591576e-02
   28        2.633230e-01
   29        1.122088e+00
   30        6.182832e-01
   31        3.616183e-01
   32        3.346974e-01
   33       -8.735601e-01
   34       -5.433268e-02
   35       -1.668640e+00
   36        3.991839e-01
   37       -1.603037e+00
   38       -9.207783e-01
   39       -2.017103e-01
   40       -1.123589e+00
   41        1.100238e+00
   42       -1.504058e+00
   43       -6.556678e-01
   44       -9.688685e-01
   45        1.849057e+00
   46        3.112308e-01
   47       -3.339818e-02
   48        2.401371e+00
   49       -1.365034e+00
   50       -1.334606e+00
   51        9.430739e-01
   52       -6.233287e-01
   53       -9.667833e-01
   54        3.439915e+00
   55       -1.504283e-01
   56       -1.680996e+00
   57       -5.610889e-03
   58        7.412162e-01
   59        1.727612e+00
   60        3.053450e-01
   61       -3.666439e-01
   62        1.813417e+00
   63       -1.713560e+00
   64        7.045775e-01
   65        2.812927e-01
   66        1.358122e-01
   67       -1.590958e+00
   68       -3.419272e-01
   69       -2.936875e+00
   70        2.873065e+00
   71       -1.647958e+00
   72        2.425327e+00
   73        1.754249e+00
   74       -6.809829e-01
   75        3.442076e+00
   76        3.138016e-01
   77        8.058275e-01
   78        3.850391e-01
   79       -1.318136e+00
   80        5.154957e-01
   81        1.466089e+00
   82        6.436411e+00
   83        1.042328e+00
   84       -2.568592e-01
   85        6.437061e-01
   86        8.083560e-01
   87       -4.776402e-01
   88        2.036646e+00
   89        1.037103e+00
   90       -6.628648e-01
   91        7.076281e-01
   92        9.208791e-01
   93        2.213362e-01
   94        5.826760e-01
   95       -8.924587e-01
   96       -1.551494e+00
   97       -6.863180e-01
   98        3.551629e-01
   99        1.467092e-01
  100        1.905636e+00
;
param outliervec_original :=
    1    1
    2    1
    3    1
    4    1
    5    1
    6    1
    7    0
    8    1
    9    0
   10    1
   11    1
   12    0
   13    1
   14    1
   15    1
   16    1
   17    1
   18    1
   19    1
   20    1
   21    1
   22    1
   23    1
   24    1
   25    1
   26    0
   27    1
   28    1
   29    1
   30    1
   31    1
   32    1
   33    1
   34    1
   35    0
   36    1
   37    1
   38    1
   39    1
   40    1
   41    1
   42    1
   43    1
   44    0
   45    1
   46    1
   47    1
   48    0
   49    1
   50    1
   51    1
   52    0
   53    0
   54    0
   55    1
   56    1
   57    1
   58    1
   59    0
   60    1
   61    1
   62    1
   63    0
   64    0
   65    1
   66    1
   67    1
   68    1
   69    0
   70    0
   71    1
   72    0
   73    1
   74    1
   75    0
   76    1
   77    0
   78    1
   79    1
   80    1
   81    1
   82    0
   83    1
   84    1
   85    1
   86    0
   87    1
   88    1
   89    1
   90    1
   91    1
   92    1
   93    1
   94    1
   95    1
   96    1
   97    1
   98    1
   99    1
  100    1
;
param d:= 76;
param r:=5;
param p:=0.800000;
param M:=1000;
param U:=
         1         1        1.902367e+00
         2         1        2.658775e-01
         3         1        7.210941e-01
         4         1       -6.459959e-01
         5         1       -1.897212e-01
         6         1        1.286724e+00
         7         1        4.689191e-01
         8         1        2.488649e+00
         9         1       -1.079921e+00
        10         1       -1.273138e+00
        11         1        3.941315e-01
        12         1        1.234846e+00
        13         1       -9.626569e-01
        14         1        1.712047e+00
        15         1       -1.121143e+00
        16         1        7.251610e-01
        17         1       -1.905864e+00
        18         1        9.364142e-01
        19         1       -4.359971e-01
        20         1       -4.091660e-01
        21         1       -7.734777e-01
        22         1       -3.001871e-02
        23         1       -1.225962e+00
        24         1        2.829067e-01
        25         1       -7.804219e-01
        26         1       -9.734230e-01
        27         1       -3.503434e-01
        28         1       -1.596327e+00
        29         1       -1.131409e+00
        30         1       -1.391746e+00
        31         1       -2.055768e+00
        32         1       -6.085085e-01
        33         1        2.946796e-01
        34         1        1.072705e-01
        35         1        1.776681e+00
        36         1        1.737521e+00
        37         1        2.820219e-01
        38         1       -1.217001e+00
        39         1        2.540955e+00
        40         1        2.462580e-01
        41         1        3.235420e-01
        42         1       -2.101471e-01
        43         1       -1.769521e+00
        44         1       -6.920462e-02
        45         1        3.146918e-01
        46         1       -1.464259e+00
        47         1        3.400285e-01
        48         1       -9.084300e-02
        49         1       -5.442472e-01
        50         1       -6.004326e-01
        51         1       -5.666289e-01
        52         1        1.795713e+00
        53         1       -3.576368e-01
        54         1        2.466500e-01
        55         1        1.023070e-01
        56         1        1.084048e+00
        57         1        9.019997e-01
        58         1        2.362102e-01
        59         1       -7.637868e-01
        60         1        2.008838e-01
        61         1       -1.112099e+00
        62         1        1.162770e+00
        63         1        1.291443e+00
        64         1        2.272789e-01
        65         1       -2.741164e-01
        66         1        2.985027e-01
        67         1        8.612130e-01
        68         1       -2.246967e-01
        69         1       -4.415674e-01
        70         1        6.887708e-01
        71         1        3.910631e-02
        72         1        5.205853e-01
        73         1        4.981607e-02
        74         1       -1.199759e+00
        75         1        3.881965e-01
        76         1        1.177237e+00
         1         2        1.200117e+00
         2         2        6.053884e-02
         3         2        8.044886e-01
         4         2        2.200820e-01
         5         2        2.277114e+00
         6         2       -4.336201e-01
         7         2       -7.827520e-01
         8         2        8.775608e-02
         9         2       -9.642583e-01
        10         2        4.372746e-01
        11         2       -7.283778e-01
        12         2       -1.412379e+00
        13         2        1.115103e+00
        14         2       -1.347977e+00
        15         2        3.118484e-01
        16         2        9.441852e-01
        17         2       -1.104254e+00
        18         2       -5.766350e-01
        19         2       -9.782996e-02
        20         2       -1.607670e+00
        21         2        1.454175e+00
        22         2        1.094300e-01
        23         2        1.306524e+00
        24         2        1.737488e+00
        25         2       -3.213858e-01
        26         2       -9.399590e-01
        27         2        6.091438e-01
        28         2       -1.048970e+00
        29         2       -1.255761e+00
        30         2       -1.155408e+00
        31         2       -1.649508e+00
        32         2       -1.781195e-01
        33         2        1.045712e+00
        34         2        3.680151e-01
        35         2        1.448788e+00
        36         2       -6.260999e-01
        37         2       -1.941953e+00
        38         2        2.218582e+00
        39         2       -5.025017e-01
        40         2       -1.234526e-01
        41         2       -1.776178e+00
        42         2       -6.518472e-02
        43         2       -4.652507e-01
        44         2       -1.620936e+00
        45         2       -1.221556e+00
        46         2        1.892276e-01
        47         2        2.601543e+00
        48         2        1.444570e+00
        49         2       -3.570830e+00
        50         2        9.806503e-02
        51         2        1.680172e+00
        52         2        2.563538e-01
        53         2       -1.742286e-01
        54         2        2.289840e-01
        55         2        4.429693e-01
        56         2       -4.408282e-01
        57         2       -2.153588e+00
        58         2        1.742776e+00
        59         2        9.971710e-01
        60         2       -5.892387e-01
        61         2       -1.890197e+00
        62         2        3.141060e-01
        63         2       -4.395248e-01
        64         2        3.459180e-01
        65         2       -1.669312e+00
        66         2        4.732587e-01
        67         2        1.040524e+00
        68         2        1.580593e-01
        69         2       -2.512524e-01
        70         2       -1.691565e+00
        71         2       -1.508730e+00
        72         2        7.017549e-02
        73         2       -8.058685e-02
        74         2        1.026463e+00
        75         2        6.109181e-01
        76         2       -9.488906e-01
         1         3        2.855029e-01
         2         3        2.907940e-01
         3         3        8.223914e-01
         4         3       -4.061903e-01
         5         3       -9.101639e-01
         6         3       -8.567917e-01
         7         3        1.668776e+00
         8         3       -7.438898e-01
         9         3       -1.813681e+00
        10         3       -6.876191e-01
        11         3        3.196885e-02
        12         3       -5.258158e-01
        13         3        2.257068e-01
        14         3        1.622262e+00
        15         3       -1.355654e+00
        16         3        1.997083e+00
        17         3       -1.107439e+00
        18         3        1.047531e+00
        19         3        1.220589e+00
        20         3       -5.205967e-01
        21         3        5.018848e-01
        22         3        1.357348e+00
        23         3        2.362553e-01
        24         3        3.332231e-01
        25         3       -1.369657e+00
        26         3       -1.390256e-01
        27         3        1.431588e+00
        28         3        1.652479e+00
        29         3       -5.884523e-02
        30         3        3.770310e-01
        31         3       -1.133978e-01
        32         3       -5.427133e-02
        33         3        9.308616e-01
        34         3       -1.786000e-01
        35         3       -2.479935e+00
        36         3       -1.641321e-01
        37         3       -5.270943e-01
        38         3       -4.795950e-01
        39         3       -5.010140e-01
        40         3        4.189620e-01
        41         3       -2.558239e-01
        42         3       -9.159342e-01
        43         3        1.844376e+00
        44         3       -1.329475e+00
        45         3        2.902071e-01
        46         3        9.540165e-01
        47         3        1.000783e+00
        48         3       -7.324592e-01
        49         3        1.045428e+00
        50         3        1.507327e+00
        51         3        1.759086e+00
        52         3        8.403978e-02
        53         3        6.238610e-01
        54         3        1.384952e+00
        55         3       -1.718657e-01
        56         3       -1.334772e+00
        57         3        1.046441e+00
        58         3       -1.229477e+00
        59         3       -2.829061e-01
        60         3        4.522333e-01
        61         3        9.512409e-01
        62         3       -9.067952e-01
        63         3       -4.293376e-01
        64         3       -1.419987e+00
        65         3       -4.821976e-01
        66         3        7.007644e-01
        67         3        1.554566e+00
        68         3       -5.666444e-01
        69         3       -1.116761e+00
        70         3       -2.115681e-01
        71         3        1.618200e+00
        72         3        1.179476e+00
        73         3        1.224183e-01
        74         3       -5.068379e-01
        75         3       -7.986266e-01
        76         3        1.503693e+00
         1         4        1.066463e+00
         2         4       -4.211265e-01
         3         4       -5.703238e-01
         4         4        1.428643e+00
         5         4       -7.160446e-02
         6         4       -3.373363e-01
         7         4       -2.700141e-01
         8         4        1.889890e+00
         9         4        9.857905e-02
        10         4       -3.269310e-01
        11         4        9.887666e-01
        12         4       -6.107465e-01
        13         4        1.929157e-01
        14         4       -1.339254e-01
        15         4       -2.768441e-01
        16         4        1.417461e+00
        17         4        1.259556e+00
        18         4        5.376756e-01
        19         4        3.643082e-01
        20         4       -2.166909e+00
        21         4        3.055590e-02
        22         4       -1.911440e-01
        23         4        5.587191e-01
        24         4       -2.660598e-01
        25         4       -2.917372e-03
        26         4        5.049255e-01
        27         4        1.460894e+00
        28         4        9.354515e-01
        29         4        1.482118e+00
        30         4        1.251861e-01
        31         4        1.740187e-01
        32         4        7.295722e-01
        33         4        4.619621e-01
        34         4        6.908708e-01
        35         4        5.709745e-02
        36         4        1.082962e+00
        37         4       -1.321700e+00
        38         4       -1.478100e+00
        39         4       -5.938558e-01
        40         4       -1.172735e-01
        41         4        3.143556e-01
        42         4        1.566947e+00
        43         4        5.306021e-01
        44         4        1.807092e+00
        45         4        3.075825e-01
        46         4        2.105058e-01
        47         4        5.193254e-02
        48         4        2.435218e-01
        49         4        2.073256e-01
        50         4        9.977704e-01
        51         4       -2.064523e-01
        52         4       -2.493059e+00
        53         4        7.761807e-02
        54         4        2.439635e-01
        55         4        3.441285e-01
        56         4        1.574370e+00
        57         4        5.920898e-01
        58         4        2.065949e-01
        59         4       -6.341751e-01
        60         4       -6.541533e-01
        61         4       -2.438727e-01
        62         4       -2.948660e-01
        63         4        1.290636e+00
        64         4        6.364059e-01
        65         4        2.107883e-01
        66         4        9.462406e-01
        67         4        5.877875e-01
        68         4        2.599624e-01
        69         4       -8.600880e-01
        70         4       -2.022176e+00
        71         4       -9.183258e-01
        72         4        3.255981e-01
        73         4        5.235452e-01
        74         4       -1.821553e+00
        75         4        5.819343e-01
        76         4       -6.289033e-01
         1         5        1.293386e-01
         2         5        6.726642e-01
         3         5       -1.392035e+00
         4         5       -7.937314e-01
         5         5        4.954207e-01
         6         5       -3.932876e-01
         7         5       -4.402592e-01
         8         5       -4.747121e-01
         9         5       -6.718435e-01
        10         5       -6.553928e-01
        11         5       -1.935895e-01
        12         5       -3.742435e-01
        13         5        4.104530e-01
        14         5        1.415871e+00
        15         5       -4.993735e-01
        16         5        1.345932e+00
        17         5       -1.157164e+00
        18         5        9.132438e-01
        19         5       -3.252690e-01
        20         5        7.701529e-01
        21         5       -7.762648e-01
        22         5       -1.159742e+00
        23         5        7.053664e-01
        24         5       -1.263833e+00
        25         5       -7.143231e-01
        26         5        4.842476e-01
        27         5       -3.677762e-01
        28         5        6.686733e-01
        29         5       -2.184075e-01
        30         5       -1.098824e+00
        31         5        3.567742e-01
        32         5       -8.649584e-01
        33         5        1.639095e+00
        34         5       -8.439275e-01
        35         5       -3.839730e-01
        36         5       -7.556723e-01
        37         5       -3.494562e-01
        38         5        1.228796e+00
        39         5        6.432863e-01
        40         5       -8.085455e-01
        41         5       -6.062745e-02
        42         5        2.071219e-01
        43         5        1.527177e-01
        44         5       -2.648647e-01
        45         5       -4.975834e-01
        46         5        1.361885e+00
        47         5        6.797837e-01
        48         5        4.597396e-01
        49         5       -8.814380e-01
        50         5        2.677579e-01
        51         5       -6.601991e-01
        52         5        1.246259e+00
        53         5        6.336102e-01
        54         5        2.242730e+00
        55         5        4.668712e-01
        56         5        6.966943e-01
        57         5        1.095274e+00
        58         5       -1.001402e+00
        59         5        1.178637e-01
        60         5        5.795209e-01
        61         5        8.282694e-02
        62         5        2.510799e+00
        63         5        7.838112e-01
        64         5       -1.056021e+00
        65         5        6.706459e-01
        66         5        7.415825e-01
        67         5       -7.767634e-01
        68         5        4.148135e-01
        69         5        6.164256e-01
        70         5        1.189082e+00
        71         5        3.243260e-01
        72         5        6.209037e-01
        73         5       -9.345560e-01
        74         5        7.637507e-01
        75         5       -3.717446e-01
        76         5        1.811119e+00
;

param theta:=
    1        4.415218e-01
    2        5.402811e-01
    3       -1.391581e+00
    4        7.872189e-02
    5        1.826035e+00
;
param X_true:=
    1        1.470354e+00
    2        1.112054e+00
    3       -2.891946e+00
    4       -7.973034e-01
    5        3.318940e+00
    6        8.791698e-01
    7       -3.433649e+00
    8        1.483370e+00
    9        4.146551e-01
   10       -7.134947e-01
   11       -5.902409e-01
   12       -1.159189e-01
   13        5.981593e-01
   14        2.997139e-01
   15        6.711599e-01
   16        5.980508e-01
   17       -1.953620e+00
   18        1.390272e-01
   19       -2.572432e+00
   20        1.095423e+00
   21       -1.692606e+00
   22       -4.020873e+00
   23        7.808714e-01
   24       -1.668640e+00
   25       -4.536699e-02
   26        2.815441e-02
   27       -2.202016e+00
   28       -2.295607e+00
   29       -1.421599e+00
   30       -4.137362e+00
   31       -9.688685e-01
   32       -1.838919e+00
   33        2.401371e+00
   34       -9.398236e-01
   35        4.279328e+00
   36       -6.233287e-01
   37       -9.667833e-01
   38        3.439915e+00
   39        2.483719e+00
   40       -2.253445e+00
   41       -4.649586e-01
   42        1.727612e+00
   43       -3.473161e+00
   44        8.118307e-01
   45       -1.713560e+00
   46        7.045775e-01
   47        1.400233e+00
   48        2.601213e+00
   49       -5.136600e+00
   50       -1.680285e+00
   51       -2.936875e+00
   52        2.873065e+00
   53        7.510638e-03
   54        2.425327e+00
   55        1.441258e+00
   56        3.442076e+00
   57       -2.132943e-01
   58        8.058275e-01
   59        7.601504e-01
   60       -1.865682e-02
   61       -2.765857e+00
   62        6.436411e+00
   63        2.571388e+00
   64        5.026805e-01
   65        8.083560e-01
   66        7.408231e-01
   67       -2.443138e+00
   68        1.551667e+00
   69        2.246348e+00
   70        1.781806e+00
   71       -2.534320e+00
   72       -1.178448e-01
   73       -1.880282e+00
   74        1.979719e+00
   75        1.135094e+00
   76        1.197798e+00
;
param X:=
    1        5.013073e-02
    2        1.122089e+00
    3       -1.446454e+00
    4       -7.973034e-01
    5        3.318940e+00
    6        5.465700e-02
    7       -3.433649e+00
    8       -7.996609e-01
    9        1.341489e+00
   10       -2.116189e-01
   11       -9.051527e-01
   12       -7.643646e-01
   13        1.735940e+00
   14       -9.349991e-01
   15        1.454681e+00
   16        1.402735e+00
   17       -1.443118e+00
   18       -1.513637e-01
   19       -2.572432e+00
   20        1.591576e-02
   21        2.633230e-01
   22       -8.735601e-01
   23       -5.433268e-02
   24       -1.668640e+00
   25        3.991839e-01
   26       -9.207783e-01
   27       -2.017103e-01
   28       -1.123589e+00
   29        1.100238e+00
   30       -1.504058e+00
   31       -9.688685e-01
   32       -3.339818e-02
   33        2.401371e+00
   34       -1.365034e+00
   35        9.430739e-01
   36       -6.233287e-01
   37       -9.667833e-01
   38        3.439915e+00
   39       -1.504283e-01
   40       -1.680996e+00
   41       -5.610889e-03
   42        1.727612e+00
   43        3.053450e-01
   44       -3.666439e-01
   45       -1.713560e+00
   46        7.045775e-01
   47        2.812927e-01
   48        1.358122e-01
   49       -1.590958e+00
   50       -3.419272e-01
   51       -2.936875e+00
   52        2.873065e+00
   53       -1.647958e+00
   54        2.425327e+00
   55        1.754249e+00
   56        3.442076e+00
   57        3.138016e-01
   58        8.058275e-01
   59        3.850391e-01
   60       -1.318136e+00
   61        5.154957e-01
   62        6.436411e+00
   63        1.042328e+00
   64        6.437061e-01
   65        8.083560e-01
   66       -4.776402e-01
   67       -6.628648e-01
   68        7.076281e-01
   69        9.208791e-01
   70        5.826760e-01
   71       -8.924587e-01
   72       -1.551494e+00
   73       -6.863180e-01
   74        3.551629e-01
   75        1.467092e-01
   76        1.905636e+00
;
param outliervec:=
    1    1
    2    1
    3    1
    4    0
    5    0
    6    1
    7    0
    8    1
    9    1
   10    1
   11    1
   12    1
   13    1
   14    1
   15    1
   16    1
   17    1
   18    1
   19    0
   20    1
   21    1
   22    1
   23    1
   24    0
   25    1
   26    1
   27    1
   28    1
   29    1
   30    1
   31    0
   32    1
   33    0
   34    1
   35    1
   36    0
   37    0
   38    0
   39    1
   40    1
   41    1
   42    0
   43    1
   44    1
   45    0
   46    0
   47    1
   48    1
   49    1
   50    1
   51    0
   52    0
   53    1
   54    0
   55    1
   56    0
   57    1
   58    0
   59    1
   60    1
   61    1
   62    0
   63    1
   64    1
   65    0
   66    1
   67    1
   68    1
   69    1
   70    1
   71    1
   72    1
   73    1
   74    1
   75    1
   76    1
; 
param greedy_time :=         3.605576e-01
;