data;


param FN:= 0;
param D:= 100;
param U_Original:=
         1         1        6.516801e-01
         2         1       -1.136779e+00
         3         1       -1.640286e-01
         4         1        1.524733e+00
         5         1       -2.225119e-01
         6         1       -7.324052e-01
         7         1        2.661150e-01
         8         1        1.183093e+00
         9         1       -1.864395e-01
        10         1        1.062678e+00
        11         1        1.211212e+00
        12         1       -3.897962e-01
        13         1       -5.289962e-01
        14         1       -1.135801e+00
        15         1       -1.170176e+00
        16         1       -9.698319e-01
        17         1       -1.742937e+00
        18         1        2.959995e-01
        19         1        7.254393e-01
        20         1       -2.310410e+00
        21         1       -7.002277e-02
        22         1        1.384023e+00
        23         1       -3.467867e-01
        24         1       -3.777092e-01
        25         1       -4.534347e-01
        26         1        8.734613e-01
        27         1        5.028018e-01
        28         1       -1.529670e-02
        29         1        6.063939e-01
        30         1        2.471159e+00
        31         1        5.430019e-01
        32         1       -1.304833e+00
        33         1       -9.019607e-01
        34         1       -9.734452e-01
        35         1       -5.155997e-01
        36         1        9.818362e-01
        37         1        1.301880e+00
        38         1       -1.109839e+00
        39         1        7.470242e-01
        40         1       -5.802643e-01
        41         1       -3.379541e-01
        42         1        1.746808e+00
        43         1       -1.989268e+00
        44         1        2.743234e-01
        45         1       -3.590474e-01
        46         1       -6.257370e-01
        47         1       -1.863511e+00
        48         1        3.731791e-01
        49         1        7.553389e-01
        50         1       -9.442375e-03
        51         1        5.839787e-01
        52         1        7.155535e-02
        53         1        1.004388e-03
        54         1       -2.062064e+00
        55         1        2.220969e-01
        56         1       -1.348545e-01
        57         1        3.389194e-02
        58         1        5.025749e-01
        59         1        1.318969e+00
        60         1        8.606508e-01
        61         1        1.825402e+00
        62         1       -4.743384e-01
        63         1       -1.150868e+00
        64         1       -4.321856e-01
        65         1        2.786113e+00
        66         1       -6.243383e-01
        67         1        1.535355e-02
        68         1        5.273267e-01
        69         1       -1.344546e+00
        70         1       -1.463816e+00
        71         1        3.102078e-01
        72         1       -6.971989e-01
        73         1       -6.628158e-01
        74         1       -7.354468e-01
        75         1       -1.696659e+00
        76         1        2.498243e-01
        77         1        2.667948e-01
        78         1       -5.390868e-01
        79         1        7.532248e-01
        80         1       -2.610691e-01
        81         1       -3.903879e-01
        82         1        1.405618e-01
        83         1        2.923242e-01
        84         1       -7.226181e-01
        85         1       -3.593036e-01
        86         1       -1.571207e-01
        87         1       -4.015090e-01
        88         1       -8.437227e-01
        89         1       -1.126862e+00
        90         1       -1.451334e+00
        91         1       -1.086635e+00
        92         1        9.112568e-01
        93         1       -6.201765e-01
        94         1        3.516936e-01
        95         1        6.747133e-01
        96         1       -4.647740e-01
        97         1        1.926297e+00
        98         1        4.183616e-01
        99         1       -3.179147e-01
       100         1        1.896782e+00
         1         2        2.668870e+00
         2         2       -9.192740e-01
         3         2       -1.174966e+00
         4         2        1.027146e+00
         5         2       -3.604293e-01
         6         2        2.189366e+00
         7         2        1.668292e+00
         8         2        1.196610e+00
         9         2        1.028019e+00
        10         2       -1.179553e+00
        11         2        9.654249e-02
        12         2       -1.486453e-01
        13         2       -8.912342e-01
        14         2       -1.962517e+00
        15         2        1.140332e+00
        16         2       -1.957278e-01
        17         2       -2.766697e+00
        18         2        1.049497e+00
        19         2       -2.130862e-01
        20         2       -3.377783e-01
        21         2       -5.294291e-01
        22         2       -3.393415e-01
        23         2        2.152581e+00
        24         2       -6.305065e-02
        25         2       -8.124059e-02
        26         2        1.476302e-01
        27         2        1.174178e+00
        28         2        6.100040e-01
        29         2        1.957377e-01
        30         2        9.580132e-01
        31         2       -4.389214e-01
        32         2        1.715895e+00
        33         2        2.775376e-01
        34         2       -1.582836e+00
        35         2       -5.116416e-01
        36         2        4.089562e-01
        37         2       -1.626136e+00
        38         2       -2.158406e-01
        39         2       -1.006994e+00
        40         2       -7.866697e-01
        41         2       -5.426169e-01
        42         2       -1.344460e-01
        43         2       -1.150686e+00
        44         2        4.863684e-01
        45         2       -1.882299e-01
        46         2        1.381582e+00
        47         2        4.586676e-01
        48         2        2.357382e-01
        49         2       -1.239206e-01
        50         2        1.197578e+00
        51         2       -8.677907e-01
        52         2        2.068733e-01
        53         2       -1.396185e+00
        54         2        8.175643e-01
        55         2       -3.648764e-01
        56         2       -1.105556e-01
        57         2        2.759983e-01
        58         2        1.168385e+00
        59         2       -7.200304e-01
        60         2        9.040853e-02
        61         2        6.923477e-01
        62         2        5.367991e-01
        63         2       -6.062599e-01
        64         2        2.714595e-02
        65         2       -1.300433e+00
        66         2       -8.562716e-01
        67         2        1.732289e+00
        68         2       -4.552579e-01
        69         2        7.186203e-01
        70         2       -1.644136e+00
        71         2       -1.458946e-01
        72         2       -2.620093e+00
        73         2       -1.078139e+00
        74         2        2.861112e-01
        75         2        1.039002e+00
        76         2        3.595033e-01
        77         2        1.415571e+00
        78         2       -7.205749e-01
        79         2        1.205032e+00
        80         2       -1.796989e+00
        81         2        2.517268e-01
        82         2        7.822745e-02
        83         2        2.414212e-01
        84         2       -2.466505e+00
        85         2       -1.088980e+00
        86         2       -3.087274e+00
        87         2        6.705225e-02
        88         2       -6.907477e-01
        89         2       -6.384098e-01
        90         2        1.334040e+00
        91         2       -6.704816e-01
        92         2        1.414133e+00
        93         2        6.677748e-01
        94         2       -7.676692e-01
        95         2       -1.207992e+00
        96         2        1.816734e+00
        97         2        1.871684e+00
        98         2       -1.146095e+00
        99         2        1.227294e+00
       100         2       -1.500587e+00
         1         3       -5.983163e-01
         2         3       -7.513072e-01
         3         3        1.375890e+00
         4         3        1.532078e+00
         5         3       -4.663741e-01
         6         3       -1.235888e+00
         7         3        8.347958e-01
         8         3       -4.395342e-01
         9         3       -1.648117e-01
        10         3        2.067495e-01
        11         3       -1.065468e+00
        12         3       -6.453846e-02
        13         3       -7.012993e-01
        14         3       -2.570442e+00
        15         3       -1.336113e+00
        16         3        7.425325e-01
        17         3       -1.397359e+00
        18         3        2.072863e+00
        19         3        6.566944e-01
        20         3       -5.789985e-01
        21         3        1.342668e+00
        22         3       -1.441707e-01
        23         3        3.199564e-01
        24         3       -9.589959e-01
        25         3        1.114540e+00
        26         3       -4.461015e-01
        27         3        3.872309e-01
        28         3       -8.198531e-01
        29         3        1.680655e-02
        30         3       -2.256937e-01
        31         3       -3.274379e-01
        32         3       -1.088451e+00
        33         3        1.471650e+00
        34         3        9.270916e-01
        35         3       -1.029069e+00
        36         3       -1.002255e+00
        37         3        7.113058e-01
        38         3        5.780914e-01
        39         3        3.562247e-01
        40         3        2.541960e-01
        41         3       -1.077738e+00
        42         3        9.985986e-01
        43         3       -6.721879e-01
        44         3       -7.060840e-01
        45         3        1.577705e+00
        46         3        1.027027e+00
        47         3       -1.226728e+00
        48         3       -1.219285e+00
        49         3        2.434425e+00
        50         3       -8.989423e-02
        51         3        1.895419e+00
        52         3        9.016982e-01
        53         3        1.946816e+00
        54         3       -8.437822e-01
        55         3        4.036538e-02
        56         3       -1.446965e+00
        57         3        8.977101e-01
        58         3        9.243457e-02
        59         3        2.366663e+00
        60         3       -9.982060e-01
        61         3       -6.833876e-01
        62         3        7.599133e-01
        63         3       -2.986300e-01
        64         3        1.119920e+00
        65         3        9.364917e-01
        66         3       -8.019063e-01
        67         3        1.165110e+00
        68         3       -5.588348e-01
        69         3        2.587455e-01
        70         3       -8.243620e-01
        71         3        1.748970e+00
        72         3       -1.701467e-01
        73         3        1.570403e+00
        74         3       -5.121884e-01
        75         3       -6.718289e-01
        76         3        3.037239e-01
        77         3        7.970701e-01
        78         3        8.050668e-01
        79         3       -4.982636e-02
        80         3       -1.604543e+00
        81         3       -1.484429e+00
        82         3        1.968655e+00
        83         3        1.303310e-01
        84         3        4.797304e-01
        85         3        1.602382e-04
        86         3        3.779378e-01
        87         3        4.001809e-01
        88         3       -1.925158e+00
        89         3        1.605599e+00
        90         3        2.200100e+00
        91         3       -5.246431e-01
        92         3       -1.030385e+00
        93         3        3.891952e-01
        94         3        1.237949e+00
        95         3        3.103950e-01
        96         3        6.999137e-01
        97         3       -7.601382e-01
        98         3       -4.575769e-01
        99         3       -8.717374e-01
       100         3        4.033864e-01
         1         4       -7.845130e-01
         2         4        7.293768e-02
         3         4       -8.095664e-01
         4         4        3.296268e+00
         5         4        5.483832e-01
         6         4       -1.008281e-01
         7         4       -1.435391e+00
         8         4        1.474614e+00
         9         4       -1.226739e-01
        10         4       -2.058981e+00
        11         4       -9.601653e-01
        12         4       -3.054188e-01
        13         4       -2.332238e-02
        14         4       -4.420983e-01
        15         4       -1.370235e-01
        16         4       -7.720013e-01
        17         4       -6.980523e-01
        18         4       -1.530037e-01
        19         4       -7.062054e-01
        20         4        1.398982e+00
        21         4        2.659840e-01
        22         4        1.309958e-01
        23         4       -3.449301e-01
        24         4        1.386288e+00
        25         4        5.988845e-01
        26         4        3.055151e-01
        27         4       -6.127617e-01
        28         4       -4.336699e-01
        29         4        1.190151e+00
        30         4       -1.126441e+00
        31         4       -1.770252e+00
        32         4        6.432409e-01
        33         4        8.034897e-01
        34         4        1.113393e+00
        35         4        9.565307e-01
        36         4        1.034087e+00
        37         4        1.632779e+00
        38         4       -4.075860e-01
        39         4       -1.426766e-01
        40         4       -1.616538e+00
        41         4       -5.755483e-01
        42         4        1.380368e-01
        43         4        8.807872e-01
        44         4        1.208255e-01
        45         4        3.606449e-01
        46         4        2.065939e-01
        47         4       -1.825596e-01
        48         4        4.650514e-01
        49         4       -2.049470e+00
        50         4        8.455717e-01
        51         4        1.235369e-01
        52         4        1.120014e+00
        53         4       -1.759744e+00
        54         4        1.490278e-01
        55         4       -1.096976e+00
        56         4        7.406367e-02
        57         4        5.148494e-01
        58         4       -4.441574e-01
        59         4       -8.282086e-01
        60         4        6.588971e-01
        61         4       -1.533475e+00
        62         4        2.242069e-01
        63         4       -4.170613e-02
        64         4       -3.311009e-01
        65         4        8.768145e-01
        66         4       -3.070706e-01
        67         4        9.221273e-01
        68         4       -4.167114e-02
        69         4       -5.405193e-01
        70         4        3.920843e-02
        71         4        1.804057e+00
        72         4       -6.503239e-01
        73         4        3.215197e-01
        74         4        9.329587e-01
        75         4       -9.587268e-01
        76         4        2.792215e-01
        77         4        8.929612e-02
        78         4        1.048386e+00
        79         4        3.556926e-01
        80         4       -1.326351e+00
        81         4        2.655635e+00
        82         4        1.380621e+00
        83         4       -8.799979e-01
        84         4       -7.661296e-01
        85         4       -8.084740e-01
        86         4        2.644814e+00
        87         4       -1.662705e+00
        88         4        1.718898e+00
        89         4       -3.069635e-01
        90         4       -7.379168e-01
        91         4       -1.354960e+00
        92         4       -1.909362e+00
        93         4        5.388865e-01
        94         4       -9.847584e-02
        95         4        3.045965e-01
        96         4       -1.830463e+00
        97         4        1.034513e-01
        98         4       -3.980392e-01
        99         4       -1.407897e-01
       100         4       -6.963434e-01
         1         5       -5.807030e-01
         2         5        2.287047e+00
         3         5        3.956956e-01
         4         5        9.758973e-01
         5         5        1.229818e-01
         6         5        1.378182e+00
         7         5       -6.131792e-01
         8         5        5.953708e-01
         9         5       -1.318092e+00
        10         5       -9.840521e-01
        11         5       -1.163716e+00
        12         5       -1.786780e-01
        13         5       -1.192318e+00
        14         5       -2.509174e-01
        15         5       -7.365043e-01
        16         5       -3.753737e-01
        17         5        6.591442e-01
        18         5        4.020010e-02
        19         5       -7.632611e-01
        20         5       -2.013744e-01
        21         5       -1.029156e+00
        22         5        9.032222e-01
        23         5       -1.454131e+00
        24         5        2.587741e+00
        25         5       -3.868521e-01
        26         5       -3.701694e-01
        27         5        8.669102e-01
        28         5        2.066485e+00
        29         5        1.489047e+00
        30         5        7.690429e-01
        31         5       -1.300809e+00
        32         5        6.141947e-01
        33         5       -9.691913e-01
        34         5        1.214395e+00
        35         5        1.130518e+00
        36         5        6.213850e-01
        37         5       -6.152009e-01
        38         5       -8.859537e-01
        39         5       -7.825151e-01
        40         5       -4.511939e-01
        41         5        4.071105e-01
        42         5        7.463727e-01
        43         5        4.830692e-02
        44         5       -1.023340e+00
        45         5        4.739069e-01
        46         5        4.176111e-01
        47         5       -1.164591e+00
        48         5       -3.122136e-01
        49         5        7.217417e-01
        50         5       -1.495451e-01
        51         5       -1.650459e+00
        52         5       -2.054604e+00
        53         5       -2.394629e-01
        54         5        2.093404e-01
        55         5        7.970648e-01
        56         5       -4.384104e-01
        57         5       -3.143784e-02
        58         5       -1.254851e+00
        59         5        4.054569e-01
        60         5       -1.497983e+00
        61         5        1.516432e+00
        62         5       -5.702931e-01
        63         5       -1.335683e+00
        64         5        3.947244e-02
        65         5        2.435945e-01
        66         5       -1.744609e+00
        67         5       -7.509884e-01
        68         5       -6.907558e-01
        69         5        3.612260e-02
        70         5       -1.434536e-01
        71         5       -2.365652e-01
        72         5        9.987813e-01
        73         5        9.994623e-02
        74         5        5.311877e-02
        75         5        1.556904e+00
        76         5       -8.040519e-01
        77         5       -1.295063e+00
        78         5       -6.664413e-01
        79         5        7.665216e-01
        80         5        9.104874e-01
        81         5        5.184479e-01
        82         5       -4.413153e-01
        83         5        2.849158e-01
        84         5       -1.239908e+00
        85         5        1.674936e+00
        86         5        4.635316e-02
        87         5       -3.697151e-02
        88         5        3.858015e+00
        89         5        2.529118e+00
        90         5        9.898477e-01
        91         5       -7.692369e-01
        92         5       -5.659851e-01
        93         5        1.046488e+00
        94         5        1.474905e-01
        95         5       -6.140767e-01
        96         5        2.612645e-01
        97         5        8.258330e-02
        98         5        1.809592e-01
        99         5        5.595967e-01
       100         5        2.428981e+00
;
param X_Original:=
    1        2.044947e+00
    2        4.119582e-02
    3        8.824067e-02
    4       -4.935190e+00
    5       -5.715827e-01
    6        1.184747e+00
    7        2.212427e+00
    8       -1.908273e+00
    9        9.606488e-01
   10        1.135714e+00
   11       -1.427159e+00
   12        5.907250e-01
   13        2.309514e-01
   14        9.973460e-01
   15        1.765371e+00
   16       -4.414505e-01
   17        9.321668e-01
   18       -7.140372e-01
   19        1.210528e-01
   20       -5.172367e-02
   21       -7.892825e-01
   22       -1.340468e+00
   23        1.800845e+00
   24       -1.402453e+00
   25        1.121031e+00
   26       -4.248235e-01
   27        1.699383e+00
   28        3.206730e-01
   29       -1.875768e+00
   30        8.815724e-02
   31        1.697755e+00
   32        1.246636e+00
   33       -4.047282e-01
   34        1.373938e+00
   35        4.009418e-02
   36       -1.505347e+00
   37       -3.806787e+00
   38        1.081215e+00
   39       -7.526132e-02
   40        6.308282e-02
   41        2.000364e-01
   42        3.568902e-01
   43       -7.399001e-02
   44        2.092769e-01
   45       -7.202563e-01
   46        5.977855e-01
   47        2.173169e+00
   48       -3.529957e-01
   49        1.155572e+00
   50       -3.501102e-01
   51       -1.335090e+00
   52       -1.319795e+00
   53        9.005201e-01
   54        1.460204e+00
   55        8.774406e-01
   56        3.608908e-01
   57        1.610149e-01
   58       -3.926845e-01
   59       -9.479895e-01
   60       -9.484908e-01
   61        9.367559e-01
   62        5.884061e-01
   63       -1.057050e+00
   64       -4.800259e-01
   65        2.090675e-01
   66       -5.972609e-01
   67        4.398852e-01
   68       -3.476632e-01
   69        1.879967e+00
   70        3.599653e-01
   71       -2.858351e+00
   72        2.077483e-01
   73       -8.782041e-01
   74       -3.208154e-01
   75        2.886869e+00
   76        1.363143e+00
   77        3.443013e-01
   78       -2.865007e-01
   79       -6.202579e-01
   80        9.829345e-01
   81       -2.421175e+00
   82        6.920009e-01
   83        3.406705e-01
   84        3.839946e-01
   85        5.046453e-01
   86       -5.288814e-01
   87        2.190319e+00
   88       -1.659373e+00
   89        1.880286e-01
   90        1.922036e+00
   91        2.229249e+00
   92        6.885543e-01
   93       -5.804418e-02
   94       -8.532830e-01
   95       -1.475741e+00
   96        8.620421e-01
   97       -6.179904e-01
   98       -3.038309e-01
   99        1.189160e+00
  100       -6.679718e-01
;
param outliervec_original :=
    1    0
    2    1
    3    0
    4    0
    5    0
    6    1
    7    0
    8    0
    9    0
   10    0
   11    1
   12    0
   13    0
   14    0
   15    1
   16    1
   17    0
   18    1
   19    0
   20    0
   21    0
   22    0
   23    0
   24    0
   25    1
   26    1
   27    1
   28    1
   29    0
   30    0
   31    0
   32    0
   33    1
   34    1
   35    1
   36    0
   37    0
   38    0
   39    1
   40    1
   41    1
   42    1
   43    0
   44    1
   45    0
   46    0
   47    0
   48    0
   49    0
   50    0
   51    0
   52    0
   53    0
   54    1
   55    0
   56    0
   57    1
   58    1
   59    0
   60    0
   61    0
   62    1
   63    1
   64    1
   65    1
   66    1
   67    1
   68    0
   69    0
   70    0
   71    0
   72    1
   73    0
   74    0
   75    0
   76    1
   77    0
   78    1
   79    1
   80    1
   81    0
   82    1
   83    1
   84    1
   85    0
   86    1
   87    0
   88    0
   89    0
   90    0
   91    0
   92    1
   93    0
   94    0
   95    0
   96    1
   97    1
   98    0
   99    0
  100    1
;
param d:= 88;
param r:=5;
param p:=0.400000;
param M:=1000;
param U:=
         1         1        6.516801e-01
         2         1       -1.136779e+00
         3         1       -1.640286e-01
         4         1        1.524733e+00
         5         1       -2.225119e-01
         6         1       -7.324052e-01
         7         1        2.661150e-01
         8         1        1.183093e+00
         9         1       -1.864395e-01
        10         1        1.062678e+00
        11         1       -3.897962e-01
        12         1       -5.289962e-01
        13         1       -1.135801e+00
        14         1       -1.170176e+00
        15         1       -1.742937e+00
        16         1        2.959995e-01
        17         1        7.254393e-01
        18         1       -2.310410e+00
        19         1       -7.002277e-02
        20         1        1.384023e+00
        21         1       -3.467867e-01
        22         1       -3.777092e-01
        23         1        8.734613e-01
        24         1        5.028018e-01
        25         1       -1.529670e-02
        26         1        6.063939e-01
        27         1        2.471159e+00
        28         1        5.430019e-01
        29         1       -1.304833e+00
        30         1       -9.019607e-01
        31         1       -5.155997e-01
        32         1        9.818362e-01
        33         1        1.301880e+00
        34         1       -1.109839e+00
        35         1        7.470242e-01
        36         1       -3.379541e-01
        37         1       -1.989268e+00
        38         1        2.743234e-01
        39         1       -3.590474e-01
        40         1       -6.257370e-01
        41         1       -1.863511e+00
        42         1        3.731791e-01
        43         1        7.553389e-01
        44         1       -9.442375e-03
        45         1        5.839787e-01
        46         1        7.155535e-02
        47         1        1.004388e-03
        48         1       -2.062064e+00
        49         1        2.220969e-01
        50         1       -1.348545e-01
        51         1        3.389194e-02
        52         1        5.025749e-01
        53         1        1.318969e+00
        54         1        8.606508e-01
        55         1        1.825402e+00
        56         1       -4.743384e-01
        57         1       -4.321856e-01
        58         1       -6.243383e-01
        59         1        1.535355e-02
        60         1        5.273267e-01
        61         1       -1.344546e+00
        62         1       -1.463816e+00
        63         1        3.102078e-01
        64         1       -6.971989e-01
        65         1       -6.628158e-01
        66         1       -7.354468e-01
        67         1       -1.696659e+00
        68         1        2.667948e-01
        69         1       -5.390868e-01
        70         1        7.532248e-01
        71         1       -2.610691e-01
        72         1       -3.903879e-01
        73         1        2.923242e-01
        74         1       -7.226181e-01
        75         1       -3.593036e-01
        76         1       -4.015090e-01
        77         1       -8.437227e-01
        78         1       -1.126862e+00
        79         1       -1.451334e+00
        80         1       -1.086635e+00
        81         1        9.112568e-01
        82         1       -6.201765e-01
        83         1        3.516936e-01
        84         1        6.747133e-01
        85         1        1.926297e+00
        86         1        4.183616e-01
        87         1       -3.179147e-01
        88         1        1.896782e+00
         1         2        2.668870e+00
         2         2       -9.192740e-01
         3         2       -1.174966e+00
         4         2        1.027146e+00
         5         2       -3.604293e-01
         6         2        2.189366e+00
         7         2        1.668292e+00
         8         2        1.196610e+00
         9         2        1.028019e+00
        10         2       -1.179553e+00
        11         2       -1.486453e-01
        12         2       -8.912342e-01
        13         2       -1.962517e+00
        14         2        1.140332e+00
        15         2       -2.766697e+00
        16         2        1.049497e+00
        17         2       -2.130862e-01
        18         2       -3.377783e-01
        19         2       -5.294291e-01
        20         2       -3.393415e-01
        21         2        2.152581e+00
        22         2       -6.305065e-02
        23         2        1.476302e-01
        24         2        1.174178e+00
        25         2        6.100040e-01
        26         2        1.957377e-01
        27         2        9.580132e-01
        28         2       -4.389214e-01
        29         2        1.715895e+00
        30         2        2.775376e-01
        31         2       -5.116416e-01
        32         2        4.089562e-01
        33         2       -1.626136e+00
        34         2       -2.158406e-01
        35         2       -1.006994e+00
        36         2       -5.426169e-01
        37         2       -1.150686e+00
        38         2        4.863684e-01
        39         2       -1.882299e-01
        40         2        1.381582e+00
        41         2        4.586676e-01
        42         2        2.357382e-01
        43         2       -1.239206e-01
        44         2        1.197578e+00
        45         2       -8.677907e-01
        46         2        2.068733e-01
        47         2       -1.396185e+00
        48         2        8.175643e-01
        49         2       -3.648764e-01
        50         2       -1.105556e-01
        51         2        2.759983e-01
        52         2        1.168385e+00
        53         2       -7.200304e-01
        54         2        9.040853e-02
        55         2        6.923477e-01
        56         2        5.367991e-01
        57         2        2.714595e-02
        58         2       -8.562716e-01
        59         2        1.732289e+00
        60         2       -4.552579e-01
        61         2        7.186203e-01
        62         2       -1.644136e+00
        63         2       -1.458946e-01
        64         2       -2.620093e+00
        65         2       -1.078139e+00
        66         2        2.861112e-01
        67         2        1.039002e+00
        68         2        1.415571e+00
        69         2       -7.205749e-01
        70         2        1.205032e+00
        71         2       -1.796989e+00
        72         2        2.517268e-01
        73         2        2.414212e-01
        74         2       -2.466505e+00
        75         2       -1.088980e+00
        76         2        6.705225e-02
        77         2       -6.907477e-01
        78         2       -6.384098e-01
        79         2        1.334040e+00
        80         2       -6.704816e-01
        81         2        1.414133e+00
        82         2        6.677748e-01
        83         2       -7.676692e-01
        84         2       -1.207992e+00
        85         2        1.871684e+00
        86         2       -1.146095e+00
        87         2        1.227294e+00
        88         2       -1.500587e+00
         1         3       -5.983163e-01
         2         3       -7.513072e-01
         3         3        1.375890e+00
         4         3        1.532078e+00
         5         3       -4.663741e-01
         6         3       -1.235888e+00
         7         3        8.347958e-01
         8         3       -4.395342e-01
         9         3       -1.648117e-01
        10         3        2.067495e-01
        11         3       -6.453846e-02
        12         3       -7.012993e-01
        13         3       -2.570442e+00
        14         3       -1.336113e+00
        15         3       -1.397359e+00
        16         3        2.072863e+00
        17         3        6.566944e-01
        18         3       -5.789985e-01
        19         3        1.342668e+00
        20         3       -1.441707e-01
        21         3        3.199564e-01
        22         3       -9.589959e-01
        23         3       -4.461015e-01
        24         3        3.872309e-01
        25         3       -8.198531e-01
        26         3        1.680655e-02
        27         3       -2.256937e-01
        28         3       -3.274379e-01
        29         3       -1.088451e+00
        30         3        1.471650e+00
        31         3       -1.029069e+00
        32         3       -1.002255e+00
        33         3        7.113058e-01
        34         3        5.780914e-01
        35         3        3.562247e-01
        36         3       -1.077738e+00
        37         3       -6.721879e-01
        38         3       -7.060840e-01
        39         3        1.577705e+00
        40         3        1.027027e+00
        41         3       -1.226728e+00
        42         3       -1.219285e+00
        43         3        2.434425e+00
        44         3       -8.989423e-02
        45         3        1.895419e+00
        46         3        9.016982e-01
        47         3        1.946816e+00
        48         3       -8.437822e-01
        49         3        4.036538e-02
        50         3       -1.446965e+00
        51         3        8.977101e-01
        52         3        9.243457e-02
        53         3        2.366663e+00
        54         3       -9.982060e-01
        55         3       -6.833876e-01
        56         3        7.599133e-01
        57         3        1.119920e+00
        58         3       -8.019063e-01
        59         3        1.165110e+00
        60         3       -5.588348e-01
        61         3        2.587455e-01
        62         3       -8.243620e-01
        63         3        1.748970e+00
        64         3       -1.701467e-01
        65         3        1.570403e+00
        66         3       -5.121884e-01
        67         3       -6.718289e-01
        68         3        7.970701e-01
        69         3        8.050668e-01
        70         3       -4.982636e-02
        71         3       -1.604543e+00
        72         3       -1.484429e+00
        73         3        1.303310e-01
        74         3        4.797304e-01
        75         3        1.602382e-04
        76         3        4.001809e-01
        77         3       -1.925158e+00
        78         3        1.605599e+00
        79         3        2.200100e+00
        80         3       -5.246431e-01
        81         3       -1.030385e+00
        82         3        3.891952e-01
        83         3        1.237949e+00
        84         3        3.103950e-01
        85         3       -7.601382e-01
        86         3       -4.575769e-01
        87         3       -8.717374e-01
        88         3        4.033864e-01
         1         4       -7.845130e-01
         2         4        7.293768e-02
         3         4       -8.095664e-01
         4         4        3.296268e+00
         5         4        5.483832e-01
         6         4       -1.008281e-01
         7         4       -1.435391e+00
         8         4        1.474614e+00
         9         4       -1.226739e-01
        10         4       -2.058981e+00
        11         4       -3.054188e-01
        12         4       -2.332238e-02
        13         4       -4.420983e-01
        14         4       -1.370235e-01
        15         4       -6.980523e-01
        16         4       -1.530037e-01
        17         4       -7.062054e-01
        18         4        1.398982e+00
        19         4        2.659840e-01
        20         4        1.309958e-01
        21         4       -3.449301e-01
        22         4        1.386288e+00
        23         4        3.055151e-01
        24         4       -6.127617e-01
        25         4       -4.336699e-01
        26         4        1.190151e+00
        27         4       -1.126441e+00
        28         4       -1.770252e+00
        29         4        6.432409e-01
        30         4        8.034897e-01
        31         4        9.565307e-01
        32         4        1.034087e+00
        33         4        1.632779e+00
        34         4       -4.075860e-01
        35         4       -1.426766e-01
        36         4       -5.755483e-01
        37         4        8.807872e-01
        38         4        1.208255e-01
        39         4        3.606449e-01
        40         4        2.065939e-01
        41         4       -1.825596e-01
        42         4        4.650514e-01
        43         4       -2.049470e+00
        44         4        8.455717e-01
        45         4        1.235369e-01
        46         4        1.120014e+00
        47         4       -1.759744e+00
        48         4        1.490278e-01
        49         4       -1.096976e+00
        50         4        7.406367e-02
        51         4        5.148494e-01
        52         4       -4.441574e-01
        53         4       -8.282086e-01
        54         4        6.588971e-01
        55         4       -1.533475e+00
        56         4        2.242069e-01
        57         4       -3.311009e-01
        58         4       -3.070706e-01
        59         4        9.221273e-01
        60         4       -4.167114e-02
        61         4       -5.405193e-01
        62         4        3.920843e-02
        63         4        1.804057e+00
        64         4       -6.503239e-01
        65         4        3.215197e-01
        66         4        9.329587e-01
        67         4       -9.587268e-01
        68         4        8.929612e-02
        69         4        1.048386e+00
        70         4        3.556926e-01
        71         4       -1.326351e+00
        72         4        2.655635e+00
        73         4       -8.799979e-01
        74         4       -7.661296e-01
        75         4       -8.084740e-01
        76         4       -1.662705e+00
        77         4        1.718898e+00
        78         4       -3.069635e-01
        79         4       -7.379168e-01
        80         4       -1.354960e+00
        81         4       -1.909362e+00
        82         4        5.388865e-01
        83         4       -9.847584e-02
        84         4        3.045965e-01
        85         4        1.034513e-01
        86         4       -3.980392e-01
        87         4       -1.407897e-01
        88         4       -6.963434e-01
         1         5       -5.807030e-01
         2         5        2.287047e+00
         3         5        3.956956e-01
         4         5        9.758973e-01
         5         5        1.229818e-01
         6         5        1.378182e+00
         7         5       -6.131792e-01
         8         5        5.953708e-01
         9         5       -1.318092e+00
        10         5       -9.840521e-01
        11         5       -1.786780e-01
        12         5       -1.192318e+00
        13         5       -2.509174e-01
        14         5       -7.365043e-01
        15         5        6.591442e-01
        16         5        4.020010e-02
        17         5       -7.632611e-01
        18         5       -2.013744e-01
        19         5       -1.029156e+00
        20         5        9.032222e-01
        21         5       -1.454131e+00
        22         5        2.587741e+00
        23         5       -3.701694e-01
        24         5        8.669102e-01
        25         5        2.066485e+00
        26         5        1.489047e+00
        27         5        7.690429e-01
        28         5       -1.300809e+00
        29         5        6.141947e-01
        30         5       -9.691913e-01
        31         5        1.130518e+00
        32         5        6.213850e-01
        33         5       -6.152009e-01
        34         5       -8.859537e-01
        35         5       -7.825151e-01
        36         5        4.071105e-01
        37         5        4.830692e-02
        38         5       -1.023340e+00
        39         5        4.739069e-01
        40         5        4.176111e-01
        41         5       -1.164591e+00
        42         5       -3.122136e-01
        43         5        7.217417e-01
        44         5       -1.495451e-01
        45         5       -1.650459e+00
        46         5       -2.054604e+00
        47         5       -2.394629e-01
        48         5        2.093404e-01
        49         5        7.970648e-01
        50         5       -4.384104e-01
        51         5       -3.143784e-02
        52         5       -1.254851e+00
        53         5        4.054569e-01
        54         5       -1.497983e+00
        55         5        1.516432e+00
        56         5       -5.702931e-01
        57         5        3.947244e-02
        58         5       -1.744609e+00
        59         5       -7.509884e-01
        60         5       -6.907558e-01
        61         5        3.612260e-02
        62         5       -1.434536e-01
        63         5       -2.365652e-01
        64         5        9.987813e-01
        65         5        9.994623e-02
        66         5        5.311877e-02
        67         5        1.556904e+00
        68         5       -1.295063e+00
        69         5       -6.664413e-01
        70         5        7.665216e-01
        71         5        9.104874e-01
        72         5        5.184479e-01
        73         5        2.849158e-01
        74         5       -1.239908e+00
        75         5        1.674936e+00
        76         5       -3.697151e-02
        77         5        3.858015e+00
        78         5        2.529118e+00
        79         5        9.898477e-01
        80         5       -7.692369e-01
        81         5       -5.659851e-01
        82         5        1.046488e+00
        83         5        1.474905e-01
        84         5       -6.140767e-01
        85         5        8.258330e-02
        86         5        1.809592e-01
        87         5        5.595967e-01
        88         5        2.428981e+00
;

param theta:=
    1       -6.991619e-01
    2        5.109465e-01
    3       -2.557322e-01
    4       -1.187437e+00
    5       -8.995377e-02
;
param X_true:=
    1        2.044947e+00
    2        2.240272e-01
    3        8.824067e-02
    4       -4.935190e+00
    5       -5.715827e-01
    6        1.941676e+00
    7        2.212427e+00
    8       -1.908273e+00
    9        9.606488e-01
   10        1.135714e+00
   11        5.907250e-01
   12        2.309514e-01
   13        9.973460e-01
   14        1.971800e+00
   15        9.321668e-01
   16       -2.220477e-02
   17        1.210528e-01
   18       -5.172367e-02
   19       -7.892825e-01
   20       -1.340468e+00
   21        1.800845e+00
   22       -1.402453e+00
   23       -7.519184e-01
   24        7.987956e-01
   25        8.619262e-01
   26       -1.875768e+00
   27        8.815724e-02
   28        1.697755e+00
   29        1.246636e+00
   30       -4.708646e-01
   31       -8.739698e-01
   32       -1.505347e+00
   33       -3.806787e+00
   34        1.081215e+00
   35       -8.879390e-01
   36        8.801354e-01
   37       -7.399001e-02
   38        1.854501e-01
   39       -7.202563e-01
   40        5.977855e-01
   41        2.173169e+00
   42       -3.529957e-01
   43        1.155572e+00
   44       -3.501102e-01
   45       -1.335090e+00
   46       -1.319795e+00
   47        9.005201e-01
   48        1.878862e+00
   49        8.774406e-01
   50        3.608908e-01
   51       -7.209112e-01
   52        8.616536e-01
   53       -9.479895e-01
   54       -9.484908e-01
   55        9.367559e-01
   56        1.963755e-01
   57        4.172453e-01
   58        7.265895e-01
   59       -4.513994e-01
   60       -3.476632e-01
   61        1.879967e+00
   62        3.599653e-01
   63       -2.858351e+00
   64       -1.250574e-01
   65       -8.782041e-01
   66       -3.208154e-01
   67        2.886869e+00
   68        3.443013e-01
   69       -1.383119e+00
   70       -3.890477e-01
   71        1.167918e+00
   72       -2.421175e+00
   73        9.058747e-01
   74        1.434780e-01
   75        5.046453e-01
   76        2.190319e+00
   77       -1.659373e+00
   78        1.880286e-01
   79        1.922036e+00
   80        2.229249e+00
   81        2.665405e+00
   82       -5.804418e-02
   83       -8.532830e-01
   84       -1.475741e+00
   85       -3.258779e-01
   86       -3.038309e-01
   87        1.189160e+00
   88       -1.588351e+00
;
param X:=
    1        2.044947e+00
    2        4.119582e-02
    3        8.824067e-02
    4       -4.935190e+00
    5       -5.715827e-01
    6        1.184747e+00
    7        2.212427e+00
    8       -1.908273e+00
    9        9.606488e-01
   10        1.135714e+00
   11        5.907250e-01
   12        2.309514e-01
   13        9.973460e-01
   14        1.765371e+00
   15        9.321668e-01
   16       -7.140372e-01
   17        1.210528e-01
   18       -5.172367e-02
   19       -7.892825e-01
   20       -1.340468e+00
   21        1.800845e+00
   22       -1.402453e+00
   23       -4.248235e-01
   24        1.699383e+00
   25        3.206730e-01
   26       -1.875768e+00
   27        8.815724e-02
   28        1.697755e+00
   29        1.246636e+00
   30       -4.047282e-01
   31        4.009418e-02
   32       -1.505347e+00
   33       -3.806787e+00
   34        1.081215e+00
   35       -7.526132e-02
   36        2.000364e-01
   37       -7.399001e-02
   38        2.092769e-01
   39       -7.202563e-01
   40        5.977855e-01
   41        2.173169e+00
   42       -3.529957e-01
   43        1.155572e+00
   44       -3.501102e-01
   45       -1.335090e+00
   46       -1.319795e+00
   47        9.005201e-01
   48        1.460204e+00
   49        8.774406e-01
   50        3.608908e-01
   51        1.610149e-01
   52       -3.926845e-01
   53       -9.479895e-01
   54       -9.484908e-01
   55        9.367559e-01
   56        5.884061e-01
   57       -4.800259e-01
   58       -5.972609e-01
   59        4.398852e-01
   60       -3.476632e-01
   61        1.879967e+00
   62        3.599653e-01
   63       -2.858351e+00
   64        2.077483e-01
   65       -8.782041e-01
   66       -3.208154e-01
   67        2.886869e+00
   68        3.443013e-01
   69       -2.865007e-01
   70       -6.202579e-01
   71        9.829345e-01
   72       -2.421175e+00
   73        3.406705e-01
   74        3.839946e-01
   75        5.046453e-01
   76        2.190319e+00
   77       -1.659373e+00
   78        1.880286e-01
   79        1.922036e+00
   80        2.229249e+00
   81        6.885543e-01
   82       -5.804418e-02
   83       -8.532830e-01
   84       -1.475741e+00
   85       -6.179904e-01
   86       -3.038309e-01
   87        1.189160e+00
   88       -6.679718e-01
;
param outliervec:=
    1    0
    2    1
    3    0
    4    0
    5    0
    6    1
    7    0
    8    0
    9    0
   10    0
   11    0
   12    0
   13    0
   14    1
   15    0
   16    1
   17    0
   18    0
   19    0
   20    0
   21    0
   22    0
   23    1
   24    1
   25    1
   26    0
   27    0
   28    0
   29    0
   30    1
   31    1
   32    0
   33    0
   34    0
   35    1
   36    1
   37    0
   38    1
   39    0
   40    0
   41    0
   42    0
   43    0
   44    0
   45    0
   46    0
   47    0
   48    1
   49    0
   50    0
   51    1
   52    1
   53    0
   54    0
   55    0
   56    1
   57    1
   58    1
   59    1
   60    0
   61    0
   62    0
   63    0
   64    1
   65    0
   66    0
   67    0
   68    0
   69    1
   70    1
   71    1
   72    0
   73    1
   74    1
   75    0
   76    0
   77    0
   78    0
   79    0
   80    0
   81    1
   82    0
   83    0
   84    0
   85    1
   86    0
   87    0
   88    1
; 
param greedy_time :=         1.488552e-01
;