data;


param FN:= 0;
param D:= 100;
param U_Original:=
         1         1        2.606760e-01
         2         1       -9.097344e-01
         3         1       -1.514223e+00
         4         1       -6.355336e-01
         5         1        1.292446e+00
         6         1       -1.921031e+00
         7         1       -9.577189e-01
         8         1       -1.221223e+00
         9         1       -4.950675e-01
        10         1        2.993290e-01
        11         1        9.121770e-01
        12         1       -1.408481e+00
        13         1        1.925038e+00
        14         1       -1.359227e-01
        15         1       -5.174738e-01
        16         1       -4.440488e-01
        17         1        1.037950e+00
        18         1        7.342472e-01
        19         1       -1.292242e+00
        20         1       -1.729539e+00
        21         1        5.357899e-01
        22         1        8.052261e-02
        23         1       -4.690933e-02
        24         1       -2.030622e-01
        25         1        9.470577e-01
        26         1        1.468561e-01
        27         1        6.976284e-01
        28         1       -1.022560e+00
        29         1        2.057920e-02
        30         1        1.809008e+00
        31         1       -1.760646e+00
        32         1       -2.539534e-01
        33         1       -2.452219e-01
        34         1       -5.367270e-01
        35         1       -8.634735e-01
        36         1        6.699586e-01
        37         1        6.354392e-01
        38         1       -1.306733e+00
        39         1        1.008036e+00
        40         1       -1.998423e-01
        41         1       -1.122375e+00
        42         1        2.424162e-02
        43         1       -2.591945e-01
        44         1        5.847257e-01
        45         1       -8.539671e-01
        46         1        8.291859e-01
        47         1        2.433193e+00
        48         1       -5.929408e-01
        49         1       -3.130876e-01
        50         1        1.610764e+00
        51         1       -2.462146e+00
        52         1        6.474137e-01
        53         1       -1.460948e+00
        54         1        6.032884e-01
        55         1       -8.403462e-01
        56         1        6.493400e-01
        57         1        5.410184e-01
        58         1       -1.928819e+00
        59         1       -8.177798e-01
        60         1        4.709474e-01
        61         1        7.795642e-01
        62         1       -1.536754e+00
        63         1       -8.546833e-01
        64         1        4.741925e-01
        65         1        3.306094e-01
        66         1        3.471012e-01
        67         1       -1.841944e+00
        68         1        8.024212e-01
        69         1        1.438476e-01
        70         1        1.067123e+00
        71         1       -1.903834e+00
        72         1       -2.001485e+00
        73         1       -1.457882e-01
        74         1        1.025819e+00
        75         1        1.358651e+00
        76         1       -4.094479e-01
        77         1       -2.227867e+00
        78         1       -3.630289e-01
        79         1        1.579400e-01
        80         1       -1.043879e-01
        81         1       -9.767213e-01
        82         1        9.904982e-01
        83         1       -2.455054e+00
        84         1       -1.339710e-02
        85         1        3.428975e-01
        86         1       -1.242188e+00
        87         1       -2.089134e-01
        88         1        9.447762e-01
        89         1        8.775601e-01
        90         1        5.562386e-01
        91         1       -9.452910e-01
        92         1        7.622952e-01
        93         1        1.196990e+00
        94         1       -1.768756e+00
        95         1       -4.376979e-01
        96         1       -6.861101e-01
        97         1        2.968162e-01
        98         1        1.154358e+00
        99         1       -2.647613e-01
       100         1       -1.532046e+00
         1         2        6.286938e-01
         2         2       -6.080496e-01
         3         2       -1.230989e+00
         4         2        8.280191e-01
         5         2       -3.896505e-01
         6         2        1.297639e+00
         7         2       -1.292557e+00
         8         2        9.940137e-01
         9         2        6.191209e-01
        10         2       -5.220022e-01
        11         2        1.284238e+00
        12         2       -7.388850e-01
        13         2        6.428399e-01
        14         2       -1.616033e+00
        15         2        9.053084e-01
        16         2        1.497230e+00
        17         2       -1.088981e+00
        18         2        4.714236e-01
        19         2       -1.306027e-01
        20         2       -9.856439e-02
        21         2        4.499503e-01
        22         2        2.894409e+00
        23         2       -5.544682e-01
        24         2        1.179052e-01
        25         2       -6.052027e-01
        26         2        6.246869e-02
        27         2        1.058198e+00
        28         2        5.739784e-01
        29         2        2.029437e-01
        30         2       -4.619975e-01
        31         2       -7.314406e-01
        32         2       -3.092159e-01
        33         2        1.728392e+00
        34         2       -9.750119e-01
        35         2       -2.572353e-01
        36         2        1.633053e+00
        37         2       -7.494925e-02
        38         2       -6.539194e-01
        39         2       -7.929386e-02
        40         2       -2.169496e+00
        41         2        5.397099e-01
        42         2        1.644620e-01
        43         2        1.410551e+00
        44         2        8.458299e-01
        45         2        6.711045e-01
        46         2        6.060703e-01
        47         2        7.879191e-01
        48         2       -3.907486e-01
        49         2        4.530443e-01
        50         2        6.841148e-01
        51         2       -1.439613e+00
        52         2       -1.163397e+00
        53         2        1.263181e-01
        54         2        1.178436e+00
        55         2       -8.313116e-01
        56         2        1.733768e+00
        57         2        3.016366e-01
        58         2       -5.503116e-01
        59         2        1.420913e+00
        60         2        6.840648e-01
        61         2       -3.460481e-01
        62         2       -8.108512e-01
        63         2       -1.027786e+00
        64         2       -9.536051e-02
        65         2       -2.635092e-01
        66         2       -9.352423e-02
        67         2       -1.604517e+00
        68         2       -5.751696e-01
        69         2       -2.865897e-01
        70         2       -1.230764e+00
        71         2        8.154802e-01
        72         2       -1.837405e+00
        73         2        1.034678e+00
        74         2        1.274259e-01
        75         2        8.032827e-01
        76         2       -9.073341e-01
        77         2        4.105928e-03
        78         2       -7.745039e-01
        79         2       -8.943824e-01
        80         2       -2.385007e-01
        81         2        7.763313e-01
        82         2        6.244672e-02
        83         2        1.330967e+00
        84         2       -3.200872e-01
        85         2        6.627902e-01
        86         2       -8.961745e-01
        87         2        5.263005e-01
        88         2        3.203379e-01
        89         2        3.062477e-01
        90         2       -1.614325e+00
        91         2       -1.544337e-01
        92         2       -6.185778e-01
        93         2        1.741385e-01
        94         2       -1.198261e-01
        95         2        7.996229e-01
        96         2       -5.916040e-02
        97         2        6.513772e-01
        98         2       -2.105973e-01
        99         2        7.208360e-01
       100         2        3.023055e-01
         1         3       -1.994853e+00
         2         3       -5.177497e-02
         3         3        5.977428e-03
         4         3       -1.642873e+00
         5         3        1.424018e+00
         6         3        2.512650e-01
         7         3        1.186490e+00
         8         3        2.569795e-01
         9         3       -1.584636e+00
        10         3        1.461230e+00
        11         3       -8.625672e-02
        12         3        4.498846e-01
        13         3        3.731023e-01
        14         3       -4.435909e-01
        15         3       -1.915892e+00
        16         3        4.711585e-01
        17         3       -6.312204e-01
        18         3       -4.080610e-01
        19         3        1.795642e-01
        20         3       -1.115047e+00
        21         3        1.891434e+00
        22         3        8.415831e-01
        23         3       -7.911852e-01
        24         3       -2.604670e-01
        25         3        1.225178e+00
        26         3       -1.196430e+00
        27         3        2.007378e+00
        28         3        1.570724e-01
        29         3       -1.161054e+00
        30         3       -8.445127e-01
        31         3       -7.790593e-02
        32         3       -1.273984e+00
        33         3        1.075128e+00
        34         3        3.829713e-01
        35         3        1.145550e+00
        36         3        1.799638e+00
        37         3       -6.248458e-01
        38         3       -3.102378e-01
        39         3        7.856557e-01
        40         3       -7.877365e-01
        41         3       -7.285846e-01
        42         3        1.008638e+00
        43         3       -4.772052e-02
        44         3        8.949189e-02
        45         3        1.448006e-01
        46         3        1.552355e+00
        47         3       -1.703943e-01
        48         3       -5.785207e-01
        49         3        3.092926e-01
        50         3        4.078722e-01
        51         3        2.085222e-01
        52         3        1.823568e+00
        53         3       -1.552845e+00
        54         3        8.285473e-02
        55         3       -2.391135e+00
        56         3        4.816888e-01
        57         3       -2.201264e-01
        58         3        1.464997e-01
        59         3       -6.606337e-01
        60         3        1.143042e+00
        61         3       -3.594502e-01
        62         3       -1.083194e+00
        63         3       -3.241957e+00
        64         3       -7.056516e-01
        65         3        3.437358e-01
        66         3       -7.934021e-01
        67         3        1.348358e+00
        68         3        1.544826e+00
        69         3        2.732323e-01
        70         3       -1.582991e-01
        71         3        4.579342e-01
        72         3        7.733941e-01
        73         3       -9.114990e-02
        74         3       -2.166468e+00
        75         3       -3.521238e-01
        76         3        1.086634e-01
        77         3        1.698840e-01
        78         3        8.266413e-01
        79         3        4.015280e-02
        80         3        4.126391e-01
        81         3       -1.373732e+00
        82         3       -9.189069e-01
        83         3       -6.467857e-01
        84         3        9.739055e-02
        85         3        1.069606e+00
        86         3        7.668266e-01
        87         3        6.237120e-01
        88         3        8.967728e-01
        89         3       -4.317034e-01
        90         3        1.756110e-01
        91         3        7.809259e-01
        92         3        1.588124e+00
        93         3       -6.185859e-02
        94         3       -1.095110e+00
        95         3       -2.516453e-01
        96         3       -8.489078e-01
        97         3       -6.162790e-01
        98         3       -7.625869e-01
        99         3       -4.516518e-01
       100         3       -1.611451e+00
         1         4        9.932420e-01
         2         4        3.149041e-01
         3         4       -1.722892e+00
         4         4        2.510034e-02
         5         4        1.204792e+00
         6         4       -2.797539e-01
         7         4       -9.977468e-01
         8         4       -2.378552e-01
         9         4        5.024746e-01
        10         4       -2.198943e-02
        11         4        4.365567e-01
        12         4       -6.394210e-01
        13         4        3.266444e-01
        14         4        5.466390e-01
        15         4       -1.069685e+00
        16         4       -1.012414e+00
        17         4        4.153518e-01
        18         4        8.412064e-02
        19         4       -8.351452e-01
        20         4       -7.026114e-01
        21         4       -1.100052e+00
        22         4       -6.033935e-01
        23         4        1.619809e+00
        24         4       -8.950610e-01
        25         4        2.171487e-01
        26         4        1.316069e-02
        27         4        1.137255e+00
        28         4       -8.238285e-01
        29         4       -4.541232e-01
        30         4        4.879882e-01
        31         4       -2.508763e-01
        32         4       -7.576550e-01
        33         4       -2.763823e-01
        34         4        6.617216e-01
        35         4        5.597922e-01
        36         4        1.083125e-01
        37         4       -5.500532e-01
        38         4       -2.336241e-01
        39         4       -9.906196e-01
        40         4        1.611734e-01
        41         4       -1.587718e+00
        42         4       -1.928169e-01
        43         4       -7.986623e-01
        44         4       -1.276131e+00
        45         4        8.605204e-01
        46         4       -1.563930e+00
        47         4       -1.406478e+00
        48         4        1.090424e+00
        49         4       -1.796929e+00
        50         4       -1.209616e-01
        51         4        1.191746e+00
        52         4       -4.285141e-01
        53         4        2.326959e+00
        54         4        5.128637e-01
        55         4        5.102521e-01
        56         4       -9.213233e-02
        57         4        1.122025e+00
        58         4       -4.286290e-01
        59         4       -3.332032e-01
        60         4        1.304588e+00
        61         4       -6.619887e-01
        62         4       -1.234492e+00
        63         4       -1.696459e+00
        64         4        1.694778e+00
        65         4        1.124318e+00
        66         4       -1.065303e-01
        67         4        2.260909e-01
        68         4        5.753602e-01
        69         4        5.357481e-01
        70         4        4.134936e-01
        71         4        7.303198e-01
        72         4        3.095324e-01
        73         4        9.694173e-02
        74         4       -2.071662e+00
        75         4       -2.191888e-01
        76         4        1.637985e+00
        77         4       -3.359594e+00
        78         4       -1.153593e+00
        79         4        9.819003e-01
        80         4       -3.452354e-01
        81         4        2.613898e-01
        82         4        3.609439e-01
        83         4       -3.661094e-01
        84         4       -1.429829e+00
        85         4       -6.615178e-01
        86         4        4.669555e-01
        87         4        5.657006e-01
        88         4       -1.545472e+00
        89         4       -5.329227e-01
        90         4       -1.889731e+00
        91         4       -2.696495e-01
        92         4       -2.222937e+00
        93         4        5.940859e-01
        94         4       -1.945531e+00
        95         4        2.684948e-01
        96         4        8.238564e-01
        97         4        1.397576e+00
        98         4       -1.343712e+00
        99         4        5.174674e-01
       100         4       -2.638232e-01
         1         5        1.485688e-01
         2         5       -3.200502e-01
         3         5        1.900773e+00
         4         5        1.030645e-01
         5         5       -1.301509e-01
         6         5        1.237201e+00
         7         5       -1.913454e+00
         8         5        2.033888e+00
         9         5        1.036028e+00
        10         5        1.908783e-01
        11         5        1.222018e+00
        12         5        1.409768e+00
        13         5       -1.037489e+00
        14         5        7.845222e-01
        15         5       -1.758200e+00
        16         5        5.921847e-01
        17         5        3.538661e-01
        18         5        3.122460e-01
        19         5       -1.885841e+00
        20         5       -1.198169e+00
        21         5       -3.050262e-01
        22         5       -9.346278e-01
        23         5       -1.716006e+00
        24         5        1.366478e+00
        25         5       -8.318426e-01
        26         5        7.439988e-01
        27         5        1.094402e+00
        28         5       -1.542116e+00
        29         5       -1.030055e-01
        30         5       -7.898657e-01
        31         5        2.917489e-01
        32         5       -1.409232e-01
        33         5       -1.543868e+00
        34         5       -9.892909e-01
        35         5        1.520253e+00
        36         5        7.178972e-01
        37         5       -5.163695e-01
        38         5       -2.969262e+00
        39         5        1.556800e+00
        40         5       -2.042671e+00
        41         5        4.027137e-02
        42         5        9.787685e-02
        43         5       -8.777956e-01
        44         5       -1.839635e-01
        45         5       -4.377068e-01
        46         5        1.330306e+00
        47         5        1.017671e+00
        48         5        3.620491e-01
        49         5        7.462876e-01
        50         5        9.434604e-01
        51         5       -2.091496e-01
        52         5       -2.156959e+00
        53         5       -1.089891e+00
        54         5       -9.907971e-01
        55         5        1.660872e-01
        56         5        2.122175e-01
        57         5       -1.110650e+00
        58         5        1.065784e+00
        59         5        6.210703e-01
        60         5        7.461089e-01
        61         5       -1.220541e-01
        62         5        3.272998e-01
        63         5       -5.149009e-01
        64         5       -5.700501e-01
        65         5       -9.674401e-01
        66         5        4.947729e-01
        67         5        4.146535e-01
        68         5       -1.683413e+00
        69         5        2.172884e-01
        70         5        2.726580e-01
        71         5        6.476040e-02
        72         5       -2.545164e-01
        73         5       -8.018066e-01
        74         5       -2.577625e-02
        75         5       -1.036090e+00
        76         5        1.076204e+00
        77         5       -1.206779e+00
        78         5       -6.784236e-01
        79         5       -6.669504e-01
        80         5        9.432306e-01
        81         5        1.795172e+00
        82         5       -8.972167e-01
        83         5       -4.124298e-01
        84         5       -4.127049e-01
        85         5       -1.568441e+00
        86         5        1.151296e+00
        87         5       -1.320349e+00
        88         5        3.885406e-01
        89         5        1.139887e+00
        90         5        1.495167e+00
        91         5        5.819775e-01
        92         5       -1.706905e+00
        93         5        1.473674e+00
        94         5       -2.194341e-01
        95         5       -2.536572e+00
        96         5        1.442395e+00
        97         5       -8.806834e-01
        98         5       -2.570537e-01
        99         5        2.790821e-01
       100         5       -1.188856e+00
;
param X_Original:=
    1        1.082526e+00
    2       -7.512727e-01
    3        1.635942e+00
    4        1.417196e+00
    5        1.190891e+00
    6       -4.560094e-01
    7       -1.487470e+00
    8        1.380025e+00
    9        9.485016e-01
   10        1.637914e+00
   11        3.981902e-01
   12       -2.949825e-01
   13        1.009448e-01
   14       -1.134714e+00
   15        3.685838e-01
   16       -7.849828e-01
   17        1.377611e-01
   18       -1.038369e+00
   19        5.572597e-01
   20        5.626815e-01
   21        1.350234e+00
   22       -4.563697e-01
   23       -1.121139e+00
   24        4.004582e-01
   25        6.719402e-01
   26       -4.262968e-01
   27        6.425287e-01
   28        7.395926e-01
   29        4.403386e-01
   30       -5.878987e-01
   31       -1.124595e+00
   32       -1.412942e+00
   33        5.095081e-01
   34       -1.887902e+00
   35        1.222687e+00
   36       -1.436814e+00
   37        1.463887e+00
   38       -1.189669e+00
   39        8.513066e-01
   40       -8.321515e-01
   41       -1.239874e+00
   42       -7.973281e-01
   43        7.864820e-02
   44        1.048284e+00
   45       -1.333186e+00
   46        3.065816e+00
   47        2.096159e+00
   48       -2.697138e-01
   49        8.521354e-01
   50       -1.478351e+00
   51       -1.197493e+00
   52        9.976079e-02
   53        3.028358e-01
   54       -9.901062e-02
   55       -1.188746e+00
   56        2.996394e-01
   57       -1.225337e+00
   58        5.806578e-01
   59       -1.081279e+00
   60        1.891523e+00
   61       -6.093759e-01
   62       -1.125604e+00
   63       -3.445103e+00
   64       -9.540018e-01
   65        3.839294e-01
   66       -1.142788e-01
   67        1.504183e+00
   68       -1.169018e+00
   69        1.587022e+00
   70       -9.722232e-01
   71       -9.335935e-01
   72        1.988713e+00
   73        8.011715e-01
   74        6.938250e-01
   75       -1.104377e+00
   76        1.289734e+00
   77       -5.353785e-01
   78       -1.600233e-01
   79        5.442088e-01
   80       -1.319636e+00
   81       -1.134511e+00
   82       -1.277787e+00
   83        1.225496e+00
   84        1.127921e+00
   85       -2.180898e-01
   86       -2.033026e+00
   87       -1.208076e+00
   88       -8.545227e-01
   89       -6.344689e-01
   90       -1.823280e+00
   91       -1.003276e-01
   92        8.697970e-01
   93        1.174082e+00
   94       -5.321746e-01
   95       -1.312644e+00
   96       -1.573314e-01
   97        4.677598e-01
   98       -2.082531e+00
   99       -1.251693e+00
  100       -3.481019e+00
;
param outliervec_original :=
    1    1
    2    0
    3    0
    4    1
    5    1
    6    1
    7    0
    8    1
    9    1
   10    0
   11    1
   12    1
   13    1
   14    1
   15    1
   16    1
   17    1
   18    1
   19    1
   20    1
   21    0
   22    1
   23    1
   24    1
   25    1
   26    1
   27    1
   28    1
   29    1
   30    0
   31    1
   32    1
   33    1
   34    1
   35    1
   36    1
   37    1
   38    1
   39    1
   40    1
   41    1
   42    1
   43    1
   44    1
   45    1
   46    0
   47    0
   48    0
   49    0
   50    1
   51    1
   52    1
   53    1
   54    1
   55    1
   56    1
   57    0
   58    1
   59    1
   60    0
   61    1
   62    0
   63    0
   64    0
   65    1
   66    1
   67    1
   68    1
   69    1
   70    1
   71    1
   72    1
   73    1
   74    1
   75    1
   76    0
   77    1
   78    0
   79    1
   80    1
   81    1
   82    0
   83    1
   84    1
   85    1
   86    1
   87    0
   88    1
   89    1
   90    1
   91    1
   92    1
   93    1
   94    1
   95    1
   96    1
   97    1
   98    1
   99    1
  100    0
;
param d:= 76;
param r:=5;
param p:=0.800000;
param M:=1000;
param U:=
         1         1       -9.097344e-01
         2         1       -1.514223e+00
         3         1        1.292446e+00
         4         1       -1.921031e+00
         5         1       -9.577189e-01
         6         1       -1.221223e+00
         7         1        2.993290e-01
         8         1        9.121770e-01
         9         1       -1.408481e+00
        10         1        1.925038e+00
        11         1       -1.359227e-01
        12         1       -4.440488e-01
        13         1        1.037950e+00
        14         1        7.342472e-01
        15         1        5.357899e-01
        16         1        8.052261e-02
        17         1       -4.690933e-02
        18         1       -2.030622e-01
        19         1        9.470577e-01
        20         1        1.468561e-01
        21         1        6.976284e-01
        22         1        2.057920e-02
        23         1        1.809008e+00
        24         1       -1.760646e+00
        25         1       -2.539534e-01
        26         1       -2.452219e-01
        27         1       -5.367270e-01
        28         1       -8.634735e-01
        29         1       -1.306733e+00
        30         1        1.008036e+00
        31         1       -1.998423e-01
        32         1       -1.122375e+00
        33         1       -2.591945e-01
        34         1        5.847257e-01
        35         1       -8.539671e-01
        36         1        8.291859e-01
        37         1        2.433193e+00
        38         1       -5.929408e-01
        39         1       -3.130876e-01
        40         1       -2.462146e+00
        41         1        6.474137e-01
        42         1        6.032884e-01
        43         1       -8.403462e-01
        44         1        6.493400e-01
        45         1        5.410184e-01
        46         1       -1.928819e+00
        47         1       -8.177798e-01
        48         1        4.709474e-01
        49         1        7.795642e-01
        50         1       -1.536754e+00
        51         1       -8.546833e-01
        52         1        4.741925e-01
        53         1        3.306094e-01
        54         1        3.471012e-01
        55         1       -1.841944e+00
        56         1        1.438476e-01
        57         1       -1.903834e+00
        58         1        1.358651e+00
        59         1       -4.094479e-01
        60         1       -2.227867e+00
        61         1       -3.630289e-01
        62         1        1.579400e-01
        63         1       -9.767213e-01
        64         1        9.904982e-01
        65         1       -1.339710e-02
        66         1        3.428975e-01
        67         1       -2.089134e-01
        68         1        8.775601e-01
        69         1       -9.452910e-01
        70         1        7.622952e-01
        71         1        1.196990e+00
        72         1       -1.768756e+00
        73         1       -4.376979e-01
        74         1       -6.861101e-01
        75         1       -2.647613e-01
        76         1       -1.532046e+00
         1         2       -6.080496e-01
         2         2       -1.230989e+00
         3         2       -3.896505e-01
         4         2        1.297639e+00
         5         2       -1.292557e+00
         6         2        9.940137e-01
         7         2       -5.220022e-01
         8         2        1.284238e+00
         9         2       -7.388850e-01
        10         2        6.428399e-01
        11         2       -1.616033e+00
        12         2        1.497230e+00
        13         2       -1.088981e+00
        14         2        4.714236e-01
        15         2        4.499503e-01
        16         2        2.894409e+00
        17         2       -5.544682e-01
        18         2        1.179052e-01
        19         2       -6.052027e-01
        20         2        6.246869e-02
        21         2        1.058198e+00
        22         2        2.029437e-01
        23         2       -4.619975e-01
        24         2       -7.314406e-01
        25         2       -3.092159e-01
        26         2        1.728392e+00
        27         2       -9.750119e-01
        28         2       -2.572353e-01
        29         2       -6.539194e-01
        30         2       -7.929386e-02
        31         2       -2.169496e+00
        32         2        5.397099e-01
        33         2        1.410551e+00
        34         2        8.458299e-01
        35         2        6.711045e-01
        36         2        6.060703e-01
        37         2        7.879191e-01
        38         2       -3.907486e-01
        39         2        4.530443e-01
        40         2       -1.439613e+00
        41         2       -1.163397e+00
        42         2        1.178436e+00
        43         2       -8.313116e-01
        44         2        1.733768e+00
        45         2        3.016366e-01
        46         2       -5.503116e-01
        47         2        1.420913e+00
        48         2        6.840648e-01
        49         2       -3.460481e-01
        50         2       -8.108512e-01
        51         2       -1.027786e+00
        52         2       -9.536051e-02
        53         2       -2.635092e-01
        54         2       -9.352423e-02
        55         2       -1.604517e+00
        56         2       -2.865897e-01
        57         2        8.154802e-01
        58         2        8.032827e-01
        59         2       -9.073341e-01
        60         2        4.105928e-03
        61         2       -7.745039e-01
        62         2       -8.943824e-01
        63         2        7.763313e-01
        64         2        6.244672e-02
        65         2       -3.200872e-01
        66         2        6.627902e-01
        67         2        5.263005e-01
        68         2        3.062477e-01
        69         2       -1.544337e-01
        70         2       -6.185778e-01
        71         2        1.741385e-01
        72         2       -1.198261e-01
        73         2        7.996229e-01
        74         2       -5.916040e-02
        75         2        7.208360e-01
        76         2        3.023055e-01
         1         3       -5.177497e-02
         2         3        5.977428e-03
         3         3        1.424018e+00
         4         3        2.512650e-01
         5         3        1.186490e+00
         6         3        2.569795e-01
         7         3        1.461230e+00
         8         3       -8.625672e-02
         9         3        4.498846e-01
        10         3        3.731023e-01
        11         3       -4.435909e-01
        12         3        4.711585e-01
        13         3       -6.312204e-01
        14         3       -4.080610e-01
        15         3        1.891434e+00
        16         3        8.415831e-01
        17         3       -7.911852e-01
        18         3       -2.604670e-01
        19         3        1.225178e+00
        20         3       -1.196430e+00
        21         3        2.007378e+00
        22         3       -1.161054e+00
        23         3       -8.445127e-01
        24         3       -7.790593e-02
        25         3       -1.273984e+00
        26         3        1.075128e+00
        27         3        3.829713e-01
        28         3        1.145550e+00
        29         3       -3.102378e-01
        30         3        7.856557e-01
        31         3       -7.877365e-01
        32         3       -7.285846e-01
        33         3       -4.772052e-02
        34         3        8.949189e-02
        35         3        1.448006e-01
        36         3        1.552355e+00
        37         3       -1.703943e-01
        38         3       -5.785207e-01
        39         3        3.092926e-01
        40         3        2.085222e-01
        41         3        1.823568e+00
        42         3        8.285473e-02
        43         3       -2.391135e+00
        44         3        4.816888e-01
        45         3       -2.201264e-01
        46         3        1.464997e-01
        47         3       -6.606337e-01
        48         3        1.143042e+00
        49         3       -3.594502e-01
        50         3       -1.083194e+00
        51         3       -3.241957e+00
        52         3       -7.056516e-01
        53         3        3.437358e-01
        54         3       -7.934021e-01
        55         3        1.348358e+00
        56         3        2.732323e-01
        57         3        4.579342e-01
        58         3       -3.521238e-01
        59         3        1.086634e-01
        60         3        1.698840e-01
        61         3        8.266413e-01
        62         3        4.015280e-02
        63         3       -1.373732e+00
        64         3       -9.189069e-01
        65         3        9.739055e-02
        66         3        1.069606e+00
        67         3        6.237120e-01
        68         3       -4.317034e-01
        69         3        7.809259e-01
        70         3        1.588124e+00
        71         3       -6.185859e-02
        72         3       -1.095110e+00
        73         3       -2.516453e-01
        74         3       -8.489078e-01
        75         3       -4.516518e-01
        76         3       -1.611451e+00
         1         4        3.149041e-01
         2         4       -1.722892e+00
         3         4        1.204792e+00
         4         4       -2.797539e-01
         5         4       -9.977468e-01
         6         4       -2.378552e-01
         7         4       -2.198943e-02
         8         4        4.365567e-01
         9         4       -6.394210e-01
        10         4        3.266444e-01
        11         4        5.466390e-01
        12         4       -1.012414e+00
        13         4        4.153518e-01
        14         4        8.412064e-02
        15         4       -1.100052e+00
        16         4       -6.033935e-01
        17         4        1.619809e+00
        18         4       -8.950610e-01
        19         4        2.171487e-01
        20         4        1.316069e-02
        21         4        1.137255e+00
        22         4       -4.541232e-01
        23         4        4.879882e-01
        24         4       -2.508763e-01
        25         4       -7.576550e-01
        26         4       -2.763823e-01
        27         4        6.617216e-01
        28         4        5.597922e-01
        29         4       -2.336241e-01
        30         4       -9.906196e-01
        31         4        1.611734e-01
        32         4       -1.587718e+00
        33         4       -7.986623e-01
        34         4       -1.276131e+00
        35         4        8.605204e-01
        36         4       -1.563930e+00
        37         4       -1.406478e+00
        38         4        1.090424e+00
        39         4       -1.796929e+00
        40         4        1.191746e+00
        41         4       -4.285141e-01
        42         4        5.128637e-01
        43         4        5.102521e-01
        44         4       -9.213233e-02
        45         4        1.122025e+00
        46         4       -4.286290e-01
        47         4       -3.332032e-01
        48         4        1.304588e+00
        49         4       -6.619887e-01
        50         4       -1.234492e+00
        51         4       -1.696459e+00
        52         4        1.694778e+00
        53         4        1.124318e+00
        54         4       -1.065303e-01
        55         4        2.260909e-01
        56         4        5.357481e-01
        57         4        7.303198e-01
        58         4       -2.191888e-01
        59         4        1.637985e+00
        60         4       -3.359594e+00
        61         4       -1.153593e+00
        62         4        9.819003e-01
        63         4        2.613898e-01
        64         4        3.609439e-01
        65         4       -1.429829e+00
        66         4       -6.615178e-01
        67         4        5.657006e-01
        68         4       -5.329227e-01
        69         4       -2.696495e-01
        70         4       -2.222937e+00
        71         4        5.940859e-01
        72         4       -1.945531e+00
        73         4        2.684948e-01
        74         4        8.238564e-01
        75         4        5.174674e-01
        76         4       -2.638232e-01
         1         5       -3.200502e-01
         2         5        1.900773e+00
         3         5       -1.301509e-01
         4         5        1.237201e+00
         5         5       -1.913454e+00
         6         5        2.033888e+00
         7         5        1.908783e-01
         8         5        1.222018e+00
         9         5        1.409768e+00
        10         5       -1.037489e+00
        11         5        7.845222e-01
        12         5        5.921847e-01
        13         5        3.538661e-01
        14         5        3.122460e-01
        15         5       -3.050262e-01
        16         5       -9.346278e-01
        17         5       -1.716006e+00
        18         5        1.366478e+00
        19         5       -8.318426e-01
        20         5        7.439988e-01
        21         5        1.094402e+00
        22         5       -1.030055e-01
        23         5       -7.898657e-01
        24         5        2.917489e-01
        25         5       -1.409232e-01
        26         5       -1.543868e+00
        27         5       -9.892909e-01
        28         5        1.520253e+00
        29         5       -2.969262e+00
        30         5        1.556800e+00
        31         5       -2.042671e+00
        32         5        4.027137e-02
        33         5       -8.777956e-01
        34         5       -1.839635e-01
        35         5       -4.377068e-01
        36         5        1.330306e+00
        37         5        1.017671e+00
        38         5        3.620491e-01
        39         5        7.462876e-01
        40         5       -2.091496e-01
        41         5       -2.156959e+00
        42         5       -9.907971e-01
        43         5        1.660872e-01
        44         5        2.122175e-01
        45         5       -1.110650e+00
        46         5        1.065784e+00
        47         5        6.210703e-01
        48         5        7.461089e-01
        49         5       -1.220541e-01
        50         5        3.272998e-01
        51         5       -5.149009e-01
        52         5       -5.700501e-01
        53         5       -9.674401e-01
        54         5        4.947729e-01
        55         5        4.146535e-01
        56         5        2.172884e-01
        57         5        6.476040e-02
        58         5       -1.036090e+00
        59         5        1.076204e+00
        60         5       -1.206779e+00
        61         5       -6.784236e-01
        62         5       -6.669504e-01
        63         5        1.795172e+00
        64         5       -8.972167e-01
        65         5       -4.127049e-01
        66         5       -1.568441e+00
        67         5       -1.320349e+00
        68         5        1.139887e+00
        69         5        5.819775e-01
        70         5       -1.706905e+00
        71         5        1.473674e+00
        72         5       -2.194341e-01
        73         5       -2.536572e+00
        74         5        1.442395e+00
        75         5        2.790821e-01
        76         5       -1.188856e+00
;

param theta:=
    1        5.016170e-01
    2       -1.828175e-01
    3        8.033950e-01
    4        6.033027e-03
    5        1.144822e+00
;
param X_true:=
    1       -7.512727e-01
    2        1.635942e+00
    3        1.721866e+00
    4        4.156998e-01
    5       -1.487470e+00
    6        1.739152e+00
    7        1.637914e+00
    8        1.555111e+00
    9        1.400074e+00
   10       -3.791188e-02
   11        7.723155e-01
   12        5.539026e-01
   13        6.202384e-01
   14        3.122659e-01
   15        1.350234e+00
   16       -8.862563e-01
   17       -2.512548e+00
   18        1.226302e+00
   19        6.190016e-01
   20       -4.713504e-02
   21        3.028960e+00
   22       -1.080226e+00
   23       -5.878987e-01
   24       -4.795517e-01
   25       -1.260273e+00
   26       -1.344357e+00
   27       -9.118751e-01
   28        2.278021e+00
   29       -4.185862e+00
   30        2.927620e+00
   31       -2.674009e+00
   32       -1.210487e+00
   33       -1.435966e+00
   34       -7.731254e-03
   35       -9.306269e-01
   36        3.065816e+00
   37        2.096159e+00
   38       -2.697138e-01
   39        8.521354e-01
   40       -1.036592e+00
   41       -4.694317e-01
   42       -9.774464e-01
   43       -1.997361e+00
   44        6.381387e-01
   45       -1.225337e+00
   46        4.683228e-01
   47       -4.917248e-01
   48        1.891523e+00
   49        2.180173e-02
   50       -1.125604e+00
   51       -3.445103e+00
   52       -9.540018e-01
   53       -6.105950e-01
   54        1.195788e-01
   55        9.287161e-01
   56        5.960523e-01
   57       -6.576321e-01
   58       -9.356870e-01
   59        1.289734e+00
   60       -2.383619e+00
   61       -1.600233e-01
   62       -4.826232e-01
   63        3.212138e-01
   64       -1.277787e+00
   65       -3.510596e-01
   66       -8.894268e-01
   67       -1.208076e+00
   68        1.339136e+00
   69        8.460852e-01
   70       -1.961554e-01
   71        2.209577e+00
   72       -2.008088e+00
   73       -3.470217e+00
   74        6.408990e-01
   75       -3.048237e-01
   76       -3.481019e+00
;
param X:=
    1       -7.512727e-01
    2        1.635942e+00
    3        1.190891e+00
    4       -4.560094e-01
    5       -1.487470e+00
    6        1.380025e+00
    7        1.637914e+00
    8        3.981902e-01
    9       -2.949825e-01
   10        1.009448e-01
   11       -1.134714e+00
   12       -7.849828e-01
   13        1.377611e-01
   14       -1.038369e+00
   15        1.350234e+00
   16       -4.563697e-01
   17       -1.121139e+00
   18        4.004582e-01
   19        6.719402e-01
   20       -4.262968e-01
   21        6.425287e-01
   22        4.403386e-01
   23       -5.878987e-01
   24       -1.124595e+00
   25       -1.412942e+00
   26        5.095081e-01
   27       -1.887902e+00
   28        1.222687e+00
   29       -1.189669e+00
   30        8.513066e-01
   31       -8.321515e-01
   32       -1.239874e+00
   33        7.864820e-02
   34        1.048284e+00
   35       -1.333186e+00
   36        3.065816e+00
   37        2.096159e+00
   38       -2.697138e-01
   39        8.521354e-01
   40       -1.197493e+00
   41        9.976079e-02
   42       -9.901062e-02
   43       -1.188746e+00
   44        2.996394e-01
   45       -1.225337e+00
   46        5.806578e-01
   47       -1.081279e+00
   48        1.891523e+00
   49       -6.093759e-01
   50       -1.125604e+00
   51       -3.445103e+00
   52       -9.540018e-01
   53        3.839294e-01
   54       -1.142788e-01
   55        1.504183e+00
   56        1.587022e+00
   57       -9.335935e-01
   58       -1.104377e+00
   59        1.289734e+00
   60       -5.353785e-01
   61       -1.600233e-01
   62        5.442088e-01
   63       -1.134511e+00
   64       -1.277787e+00
   65        1.127921e+00
   66       -2.180898e-01
   67       -1.208076e+00
   68       -6.344689e-01
   69       -1.003276e-01
   70        8.697970e-01
   71        1.174082e+00
   72       -5.321746e-01
   73       -1.312644e+00
   74       -1.573314e-01
   75       -1.251693e+00
   76       -3.481019e+00
;
param outliervec:=
    1    0
    2    0
    3    1
    4    1
    5    0
    6    1
    7    0
    8    1
    9    1
   10    1
   11    1
   12    1
   13    1
   14    1
   15    0
   16    1
   17    1
   18    1
   19    1
   20    1
   21    1
   22    1
   23    0
   24    1
   25    1
   26    1
   27    1
   28    1
   29    1
   30    1
   31    1
   32    1
   33    1
   34    1
   35    1
   36    0
   37    0
   38    0
   39    0
   40    1
   41    1
   42    1
   43    1
   44    1
   45    0
   46    1
   47    1
   48    0
   49    1
   50    0
   51    0
   52    0
   53    1
   54    1
   55    1
   56    1
   57    1
   58    1
   59    0
   60    1
   61    0
   62    1
   63    1
   64    0
   65    1
   66    1
   67    0
   68    1
   69    1
   70    1
   71    1
   72    1
   73    1
   74    1
   75    1
   76    0
; 
param greedy_time :=         1.429561e-01
;