data;


param FN:= 0;
param D:= 100;
param U_Original:=
         1         1       -1.125767e-01
         2         1        2.000287e+00
         3         1        2.077074e+00
         4         1        1.252112e+00
         5         1        9.599034e-02
         6         1        4.171473e-01
         7         1       -1.860458e-01
         8         1        1.291318e+00
         9         1        1.442464e+00
        10         1       -1.027873e+00
        11         1       -3.813358e-01
        12         1        9.916348e-01
        13         1       -3.822214e-01
        14         1       -1.424526e+00
        15         1       -1.096856e+00
        16         1        4.156131e-01
        17         1       -1.091623e+00
        18         1        7.610571e-02
        19         1       -2.988952e-01
        20         1        4.055534e-01
        21         1        6.712946e-01
        22         1        9.571354e-01
        23         1       -1.234235e+00
        24         1       -5.024458e-01
        25         1       -1.047399e-01
        26         1       -7.645322e-02
        27         1       -3.693658e-01
        28         1       -1.021663e+00
        29         1       -7.410827e-01
        30         1        2.209953e-02
        31         1        2.052774e-01
        32         1        4.450197e-02
        33         1        1.923241e+00
        34         1        2.310896e-01
        35         1        1.556363e+00
        36         1        1.279547e+00
        37         1       -5.751418e-01
        38         1       -2.220876e-01
        39         1        1.170936e+00
        40         1        1.102857e+00
        41         1       -6.034937e-01
        42         1       -1.554777e+00
        43         1        2.594276e+00
        44         1        7.600683e-02
        45         1        5.992042e-01
        46         1       -4.051140e-01
        47         1        1.009445e+00
        48         1       -2.244023e-01
        49         1        7.316091e-01
        50         1        4.734499e-01
        51         1       -7.079174e-02
        52         1       -2.168358e-01
        53         1       -1.110975e+00
        54         1        3.835095e-01
        55         1        6.564520e-01
        56         1        5.056925e-01
        57         1       -2.792416e-01
        58         1       -9.118402e-01
        59         1       -1.553264e+00
        60         1        1.081004e-01
        61         1        2.167563e+00
        62         1        8.590144e-01
        63         1       -7.046492e-01
        64         1        8.791453e-01
        65         1        5.611855e-01
        66         1       -5.912018e-01
        67         1       -1.823099e-01
        68         1       -9.758604e-01
        69         1        4.207897e-01
        70         1       -8.788128e-01
        71         1       -3.519665e-02
        72         1        1.421155e+00
        73         1       -7.962946e-01
        74         1        1.537382e+00
        75         1        3.446841e-01
        76         1       -2.599637e-01
        77         1        7.415277e-01
        78         1       -1.357212e+00
        79         1        9.982605e-01
        80         1       -2.024626e+00
        81         1       -1.499808e+00
        82         1        2.456917e-01
        83         1        8.483953e-01
        84         1       -1.036180e+00
        85         1       -1.420618e+00
        86         1        1.778744e-02
        87         1        1.956979e-01
        88         1       -5.440213e-01
        89         1        1.480484e-01
        90         1       -2.417726e-01
        91         1       -2.992546e-01
        92         1       -1.615835e+00
        93         1        6.254711e-01
        94         1       -1.327929e+00
        95         1        1.282657e+00
        96         1       -3.660821e-01
        97         1       -8.325382e-01
        98         1       -1.116768e+00
        99         1       -9.007359e-01
       100         1        1.236854e+00
         1         2       -1.577728e+00
         2         2       -1.209630e+00
         3         2        5.945520e-01
         4         2       -3.841034e-01
         5         2       -2.363819e-01
         6         2        9.151922e-01
         7         2       -5.952662e-01
         8         2       -4.288813e-01
         9         2       -5.047342e-01
        10         2        3.137607e-01
        11         2        1.008309e+00
        12         2       -8.781989e-01
        13         2        1.886950e-01
        14         2       -1.299858e+00
        15         2        9.261208e-01
        16         2       -6.132009e-01
        17         2        7.387454e-01
        18         2        1.534197e-01
        19         2       -1.459939e-02
        20         2        3.397827e-01
        21         2       -7.075585e-01
        22         2       -8.123772e-01
        23         2       -3.917123e-01
        24         2       -9.828519e-01
        25         2        8.876716e-01
        26         2        4.236022e-01
        27         2        5.119025e-01
        28         2        2.457936e-01
        29         2        8.774161e-01
        30         2       -7.126381e-01
        31         2        3.257645e-01
        32         2        2.623585e-01
        33         2       -1.150406e+00
        34         2       -4.405535e-01
        35         2        1.055598e+00
        36         2       -8.161372e-02
        37         2       -8.631740e-01
        38         2       -3.189725e-01
        39         2        1.081265e+00
        40         2        8.643274e-01
        41         2        5.578701e-01
        42         2        1.542956e-01
        43         2       -4.839345e-01
        44         2        2.392532e-01
        45         2       -1.195657e+00
        46         2       -1.078977e+00
        47         2        1.245661e+00
        48         2        1.755317e-01
        49         2        3.298263e-01
        50         2        1.047191e+00
        51         2        1.173934e-02
        52         2        1.285165e+00
        53         2       -2.055596e-01
        54         2       -1.710717e-01
        55         2        4.279688e-02
        56         2       -1.341408e+00
        57         2        1.519846e+00
        58         2       -1.019964e+00
        59         2       -1.261048e-01
        60         2       -1.920492e+00
        61         2       -5.499154e-02
        62         2       -1.036554e-01
        63         2        1.216335e+00
        64         2        1.478317e+00
        65         2       -1.573222e+00
        66         2        2.632838e-01
        67         2       -8.333457e-01
        68         2       -5.226558e-01
        69         2       -3.773661e-01
        70         2       -5.494022e-01
        71         2        1.713591e+00
        72         2       -9.296570e-01
        73         2        2.343779e-01
        74         2       -7.230167e-02
        75         2        1.709677e+00
        76         2        3.549384e-01
        77         2       -3.206822e-01
        78         2       -4.593243e-01
        79         2        1.957855e+00
        80         2        1.118059e+00
        81         2       -1.320325e-01
        82         2        8.294385e-01
        83         2       -9.652261e-02
        84         2        4.026407e-01
        85         2        4.391403e-01
        86         2       -1.229871e+00
        87         2       -1.709758e+00
        88         2        1.179502e+00
        89         2        7.009002e-01
        90         2        3.434812e-01
        91         2       -2.651332e-01
        92         2       -7.995053e-01
        93         2        7.884050e-01
        94         2       -2.974370e+00
        95         2        4.340424e-01
        96         2        1.999065e+00
        97         2        1.114783e+00
        98         2       -1.360700e+00
        99         2        4.116129e-01
       100         2        2.592531e-01
         1         3       -2.731340e+00
         2         3       -2.013800e+00
         3         3        1.170936e+00
         4         3        1.130766e+00
         5         3       -8.766906e-01
         6         3        5.872832e-02
         7         3        5.749710e-02
         8         3        1.040379e+00
         9         3        2.877095e-01
        10         3        1.400063e-02
        11         3        2.837886e-01
        12         3        1.386369e-01
        13         3       -6.134453e-01
        14         3        9.635122e-01
        15         3        1.898390e-01
        16         3       -1.320832e+00
        17         3        8.511357e-02
        18         3        2.129782e+00
        19         3        6.764648e-01
        20         3        1.281769e+00
        21         3       -1.490160e+00
        22         3        2.898933e-01
        23         3        8.733369e-02
        24         3        9.140648e-01
        25         3        9.271667e-01
        26         3       -6.482424e-01
        27         3       -7.781776e-01
        28         3       -5.991240e-01
        29         3        6.756122e-01
        30         3        1.293369e+00
        31         3        2.031812e+00
        32         3        1.497699e+00
        33         3        9.302405e-01
        34         3       -1.558520e-01
        35         3        2.121353e-02
        36         3       -1.072399e+00
        37         3       -6.471248e-01
        38         3        9.796465e-01
        39         3       -5.381057e-01
        40         3        3.649480e-01
        41         3       -2.370336e+00
        42         3        1.487555e-01
        43         3        2.011077e+00
        44         3        2.846597e-01
        45         3        3.194260e-01
        46         3       -1.491161e+00
        47         3        5.810485e-01
        48         3        2.153637e-01
        49         3        5.263179e-01
        50         3        8.199903e-01
        51         3       -1.351396e+00
        52         3        1.158426e+00
        53         3        3.803150e-01
        54         3        3.085568e+00
        55         3       -4.577136e-01
        56         3       -5.407949e-01
        57         3        3.843508e-01
        58         3       -7.548053e-01
        59         3        8.281629e-02
        60         3       -1.622919e+00
        61         3        3.357728e-01
        62         3       -6.229241e-01
        63         3        2.088084e-02
        64         3        1.670402e+00
        65         3        8.367540e-01
        66         3        1.382199e+00
        67         3       -7.750384e-01
        68         3        1.951666e-02
        69         3       -1.077770e+00
        70         3        6.489032e-01
        71         3        2.346194e-01
        72         3       -1.929245e+00
        73         3        1.484233e+00
        74         3       -7.703002e-01
        75         3        5.483831e-01
        76         3        3.994872e-01
        77         3        2.597065e-01
        78         3       -8.116101e-01
        79         3        6.693615e-01
        80         3       -4.794223e-01
        81         3       -8.601402e-01
        82         3        2.265265e+00
        83         3       -1.458310e+00
        84         3        3.125810e-01
        85         3        3.064487e-01
        86         3       -9.344844e-01
        87         3        1.882328e+00
        88         3        8.598628e-01
        89         3        1.840444e+00
        90         3       -4.861630e-01
        91         3        4.466282e-01
        92         3        5.399729e-01
        93         3        1.227776e+00
        94         3       -7.640265e-01
        95         3        1.273392e-01
        96         3       -7.995324e-02
        97         3        1.703557e+00
        98         3        5.337580e-01
        99         3        7.939442e-01
       100         3        1.083516e+00
         1         4       -4.562006e-01
         2         4        7.007739e-01
         3         4        3.851256e-01
         4         4       -1.368445e-01
         5         4        1.373346e+00
         6         4       -3.619999e-01
         7         4       -4.517015e-01
         8         4       -1.470106e-01
         9         4       -2.347208e+00
        10         4       -5.525613e-01
        11         4        6.055106e-01
        12         4       -4.986973e-01
        13         4       -3.931780e-01
        14         4       -1.559152e-01
        15         4        6.393849e-01
        16         4       -1.120548e+00
        17         4       -1.325096e+00
        18         4        1.850492e-01
        19         4       -3.211751e-01
        20         4       -7.046142e-01
        21         4        1.059152e+00
        22         4       -2.184504e+00
        23         4        7.414409e-01
        24         4        8.357423e-01
        25         4        6.885990e-01
        26         4        2.758455e-01
        27         4       -3.513952e-01
        28         4        1.014900e+00
        29         4        1.166610e+00
        30         4        1.347552e+00
        31         4       -4.661026e-01
        32         4        1.200852e+00
        33         4       -1.282441e+00
        34         4        4.906151e-01
        35         4        1.004642e+00
        36         4        3.114104e-01
        37         4        3.851240e-01
        38         4        1.438614e+00
        39         4        1.143458e+00
        40         4        3.412534e-01
        41         4        1.515474e+00
        42         4        1.937762e+00
        43         4       -8.022773e-01
        44         4       -7.613395e-01
        45         4        8.149466e-01
        46         4       -6.176048e-02
        47         4       -1.648441e-01
        48         4        1.159230e+00
        49         4        3.207347e-01
        50         4       -2.158994e-01
        51         4       -5.952423e-01
        52         4       -4.821755e-02
        53         4        4.435991e-02
        54         4        3.218643e-01
        55         4       -2.921244e-01
        56         4        2.640334e-01
        57         4       -3.351509e-01
        58         4       -1.485744e+00
        59         4       -2.116159e-01
        60         4       -4.819072e-01
        61         4       -8.471891e-01
        62         4        1.670293e+00
        63         4       -1.705110e+00
        64         4        9.090075e-02
        65         4        5.181763e-02
        66         4       -5.044259e-01
        67         4       -4.765984e-01
        68         4        3.077305e-02
        69         4       -1.802144e-01
        70         4       -1.034595e+00
        71         4        9.418708e-01
        72         4       -4.807990e-01
        73         4        6.480473e-01
        74         4       -1.432187e+00
        75         4       -5.282324e-02
        76         4       -2.783758e-01
        77         4       -1.064593e+00
        78         4        1.796783e-01
        79         4       -4.716482e-01
        80         4        5.843536e-01
        81         4       -7.816728e-01
        82         4        6.855704e-01
        83         4        1.340742e+00
        84         4        8.747535e-01
        85         4       -6.915136e-01
        86         4        5.435825e-01
        87         4        1.872235e-01
        88         4        2.363671e-01
        89         4       -1.060598e+00
        90         4        9.426263e-02
        91         4        2.548810e-01
        92         4       -1.083888e+00
        93         4       -4.131661e-01
        94         4       -4.597687e-01
        95         4       -1.254795e-01
        96         4       -1.095406e+00
        97         4       -8.106238e-01
        98         4       -1.611650e-01
        99         4        3.856487e-01
       100         4        5.601207e-01
         1         5       -2.558741e+00
         2         5        4.600409e-01
         3         5       -8.519907e-01
         4         5       -1.010246e+00
         5         5        1.405673e+00
         6         5       -6.961316e-01
         7         5        1.900276e-02
         8         5       -2.302232e+00
         9         5        2.149685e-01
        10         5       -1.182345e-01
        11         5       -4.670840e-01
        12         5       -1.412877e+00
        13         5        5.511550e-01
        14         5       -1.285144e+00
        15         5       -1.533983e-01
        16         5        3.612820e-01
        17         5       -9.710250e-01
        18         5       -5.367363e-01
        19         5        5.412644e-01
        20         5        1.544927e+00
        21         5        1.410568e+00
        22         5        9.383076e-01
        23         5        8.557142e-01
        24         5       -4.635463e-01
        25         5       -1.479491e+00
        26         5       -1.032158e+00
        27         5       -6.790884e-01
        28         5        4.071330e-01
        29         5        7.083842e-02
        30         5       -9.749510e-01
        31         5       -6.774171e-02
        32         5       -6.815953e-01
        33         5       -1.308485e-01
        34         5       -6.184588e-01
        35         5        9.133261e-02
        36         5        3.065140e-01
        37         5        2.323280e-01
        38         5       -3.965297e-01
        39         5       -6.760776e-01
        40         5       -2.459375e+00
        41         5        2.060173e-01
        42         5       -3.802393e-01
        43         5       -1.184311e+00
        44         5        6.149006e-01
        45         5        7.533439e-01
        46         5        2.830297e-01
        47         5       -1.836872e-01
        48         5       -9.250441e-01
        49         5        1.701271e-01
        50         5       -1.992729e+00
        51         5        1.097473e+00
        52         5        3.945694e-01
        53         5        2.392270e-01
        54         5        5.629402e-01
        55         5       -1.663223e+00
        56         5        3.427476e-01
        57         5       -9.298950e-01
        58         5        1.168498e-01
        59         5       -7.201161e-01
        60         5        1.005496e+00
        61         5        7.025291e-01
        62         5        9.931674e-02
        63         5       -4.831715e-01
        64         5        1.181472e+00
        65         5       -3.765744e-01
        66         5        1.118588e+00
        67         5        1.651207e+00
        68         5       -3.038488e-01
        69         5       -8.514258e-01
        70         5       -2.164482e-01
        71         5        9.728705e-01
        72         5        7.485268e-01
        73         5       -1.007206e+00
        74         5       -9.272146e-01
        75         5       -8.802352e-01
        76         5       -3.523136e-01
        77         5        9.880618e-01
        78         5       -2.420175e-02
        79         5       -1.883978e+00
        80         5        3.108221e-01
        81         5        9.185509e-01
        82         5       -1.639670e+00
        83         5       -7.459981e-01
        84         5        1.004981e-01
        85         5        7.858515e-01
        86         5       -2.305040e+00
        87         5       -8.128253e-01
        88         5       -3.849227e-01
        89         5       -1.942847e+00
        90         5        4.879335e-01
        91         5       -6.084616e-01
        92         5       -3.545288e-01
        93         5        1.000848e+00
        94         5       -9.055193e-02
        95         5       -3.083943e-02
        96         5       -8.115140e-01
        97         5        4.279015e-01
        98         5        6.146507e-01
        99         5       -7.414681e-02
       100         5       -1.083756e-01
;
param X_Original:=
    1        9.730266e-01
    2       -2.740439e-01
    3        6.037471e-01
    4        7.122960e-01
    5       -9.044848e-01
    6        9.325631e-01
    7       -1.825495e+00
    8       -1.022061e+00
    9       -1.222776e+00
   10       -9.812471e-01
   11        1.500135e+00
   12        9.427021e-01
   13       -9.278247e-01
   14       -1.158258e+00
   15       -2.097232e+00
   16        1.196722e+00
   17        4.069670e-02
   18        1.155787e+00
   19        1.162736e+00
   20        1.030334e+00
   21       -5.460810e-01
   22        1.371887e+00
   23       -5.144029e-01
   24       -9.905599e-01
   25        3.382881e+00
   26        2.764896e-02
   27       -8.030915e-01
   28        5.329152e-01
   29       -1.616807e+00
   30        6.287807e-01
   31        1.330259e+00
   32        1.556855e+00
   33       -1.612796e+00
   34       -8.203022e-01
   35        6.713269e-01
   36        3.879709e-01
   37        3.346518e-01
   38        1.564671e+00
   39        1.827123e-01
   40        7.107685e-01
   41        1.680702e+00
   42       -9.759645e-01
   43        1.505983e+00
   44        5.586233e-01
   45        5.355694e-01
   46       -4.317774e+00
   47       -1.784473e+00
   48       -1.243798e+00
   49        1.629189e+00
   50        4.497442e-01
   51       -1.658953e+00
   52       -2.022591e+00
   53       -3.019008e-01
   54       -1.249734e+00
   55       -9.910010e-01
   56       -1.032522e+00
   57        2.622649e+00
   58        1.562518e+00
   59       -3.869432e-01
   60       -5.864601e-01
   61        1.442907e+00
   62       -5.290959e-01
   63       -1.231941e-01
   64       -9.550089e-01
   65       -9.566912e-02
   66        1.189142e+00
   67       -2.835527e+00
   68       -2.135743e+00
   69        7.433289e-01
   70        1.163546e+00
   71        1.371067e+00
   72        1.048301e+00
   73       -5.924024e-01
   74        2.998683e-02
   75        3.388679e+00
   76        1.222317e+00
   77       -6.292521e-01
   78       -2.750203e+00
   79        4.841817e+00
   80       -1.209936e+00
   81       -7.921776e-01
   82        6.237307e+00
   83       -7.460976e-01
   84       -5.728819e-02
   85        9.935928e-01
   86        3.749981e-02
   87       -1.579326e+00
   88        2.709603e+00
   89        1.720662e+00
   90       -4.138626e-01
   91       -1.267307e+00
   92       -2.546582e-01
   93       -3.978699e-01
   94        4.952595e-01
   95       -1.570213e+00
   96       -4.722573e-01
   97        2.603929e-02
   98       -4.136895e-01
   99        1.811887e-01
  100       -2.701678e-01
;
param outliervec_original :=
    1    1
    2    1
    3    1
    4    1
    5    1
    6    1
    7    1
    8    1
    9    1
   10    1
   11    1
   12    1
   13    1
   14    1
   15    1
   16    1
   17    1
   18    1
   19    1
   20    1
   21    1
   22    1
   23    1
   24    1
   25    0
   26    1
   27    0
   28    1
   29    1
   30    1
   31    1
   32    1
   33    1
   34    1
   35    1
   36    1
   37    1
   38    0
   39    1
   40    1
   41    1
   42    1
   43    1
   44    0
   45    1
   46    0
   47    1
   48    1
   49    1
   50    1
   51    1
   52    1
   53    1
   54    1
   55    1
   56    1
   57    0
   58    1
   59    1
   60    1
   61    0
   62    1
   63    1
   64    1
   65    1
   66    1
   67    1
   68    1
   69    1
   70    1
   71    0
   72    1
   73    1
   74    1
   75    0
   76    0
   77    1
   78    0
   79    0
   80    0
   81    1
   82    0
   83    1
   84    1
   85    1
   86    1
   87    1
   88    0
   89    1
   90    1
   91    1
   92    1
   93    1
   94    1
   95    1
   96    1
   97    1
   98    1
   99    1
  100    1
;
param d:= 74;
param r:=5;
param p:=0.840000;
param M:=1000;
param U:=
         1         1        1.252112e+00
         2         1        9.599034e-02
         3         1        4.171473e-01
         4         1       -1.860458e-01
         5         1        1.442464e+00
         6         1       -1.027873e+00
         7         1       -3.813358e-01
         8         1        9.916348e-01
         9         1       -3.822214e-01
        10         1       -1.424526e+00
        11         1       -1.091623e+00
        12         1        7.610571e-02
        13         1       -2.988952e-01
        14         1        4.055534e-01
        15         1        6.712946e-01
        16         1       -1.234235e+00
        17         1       -5.024458e-01
        18         1       -1.047399e-01
        19         1       -7.645322e-02
        20         1       -3.693658e-01
        21         1       -1.021663e+00
        22         1        2.209953e-02
        23         1        2.052774e-01
        24         1        4.450197e-02
        25         1        1.923241e+00
        26         1        2.310896e-01
        27         1        1.556363e+00
        28         1        1.279547e+00
        29         1       -2.220876e-01
        30         1        1.170936e+00
        31         1        1.102857e+00
        32         1       -1.554777e+00
        33         1        2.594276e+00
        34         1        7.600683e-02
        35         1        5.992042e-01
        36         1       -4.051140e-01
        37         1       -2.244023e-01
        38         1        7.316091e-01
        39         1        4.734499e-01
        40         1       -7.079174e-02
        41         1       -1.110975e+00
        42         1        6.564520e-01
        43         1        5.056925e-01
        44         1       -2.792416e-01
        45         1       -1.553264e+00
        46         1        2.167563e+00
        47         1        8.590144e-01
        48         1       -7.046492e-01
        49         1        5.611855e-01
        50         1       -5.912018e-01
        51         1       -1.823099e-01
        52         1       -9.758604e-01
        53         1       -8.788128e-01
        54         1       -3.519665e-02
        55         1        1.537382e+00
        56         1        3.446841e-01
        57         1       -2.599637e-01
        58         1        7.415277e-01
        59         1       -1.357212e+00
        60         1        9.982605e-01
        61         1       -2.024626e+00
        62         1       -1.499808e+00
        63         1        2.456917e-01
        64         1        8.483953e-01
        65         1       -1.036180e+00
        66         1       -1.420618e+00
        67         1        1.956979e-01
        68         1       -5.440213e-01
        69         1        1.480484e-01
        70         1       -2.417726e-01
        71         1       -2.992546e-01
        72         1       -1.615835e+00
        73         1       -1.116768e+00
        74         1       -9.007359e-01
         1         2       -3.841034e-01
         2         2       -2.363819e-01
         3         2        9.151922e-01
         4         2       -5.952662e-01
         5         2       -5.047342e-01
         6         2        3.137607e-01
         7         2        1.008309e+00
         8         2       -8.781989e-01
         9         2        1.886950e-01
        10         2       -1.299858e+00
        11         2        7.387454e-01
        12         2        1.534197e-01
        13         2       -1.459939e-02
        14         2        3.397827e-01
        15         2       -7.075585e-01
        16         2       -3.917123e-01
        17         2       -9.828519e-01
        18         2        8.876716e-01
        19         2        4.236022e-01
        20         2        5.119025e-01
        21         2        2.457936e-01
        22         2       -7.126381e-01
        23         2        3.257645e-01
        24         2        2.623585e-01
        25         2       -1.150406e+00
        26         2       -4.405535e-01
        27         2        1.055598e+00
        28         2       -8.161372e-02
        29         2       -3.189725e-01
        30         2        1.081265e+00
        31         2        8.643274e-01
        32         2        1.542956e-01
        33         2       -4.839345e-01
        34         2        2.392532e-01
        35         2       -1.195657e+00
        36         2       -1.078977e+00
        37         2        1.755317e-01
        38         2        3.298263e-01
        39         2        1.047191e+00
        40         2        1.173934e-02
        41         2       -2.055596e-01
        42         2        4.279688e-02
        43         2       -1.341408e+00
        44         2        1.519846e+00
        45         2       -1.261048e-01
        46         2       -5.499154e-02
        47         2       -1.036554e-01
        48         2        1.216335e+00
        49         2       -1.573222e+00
        50         2        2.632838e-01
        51         2       -8.333457e-01
        52         2       -5.226558e-01
        53         2       -5.494022e-01
        54         2        1.713591e+00
        55         2       -7.230167e-02
        56         2        1.709677e+00
        57         2        3.549384e-01
        58         2       -3.206822e-01
        59         2       -4.593243e-01
        60         2        1.957855e+00
        61         2        1.118059e+00
        62         2       -1.320325e-01
        63         2        8.294385e-01
        64         2       -9.652261e-02
        65         2        4.026407e-01
        66         2        4.391403e-01
        67         2       -1.709758e+00
        68         2        1.179502e+00
        69         2        7.009002e-01
        70         2        3.434812e-01
        71         2       -2.651332e-01
        72         2       -7.995053e-01
        73         2       -1.360700e+00
        74         2        4.116129e-01
         1         3        1.130766e+00
         2         3       -8.766906e-01
         3         3        5.872832e-02
         4         3        5.749710e-02
         5         3        2.877095e-01
         6         3        1.400063e-02
         7         3        2.837886e-01
         8         3        1.386369e-01
         9         3       -6.134453e-01
        10         3        9.635122e-01
        11         3        8.511357e-02
        12         3        2.129782e+00
        13         3        6.764648e-01
        14         3        1.281769e+00
        15         3       -1.490160e+00
        16         3        8.733369e-02
        17         3        9.140648e-01
        18         3        9.271667e-01
        19         3       -6.482424e-01
        20         3       -7.781776e-01
        21         3       -5.991240e-01
        22         3        1.293369e+00
        23         3        2.031812e+00
        24         3        1.497699e+00
        25         3        9.302405e-01
        26         3       -1.558520e-01
        27         3        2.121353e-02
        28         3       -1.072399e+00
        29         3        9.796465e-01
        30         3       -5.381057e-01
        31         3        3.649480e-01
        32         3        1.487555e-01
        33         3        2.011077e+00
        34         3        2.846597e-01
        35         3        3.194260e-01
        36         3       -1.491161e+00
        37         3        2.153637e-01
        38         3        5.263179e-01
        39         3        8.199903e-01
        40         3       -1.351396e+00
        41         3        3.803150e-01
        42         3       -4.577136e-01
        43         3       -5.407949e-01
        44         3        3.843508e-01
        45         3        8.281629e-02
        46         3        3.357728e-01
        47         3       -6.229241e-01
        48         3        2.088084e-02
        49         3        8.367540e-01
        50         3        1.382199e+00
        51         3       -7.750384e-01
        52         3        1.951666e-02
        53         3        6.489032e-01
        54         3        2.346194e-01
        55         3       -7.703002e-01
        56         3        5.483831e-01
        57         3        3.994872e-01
        58         3        2.597065e-01
        59         3       -8.116101e-01
        60         3        6.693615e-01
        61         3       -4.794223e-01
        62         3       -8.601402e-01
        63         3        2.265265e+00
        64         3       -1.458310e+00
        65         3        3.125810e-01
        66         3        3.064487e-01
        67         3        1.882328e+00
        68         3        8.598628e-01
        69         3        1.840444e+00
        70         3       -4.861630e-01
        71         3        4.466282e-01
        72         3        5.399729e-01
        73         3        5.337580e-01
        74         3        7.939442e-01
         1         4       -1.368445e-01
         2         4        1.373346e+00
         3         4       -3.619999e-01
         4         4       -4.517015e-01
         5         4       -2.347208e+00
         6         4       -5.525613e-01
         7         4        6.055106e-01
         8         4       -4.986973e-01
         9         4       -3.931780e-01
        10         4       -1.559152e-01
        11         4       -1.325096e+00
        12         4        1.850492e-01
        13         4       -3.211751e-01
        14         4       -7.046142e-01
        15         4        1.059152e+00
        16         4        7.414409e-01
        17         4        8.357423e-01
        18         4        6.885990e-01
        19         4        2.758455e-01
        20         4       -3.513952e-01
        21         4        1.014900e+00
        22         4        1.347552e+00
        23         4       -4.661026e-01
        24         4        1.200852e+00
        25         4       -1.282441e+00
        26         4        4.906151e-01
        27         4        1.004642e+00
        28         4        3.114104e-01
        29         4        1.438614e+00
        30         4        1.143458e+00
        31         4        3.412534e-01
        32         4        1.937762e+00
        33         4       -8.022773e-01
        34         4       -7.613395e-01
        35         4        8.149466e-01
        36         4       -6.176048e-02
        37         4        1.159230e+00
        38         4        3.207347e-01
        39         4       -2.158994e-01
        40         4       -5.952423e-01
        41         4        4.435991e-02
        42         4       -2.921244e-01
        43         4        2.640334e-01
        44         4       -3.351509e-01
        45         4       -2.116159e-01
        46         4       -8.471891e-01
        47         4        1.670293e+00
        48         4       -1.705110e+00
        49         4        5.181763e-02
        50         4       -5.044259e-01
        51         4       -4.765984e-01
        52         4        3.077305e-02
        53         4       -1.034595e+00
        54         4        9.418708e-01
        55         4       -1.432187e+00
        56         4       -5.282324e-02
        57         4       -2.783758e-01
        58         4       -1.064593e+00
        59         4        1.796783e-01
        60         4       -4.716482e-01
        61         4        5.843536e-01
        62         4       -7.816728e-01
        63         4        6.855704e-01
        64         4        1.340742e+00
        65         4        8.747535e-01
        66         4       -6.915136e-01
        67         4        1.872235e-01
        68         4        2.363671e-01
        69         4       -1.060598e+00
        70         4        9.426263e-02
        71         4        2.548810e-01
        72         4       -1.083888e+00
        73         4       -1.611650e-01
        74         4        3.856487e-01
         1         5       -1.010246e+00
         2         5        1.405673e+00
         3         5       -6.961316e-01
         4         5        1.900276e-02
         5         5        2.149685e-01
         6         5       -1.182345e-01
         7         5       -4.670840e-01
         8         5       -1.412877e+00
         9         5        5.511550e-01
        10         5       -1.285144e+00
        11         5       -9.710250e-01
        12         5       -5.367363e-01
        13         5        5.412644e-01
        14         5        1.544927e+00
        15         5        1.410568e+00
        16         5        8.557142e-01
        17         5       -4.635463e-01
        18         5       -1.479491e+00
        19         5       -1.032158e+00
        20         5       -6.790884e-01
        21         5        4.071330e-01
        22         5       -9.749510e-01
        23         5       -6.774171e-02
        24         5       -6.815953e-01
        25         5       -1.308485e-01
        26         5       -6.184588e-01
        27         5        9.133261e-02
        28         5        3.065140e-01
        29         5       -3.965297e-01
        30         5       -6.760776e-01
        31         5       -2.459375e+00
        32         5       -3.802393e-01
        33         5       -1.184311e+00
        34         5        6.149006e-01
        35         5        7.533439e-01
        36         5        2.830297e-01
        37         5       -9.250441e-01
        38         5        1.701271e-01
        39         5       -1.992729e+00
        40         5        1.097473e+00
        41         5        2.392270e-01
        42         5       -1.663223e+00
        43         5        3.427476e-01
        44         5       -9.298950e-01
        45         5       -7.201161e-01
        46         5        7.025291e-01
        47         5        9.931674e-02
        48         5       -4.831715e-01
        49         5       -3.765744e-01
        50         5        1.118588e+00
        51         5        1.651207e+00
        52         5       -3.038488e-01
        53         5       -2.164482e-01
        54         5        9.728705e-01
        55         5       -9.272146e-01
        56         5       -8.802352e-01
        57         5       -3.523136e-01
        58         5        9.880618e-01
        59         5       -2.420175e-02
        60         5       -1.883978e+00
        61         5        3.108221e-01
        62         5        9.185509e-01
        63         5       -1.639670e+00
        64         5       -7.459981e-01
        65         5        1.004981e-01
        66         5        7.858515e-01
        67         5       -8.128253e-01
        68         5       -3.849227e-01
        69         5       -1.942847e+00
        70         5        4.879335e-01
        71         5       -6.084616e-01
        72         5       -3.545288e-01
        73         5        6.146507e-01
        74         5       -7.414681e-02
;

param theta:=
    1        5.265393e-01
    2        9.407057e-01
    3        1.966024e+00
    4       -1.223527e-01
    5       -5.842635e-01
;
param X_true:=
    1        3.128064e+00
    2       -2.884734e+00
    3        1.647048e+00
    4       -5.007257e-01
    5        1.011941e+00
    6       -8.184587e-02
    7        1.504483e+00
    8        8.550811e-01
    9       -1.503710e+00
   10        6.913754e-01
   11        1.016958e+00
   12        4.662553e+00
   13        8.818882e-01
   14        2.236731e+00
   15       -4.195566e+00
   16       -1.437339e+00
   17        7.765196e-01
   18        3.382881e+00
   19       -3.469293e-01
   20       -8.030915e-01
   21       -1.846667e+00
   22        2.288799e+00
   23        4.505735e+00
   24        3.466051e+00
   25        1.992705e+00
   26       -2.978474e-01
   27        1.677917e+00
   28       -1.728592e+00
   29        1.564671e+00
   30        8.308693e-01
   31        3.506441e+00
   32       -3.959781e-01
   33        5.654685e+00
   34        5.586233e-01
   35       -7.211195e-01
   36       -4.317774e+00
   37        8.690117e-01
   38        1.591602e+00
   39        4.037204e+00
   40       -3.251492e+00
   41       -1.758338e-01
   42        4.935335e-01
   43       -2.291379e+00
   44        2.622649e+00
   45       -3.270339e-01
   46        1.442907e+00
   47       -1.132280e+00
   48        1.305165e+00
   49        6.743050e-01
   50        2.061986e+00
   51       -3.310098e+00
   52       -7.933613e-01
   53        5.492526e-01
   54        1.371067e+00
   55       -5.598187e-02
   56        3.388679e+00
   57        1.222317e+00
   58        1.523328e-01
   59       -2.750203e+00
   60        4.841817e+00
   61       -1.209936e+00
   62       -3.046004e+00
   63        6.237307e+00
   64       -2.239343e+00
   65        2.819727e-01
   66       -1.069594e-01
   67        2.647363e+00
   68        2.709603e+00
   69        5.620554e+00
   70       -1.056611e+00
   71        7.954167e-01
   72       -2.015452e-01
   73       -1.158058e+00
   74        1.469983e+00
;
param X:=
    1        7.122960e-01
    2       -9.044848e-01
    3        9.325631e-01
    4       -1.825495e+00
    5       -1.222776e+00
    6       -9.812471e-01
    7        1.500135e+00
    8        9.427021e-01
    9       -9.278247e-01
   10       -1.158258e+00
   11        4.069670e-02
   12        1.155787e+00
   13        1.162736e+00
   14        1.030334e+00
   15       -5.460810e-01
   16       -5.144029e-01
   17       -9.905599e-01
   18        3.382881e+00
   19        2.764896e-02
   20       -8.030915e-01
   21        5.329152e-01
   22        6.287807e-01
   23        1.330259e+00
   24        1.556855e+00
   25       -1.612796e+00
   26       -8.203022e-01
   27        6.713269e-01
   28        3.879709e-01
   29        1.564671e+00
   30        1.827123e-01
   31        7.107685e-01
   32       -9.759645e-01
   33        1.505983e+00
   34        5.586233e-01
   35        5.355694e-01
   36       -4.317774e+00
   37       -1.243798e+00
   38        1.629189e+00
   39        4.497442e-01
   40       -1.658953e+00
   41       -3.019008e-01
   42       -9.910010e-01
   43       -1.032522e+00
   44        2.622649e+00
   45       -3.869432e-01
   46        1.442907e+00
   47       -5.290959e-01
   48       -1.231941e-01
   49       -9.566912e-02
   50        1.189142e+00
   51       -2.835527e+00
   52       -2.135743e+00
   53        1.163546e+00
   54        1.371067e+00
   55        2.998683e-02
   56        3.388679e+00
   57        1.222317e+00
   58       -6.292521e-01
   59       -2.750203e+00
   60        4.841817e+00
   61       -1.209936e+00
   62       -7.921776e-01
   63        6.237307e+00
   64       -7.460976e-01
   65       -5.728819e-02
   66        9.935928e-01
   67       -1.579326e+00
   68        2.709603e+00
   69        1.720662e+00
   70       -4.138626e-01
   71       -1.267307e+00
   72       -2.546582e-01
   73       -4.136895e-01
   74        1.811887e-01
;
param outliervec:=
    1    1
    2    1
    3    1
    4    1
    5    1
    6    1
    7    1
    8    1
    9    1
   10    1
   11    1
   12    1
   13    1
   14    1
   15    1
   16    1
   17    1
   18    0
   19    1
   20    0
   21    1
   22    1
   23    1
   24    1
   25    1
   26    1
   27    1
   28    1
   29    0
   30    1
   31    1
   32    1
   33    1
   34    0
   35    1
   36    0
   37    1
   38    1
   39    1
   40    1
   41    1
   42    1
   43    1
   44    0
   45    1
   46    0
   47    1
   48    1
   49    1
   50    1
   51    1
   52    1
   53    1
   54    0
   55    1
   56    0
   57    0
   58    1
   59    0
   60    0
   61    0
   62    1
   63    0
   64    1
   65    1
   66    1
   67    1
   68    0
   69    1
   70    1
   71    1
   72    1
   73    1
   74    1
; 
param greedy_time :=         2.128049e-01
;