data;


param FN:= 0;
param D:= 100;
param U_Original:=
         1         1       -1.686372e+00
         2         1        1.759940e+00
         3         1        8.887786e-01
         4         1       -1.555075e+00
         5         1        1.110551e-01
         6         1        1.262865e+00
         7         1       -6.359709e-01
         8         1       -2.108966e+00
         9         1        3.374675e-01
        10         1       -1.184513e+00
        11         1        7.021407e-01
        12         1        1.419196e+00
        13         1        1.252919e-01
        14         1       -4.921241e-01
        15         1        3.832500e-01
        16         1       -1.530632e+00
        17         1        5.789927e-01
        18         1       -1.290986e+00
        19         1       -1.085182e+00
        20         1        4.297316e-01
        21         1        7.584472e-01
        22         1        1.839894e-01
        23         1        1.097883e-01
        24         1       -4.781907e-01
        25         1       -1.488482e+00
        26         1        9.169419e-01
        27         1        4.991925e-01
        28         1        6.529450e-01
        29         1       -1.090224e+00
        30         1        3.200380e-01
        31         1        8.005603e-01
        32         1        4.775399e-01
        33         1        1.844282e-01
        34         1       -6.937285e-01
        35         1       -1.434010e-01
        36         1        9.336595e-01
        37         1        6.732132e-02
        38         1       -1.093684e+00
        39         1        3.204745e-01
        40         1       -1.280971e+00
        41         1       -1.325110e+00
        42         1        5.341039e-01
        43         1       -7.858901e-02
        44         1       -4.368005e-01
        45         1        4.983275e-01
        46         1        1.427318e+00
        47         1        5.524590e-01
        48         1       -2.366484e+00
        49         1        2.090014e-01
        50         1        1.634308e-01
        51         1       -1.664713e-01
        52         1        2.203097e-01
        53         1       -1.341808e+00
        54         1       -6.938672e-01
        55         1       -2.692440e-01
        56         1       -2.177817e-01
        57         1        9.113240e-01
        58         1       -1.720697e-01
        59         1       -8.556835e-02
        60         1        2.026746e+00
        61         1       -4.651315e-01
        62         1       -1.109097e+00
        63         1       -1.040978e-01
        64         1        1.521451e-01
        65         1        7.574460e-01
        66         1        4.781076e-01
        67         1        3.024256e-01
        68         1       -8.537794e-01
        69         1       -1.916564e-01
        70         1       -3.000507e+00
        71         1       -8.178239e-01
        72         1        1.505533e+00
        73         1       -1.099137e+00
        74         1        2.096015e+00
        75         1        6.986149e-01
        76         1       -2.837778e-01
        77         1       -1.107661e-01
        78         1        1.350624e-01
        79         1       -2.379315e+00
        80         1        8.194613e-01
        81         1        2.876704e-01
        82         1       -1.984120e+00
        83         1       -4.082477e-01
        84         1       -9.241233e-01
        85         1       -1.160185e+00
        86         1        1.717805e+00
        87         1       -1.184376e+00
        88         1       -1.015694e+00
        89         1        2.570517e-01
        90         1        3.637412e-01
        91         1       -9.284449e-03
        92         1       -4.956369e-01
        93         1        2.322494e-01
        94         1        2.296903e+00
        95         1        1.232550e+00
        96         1       -4.370413e-01
        97         1        1.063448e+00
        98         1        2.399056e+00
        99         1        1.621248e+00
       100         1        2.560392e-01
         1         2       -2.652748e-01
         2         2       -2.554931e+00
         3         2        1.441418e+00
         4         2       -8.866981e-02
         5         2       -1.780810e-01
         6         2       -1.381078e-01
         7         2       -1.081844e+00
         8         2       -8.580434e-01
         9         2        3.799248e-02
        10         2        3.177761e-01
        11         2       -2.128803e+00
        12         2       -8.777890e-01
        13         2       -4.839540e-01
        14         2       -8.686172e-01
        15         2       -4.219780e-01
        16         2        1.863543e+00
        17         2        8.632124e-01
        18         2        1.687333e+00
        19         2       -4.230492e-01
        20         2       -1.240890e+00
        21         2       -6.151758e-01
        22         2        8.942187e-01
        23         2        1.514483e+00
        24         2       -5.296056e-01
        25         2        1.225422e-01
        26         2        2.662108e-01
        27         2       -2.455097e-01
        28         2       -6.062449e-01
        29         2       -4.158155e-01
        30         2        7.093496e-01
        31         2       -1.144615e+00
        32         2        3.974321e-01
        33         2       -1.045757e+00
        34         2        1.091212e+00
        35         2        1.014738e+00
        36         2       -1.507544e+00
        37         2        9.277896e-02
        38         2        3.906648e-02
        39         2        8.625180e-01
        40         2        1.296509e+00
        41         2       -1.407736e-02
        42         2        2.468858e+00
        43         2        1.592470e+00
        44         2        1.311272e+00
        45         2        2.235270e-01
        46         2       -6.413772e-01
        47         2        2.068807e-01
        48         2       -7.352158e-01
        49         2       -7.316338e-01
        50         2       -3.624472e-01
        51         2       -9.647183e-01
        52         2        7.284145e-01
        53         2        3.274318e-01
        54         2        1.072380e+00
        55         2       -1.727819e-01
        56         2       -1.636837e+00
        57         2        1.834714e-01
        58         2        4.882960e-01
        59         2       -2.271902e+00
        60         2       -5.890052e-01
        61         2       -3.201168e-01
        62         2        7.410853e-01
        63         2        1.121284e+00
        64         2       -4.384256e-01
        65         2        5.832702e-01
        66         2        1.051522e+00
        67         2        9.419242e-01
        68         2        1.796801e-02
        69         2        9.640245e-01
        70         2       -2.077131e+00
        71         2        9.680703e-01
        72         2       -1.605305e-01
        73         2       -6.169851e-01
        74         2       -1.465270e-01
        75         2        2.704166e-01
        76         2        2.657207e-01
        77         2       -3.953197e-01
        78         2        3.513689e-01
        79         2       -1.542687e-01
        80         2        1.150439e+00
        81         2       -6.107198e-01
        82         2       -6.351663e-01
        83         2        8.990940e-01
        84         2       -9.541165e-01
        85         2        4.418325e-01
        86         2        5.997147e-01
        87         2        1.047473e+00
        88         2       -1.330518e+00
        89         2        2.581966e-01
        90         2        1.364433e+00
        91         2       -2.406241e-01
        92         2       -4.183148e-01
        93         2        9.582564e-02
        94         2        1.810995e-01
        95         2        2.560301e-01
        96         2        8.146563e-01
        97         2        8.570090e-01
        98         2       -2.014370e+00
        99         2       -1.237247e+00
       100         2        1.321146e+00
         1         3       -5.450105e-01
         2         3       -1.023676e+00
         3         3        3.640412e-01
         4         3        4.830919e-01
         5         3       -7.092674e-01
         6         3        1.412670e+00
         7         3       -6.904371e-01
         8         3        8.248218e-01
         9         3       -6.364036e-01
        10         3       -6.170933e-01
        11         3       -5.105168e-01
        12         3        8.078014e-03
        13         3       -4.077342e-01
        14         3       -2.213756e-01
        15         3       -4.623466e-01
        16         3       -8.882759e-01
        17         3        2.171134e+00
        18         3        1.173855e+00
        19         3        1.077936e+00
        20         3       -1.702567e+00
        21         3       -1.098455e-01
        22         3       -3.846155e-01
        23         3        1.492024e+00
        24         3        5.930249e-01
        25         3       -1.564445e+00
        26         3        1.741527e-01
        27         3        1.561909e-01
        28         3       -8.347623e-01
        29         3        1.195720e+00
        30         3       -2.090065e+00
        31         3        2.449242e-01
        32         3       -1.747529e-01
        33         3       -8.018601e-02
        34         3        1.333649e+00
        35         3        2.448060e+00
        36         3       -2.716577e-01
        37         3       -6.973969e-01
        38         3       -8.502529e-01
        39         3       -2.085666e-01
        40         3       -8.973242e-01
        41         3       -1.584350e-01
        42         3        9.258767e-01
        43         3       -6.798860e-01
        44         3        8.879530e-01
        45         3       -1.138133e+00
        46         3        2.121723e-01
        47         3       -4.553609e-02
        48         3        3.472256e-01
        49         3       -1.055241e+00
        50         3       -5.840429e-01
        51         3       -1.118880e+00
        52         3       -3.501861e-01
        53         3       -7.032075e-01
        54         3       -7.439246e-01
        55         3        1.649604e+00
        56         3        1.262816e+00
        57         3       -4.957805e-01
        58         3        7.809384e-01
        59         3        2.536436e-02
        60         3       -2.180136e+00
        61         3        1.621567e+00
        62         3        6.261934e-01
        63         3        5.474597e-01
        64         3       -8.037028e-01
        65         3        2.965296e-01
        66         3       -6.136485e-01
        67         3       -5.729746e-01
        68         3       -4.567187e-01
        69         3       -1.251643e-01
        70         3       -1.750866e+00
        71         3       -4.018190e-01
        72         3        5.496184e-02
        73         3       -6.407754e-01
        74         3       -1.225959e+00
        75         3       -6.613298e-01
        76         3       -5.668768e-02
        77         3        8.660643e-02
        78         3       -4.565204e-01
        79         3       -1.066795e+00
        80         3        9.090406e-01
        81         3        2.641064e-01
        82         3        4.251873e-01
        83         3        2.455314e+00
        84         3        1.037960e-01
        85         3        1.177591e+00
        86         3        4.983608e-02
        87         3       -3.032603e-01
        88         3        2.081779e+00
        89         3        2.293859e-02
        90         3       -1.483877e+00
        91         3        2.450580e-01
        92         3       -1.771131e+00
        93         3        3.952106e-02
        94         3        1.655131e+00
        95         3        6.167729e-01
        96         3       -1.227930e+00
        97         3        1.221231e+00
        98         3       -2.083990e+00
        99         3        4.452824e-01
       100         3        1.743511e-01
         1         4       -7.821064e-01
         2         4       -7.066420e-02
         3         4        3.318903e-01
         4         4        7.486568e-01
         5         4        9.821399e-01
         6         4       -2.635961e-01
         7         4       -1.062243e+00
         8         4        2.196389e-01
         9         4       -1.355672e+00
        10         4       -6.311684e-01
        11         4        3.433254e-01
        12         4       -1.380559e+00
        13         4       -2.335473e-01
        14         4       -1.360441e-01
        15         4        1.228518e+00
        16         4       -6.850392e-01
        17         4        8.027213e-01
        18         4       -3.220645e-01
        19         4       -1.818740e+00
        20         4       -3.127727e-01
        21         4        2.514318e-01
        22         4       -1.721140e+00
        23         4        5.851122e-01
        24         4       -7.126242e-01
        25         4       -1.008725e+00
        26         4       -2.046155e+00
        27         4        2.998757e-01
        28         4        8.479147e-01
        29         4       -6.013681e-01
        30         4        3.008290e-01
        31         4        1.975565e-01
        32         4       -2.550450e-03
        33         4       -2.768290e-01
        34         4        6.387134e-01
        35         4       -7.584053e-01
        36         4        8.548349e-01
        37         4       -1.075537e+00
        38         4        9.315049e-01
        39         4       -1.048016e+00
        40         4        1.237953e+00
        41         4       -6.344549e-01
        42         4        9.728367e-01
        43         4       -2.990090e-01
        44         4        5.658270e-02
        45         4       -1.476678e+00
        46         4       -1.752526e+00
        47         4       -1.640666e+00
        48         4        2.859356e-01
        49         4       -3.016446e-01
        50         4       -2.396169e-01
        51         4        2.948775e-01
        52         4       -1.044832e-01
        53         4        6.304960e-01
        54         4        7.855142e-01
        55         4        1.196116e-01
        56         4       -2.514195e+00
        57         4       -1.876913e-01
        58         4        1.202581e+00
        59         4       -2.697739e-01
        60         4        1.477916e-01
        61         4        2.527821e+00
        62         4       -6.032054e-01
        63         4        1.414031e+00
        64         4        7.169207e-01
        65         4        3.783282e-01
        66         4        9.777476e-01
        67         4       -7.410490e-01
        68         4        1.304936e-01
        69         4        6.697971e-01
        70         4        1.400561e+00
        71         4       -4.698449e-02
        72         4        1.350820e-01
        73         4        5.080562e-01
        74         4        1.461585e+00
        75         4        8.783225e-01
        76         4        1.302211e+00
        77         4       -4.161062e-01
        78         4       -1.185853e+00
        79         4       -2.662574e-01
        80         4        3.753386e-01
        81         4        3.975935e-01
        82         4        1.300619e-01
        83         4       -4.755591e-01
        84         4        2.173528e-01
        85         4        2.190968e+00
        86         4       -9.428687e-01
        87         4        3.193967e-01
        88         4        1.059156e+00
        89         4       -8.710554e-02
        90         4       -6.070174e-01
        91         4       -3.438571e-01
        92         4       -8.941209e-01
        93         4        2.269200e-01
        94         4       -1.593638e+00
        95         4       -1.749930e-01
        96         4       -9.577812e-01
        97         4       -2.555587e-01
        98         4       -8.342838e-01
        99         4        1.974056e-01
       100         4       -1.518333e+00
         1         5       -6.397085e-01
         2         5       -6.162717e-01
         3         5        9.577438e-01
         4         5        1.473454e+00
         5         5       -2.220130e+00
         6         5        1.492325e+00
         7         5        5.994954e-01
         8         5       -1.512533e-01
         9         5        6.161507e-02
        10         5        1.285087e+00
        11         5       -2.141048e-01
        12         5        2.432041e+00
        13         5        2.041573e-01
        14         5        5.123005e-02
        15         5        6.477073e-02
        16         5       -1.669634e+00
        17         5        2.758987e-01
        18         5        1.464000e+00
        19         5       -1.295927e+00
        20         5        7.235939e-01
        21         5        1.571014e+00
        22         5       -1.925954e+00
        23         5        1.747031e+00
        24         5        4.728634e-01
        25         5        7.472660e-01
        26         5       -8.695195e-01
        27         5       -9.766657e-01
        28         5       -3.442526e-01
        29         5        8.417937e-02
        30         5        1.460727e+00
        31         5        9.447672e-01
        32         5       -6.719347e-01
        33         5        5.564904e-01
        34         5       -5.872871e-02
        35         5        4.335684e-01
        36         5       -1.037555e+00
        37         5       -7.898583e-01
        38         5        3.053838e-02
        39         5       -1.993633e+00
        40         5        4.041918e-01
        41         5        1.873676e-01
        42         5       -1.278973e+00
        43         5        2.549874e-01
        44         5       -1.587852e+00
        45         5       -8.105731e-01
        46         5       -2.925094e-01
        47         5       -3.384063e-01
        48         5       -5.543491e-01
        49         5       -1.490077e+00
        50         5        1.654788e+00
        51         5       -9.714806e-01
        52         5        1.957888e+00
        53         5       -4.738800e-01
        54         5       -9.894749e-01
        55         5       -2.033431e-01
        56         5        1.116583e-01
        57         5        2.067120e-01
        58         5        1.206205e+00
        59         5        2.342485e+00
        60         5       -7.242836e-01
        61         5        1.179791e+00
        62         5       -1.041992e-01
        63         5        1.930865e+00
        64         5       -6.297126e-02
        65         5        2.090089e+00
        66         5       -1.403119e-02
        67         5        3.013975e+00
        68         5       -2.685903e-01
        69         5        6.520482e-02
        70         5       -5.987140e-01
        71         5       -1.199193e+00
        72         5       -3.902142e-01
        73         5       -1.564460e+00
        74         5       -2.165655e-01
        75         5        2.407839e+00
        76         5       -1.866384e-01
        77         5       -4.515418e-01
        78         5        4.950312e-01
        79         5        7.159530e-01
        80         5       -9.927915e-01
        81         5        1.217404e-01
        82         5       -1.237860e+00
        83         5        2.298870e+00
        84         5        1.574993e-01
        85         5        6.638649e-01
        86         5        5.595885e-01
        87         5       -3.220532e-01
        88         5       -4.471400e-01
        89         5       -2.710138e-01
        90         5       -2.132417e+00
        91         5       -2.791565e-03
        92         5        7.927372e-01
        93         5       -1.948782e+00
        94         5       -1.843669e+00
        95         5        9.288130e-01
        96         5       -1.111147e+00
        97         5        1.001644e+00
        98         5        9.650743e-01
        99         5        4.463063e-01
       100         5       -2.593717e+00
;
param X_Original:=
    1       -3.120102e+00
    2       -8.638486e-01
    3        5.441869e-02
    4        5.263096e-01
    5       -9.113623e-01
    6        1.650912e-01
    7       -3.232561e+00
    8       -5.414202e-02
    9        1.762979e+00
   10       -7.907072e-01
   11       -1.599165e+00
   12       -1.284934e+00
   13        1.160017e+00
   14       -1.104609e+00
   15        1.314944e+00
   16       -2.638062e+00
   17        4.644372e+00
   18        5.706902e-01
   19        6.178238e-01
   20       -2.744010e+00
   21       -5.711409e-02
   22       -1.770562e-01
   23        3.248643e+00
   24       -5.428488e-02
   25       -7.828526e-01
   26       -1.930233e+00
   27       -7.828362e-01
   28        2.873880e-01
   29        9.203254e-03
   30        1.636591e+00
   31        8.101987e-01
   32        1.310518e+00
   33        4.513021e-01
   34       -9.147620e-01
   35       -1.413821e-01
   36        3.413094e-01
   37        4.718460e-01
   38       -1.167141e+00
   39       -1.547724e+00
   40        3.374402e-01
   41        1.207844e+00
   42        3.775384e+00
   43        3.823077e-01
   44       -2.110869e+00
   45        5.441748e-01
   46        1.197064e-01
   47       -8.831460e-01
   48       -1.364523e+00
   49        2.186133e+00
   50        2.752111e-01
   51       -8.883129e-01
   52       -1.712153e+00
   53       -8.739078e-01
   54        2.763329e-01
   55        7.157331e-01
   56       -9.673895e-01
   57        9.872651e-01
   58        1.350705e-01
   59       -1.181914e+00
   60       -1.480137e+00
   61        5.257173e+00
   62       -6.379797e-01
   63       -1.140523e+00
   64       -1.198973e+00
   65        1.702613e+00
   66       -2.909155e-01
   67        7.867392e-01
   68        1.460993e+00
   69       -4.269481e-01
   70        1.274551e+00
   71       -8.540710e-01
   72        1.332093e+00
   73       -9.917305e-01
   74        2.515210e-01
   75       -6.631315e-01
   76       -1.656649e+00
   77       -8.497090e-01
   78       -2.109593e+00
   79       -3.579529e+00
   80       -8.395851e-01
   81        9.369701e-01
   82       -8.570451e-01
   83        2.218974e-01
   84        6.440729e-01
   85        3.935482e+00
   86        1.261648e-01
   87       -9.451724e-01
   88       -1.725886e-01
   89       -8.846405e-01
   90        1.364150e+00
   91       -9.440093e-01
   92       -5.031672e-01
   93       -1.511856e+00
   94       -7.547445e-01
   95       -1.610829e+00
   96       -1.960468e+00
   97        8.426434e-01
   98        1.593572e+00
   99        1.660514e+00
  100       -2.373357e-01
;
param outliervec_original :=
    1    0
    2    1
    3    1
    4    1
    5    1
    6    1
    7    0
    8    1
    9    1
   10    1
   11    1
   12    0
   13    1
   14    0
   15    0
   16    0
   17    0
   18    0
   19    1
   20    0
   21    1
   22    1
   23    0
   24    1
   25    1
   26    0
   27    1
   28    1
   29    1
   30    1
   31    0
   32    1
   33    1
   34    1
   35    1
   36    1
   37    1
   38    1
   39    1
   40    1
   41    1
   42    0
   43    1
   44    1
   45    1
   46    1
   47    1
   48    1
   49    1
   50    1
   51    1
   52    1
   53    0
   54    1
   55    1
   56    1
   57    1
   58    1
   59    0
   60    1
   61    0
   62    0
   63    1
   64    1
   65    1
   66    1
   67    1
   68    1
   69    1
   70    1
   71    0
   72    0
   73    1
   74    1
   75    1
   76    1
   77    1
   78    0
   79    0
   80    1
   81    0
   82    0
   83    1
   84    1
   85    0
   86    0
   87    1
   88    1
   89    1
   90    1
   91    1
   92    1
   93    1
   94    1
   95    1
   96    1
   97    1
   98    1
   99    0
  100    1
;
param d:= 77;
param r:=5;
param p:=0.740000;
param M:=1000;
param U:=
         1         1       -1.686372e+00
         2         1        1.759940e+00
         3         1        8.887786e-01
         4         1       -1.555075e+00
         5         1        1.110551e-01
         6         1        1.262865e+00
         7         1       -6.359709e-01
         8         1       -2.108966e+00
         9         1       -1.184513e+00
        10         1        7.021407e-01
        11         1        1.419196e+00
        12         1        1.252919e-01
        13         1       -4.921241e-01
        14         1        3.832500e-01
        15         1       -1.530632e+00
        16         1        5.789927e-01
        17         1       -1.290986e+00
        18         1        4.297316e-01
        19         1        7.584472e-01
        20         1        1.839894e-01
        21         1        1.097883e-01
        22         1       -4.781907e-01
        23         1        9.169419e-01
        24         1        4.991925e-01
        25         1        6.529450e-01
        26         1       -1.090224e+00
        27         1        8.005603e-01
        28         1        4.775399e-01
        29         1        1.844282e-01
        30         1        9.336595e-01
        31         1       -1.093684e+00
        32         1        3.204745e-01
        33         1       -1.280971e+00
        34         1        5.341039e-01
        35         1       -7.858901e-02
        36         1        1.427318e+00
        37         1        5.524590e-01
        38         1       -2.366484e+00
        39         1        1.634308e-01
        40         1       -1.664713e-01
        41         1        2.203097e-01
        42         1       -1.341808e+00
        43         1       -6.938672e-01
        44         1       -2.692440e-01
        45         1       -2.177817e-01
        46         1        9.113240e-01
        47         1       -1.720697e-01
        48         1       -8.556835e-02
        49         1        2.026746e+00
        50         1       -4.651315e-01
        51         1       -1.109097e+00
        52         1        1.521451e-01
        53         1        7.574460e-01
        54         1        4.781076e-01
        55         1        3.024256e-01
        56         1       -1.916564e-01
        57         1       -8.178239e-01
        58         1        1.505533e+00
        59         1       -1.099137e+00
        60         1        2.096015e+00
        61         1        6.986149e-01
        62         1       -1.107661e-01
        63         1        1.350624e-01
        64         1       -2.379315e+00
        65         1        2.876704e-01
        66         1       -1.984120e+00
        67         1       -9.241233e-01
        68         1       -1.160185e+00
        69         1        1.717805e+00
        70         1       -1.184376e+00
        71         1        2.570517e-01
        72         1       -9.284449e-03
        73         1        2.322494e-01
        74         1       -4.370413e-01
        75         1        1.063448e+00
        76         1        1.621248e+00
        77         1        2.560392e-01
         1         2       -2.652748e-01
         2         2       -2.554931e+00
         3         2        1.441418e+00
         4         2       -8.866981e-02
         5         2       -1.780810e-01
         6         2       -1.381078e-01
         7         2       -1.081844e+00
         8         2       -8.580434e-01
         9         2        3.177761e-01
        10         2       -2.128803e+00
        11         2       -8.777890e-01
        12         2       -4.839540e-01
        13         2       -8.686172e-01
        14         2       -4.219780e-01
        15         2        1.863543e+00
        16         2        8.632124e-01
        17         2        1.687333e+00
        18         2       -1.240890e+00
        19         2       -6.151758e-01
        20         2        8.942187e-01
        21         2        1.514483e+00
        22         2       -5.296056e-01
        23         2        2.662108e-01
        24         2       -2.455097e-01
        25         2       -6.062449e-01
        26         2       -4.158155e-01
        27         2       -1.144615e+00
        28         2        3.974321e-01
        29         2       -1.045757e+00
        30         2       -1.507544e+00
        31         2        3.906648e-02
        32         2        8.625180e-01
        33         2        1.296509e+00
        34         2        2.468858e+00
        35         2        1.592470e+00
        36         2       -6.413772e-01
        37         2        2.068807e-01
        38         2       -7.352158e-01
        39         2       -3.624472e-01
        40         2       -9.647183e-01
        41         2        7.284145e-01
        42         2        3.274318e-01
        43         2        1.072380e+00
        44         2       -1.727819e-01
        45         2       -1.636837e+00
        46         2        1.834714e-01
        47         2        4.882960e-01
        48         2       -2.271902e+00
        49         2       -5.890052e-01
        50         2       -3.201168e-01
        51         2        7.410853e-01
        52         2       -4.384256e-01
        53         2        5.832702e-01
        54         2        1.051522e+00
        55         2        9.419242e-01
        56         2        9.640245e-01
        57         2        9.680703e-01
        58         2       -1.605305e-01
        59         2       -6.169851e-01
        60         2       -1.465270e-01
        61         2        2.704166e-01
        62         2       -3.953197e-01
        63         2        3.513689e-01
        64         2       -1.542687e-01
        65         2       -6.107198e-01
        66         2       -6.351663e-01
        67         2       -9.541165e-01
        68         2        4.418325e-01
        69         2        5.997147e-01
        70         2        1.047473e+00
        71         2        2.581966e-01
        72         2       -2.406241e-01
        73         2        9.582564e-02
        74         2        8.146563e-01
        75         2        8.570090e-01
        76         2       -1.237247e+00
        77         2        1.321146e+00
         1         3       -5.450105e-01
         2         3       -1.023676e+00
         3         3        3.640412e-01
         4         3        4.830919e-01
         5         3       -7.092674e-01
         6         3        1.412670e+00
         7         3       -6.904371e-01
         8         3        8.248218e-01
         9         3       -6.170933e-01
        10         3       -5.105168e-01
        11         3        8.078014e-03
        12         3       -4.077342e-01
        13         3       -2.213756e-01
        14         3       -4.623466e-01
        15         3       -8.882759e-01
        16         3        2.171134e+00
        17         3        1.173855e+00
        18         3       -1.702567e+00
        19         3       -1.098455e-01
        20         3       -3.846155e-01
        21         3        1.492024e+00
        22         3        5.930249e-01
        23         3        1.741527e-01
        24         3        1.561909e-01
        25         3       -8.347623e-01
        26         3        1.195720e+00
        27         3        2.449242e-01
        28         3       -1.747529e-01
        29         3       -8.018601e-02
        30         3       -2.716577e-01
        31         3       -8.502529e-01
        32         3       -2.085666e-01
        33         3       -8.973242e-01
        34         3        9.258767e-01
        35         3       -6.798860e-01
        36         3        2.121723e-01
        37         3       -4.553609e-02
        38         3        3.472256e-01
        39         3       -5.840429e-01
        40         3       -1.118880e+00
        41         3       -3.501861e-01
        42         3       -7.032075e-01
        43         3       -7.439246e-01
        44         3        1.649604e+00
        45         3        1.262816e+00
        46         3       -4.957805e-01
        47         3        7.809384e-01
        48         3        2.536436e-02
        49         3       -2.180136e+00
        50         3        1.621567e+00
        51         3        6.261934e-01
        52         3       -8.037028e-01
        53         3        2.965296e-01
        54         3       -6.136485e-01
        55         3       -5.729746e-01
        56         3       -1.251643e-01
        57         3       -4.018190e-01
        58         3        5.496184e-02
        59         3       -6.407754e-01
        60         3       -1.225959e+00
        61         3       -6.613298e-01
        62         3        8.660643e-02
        63         3       -4.565204e-01
        64         3       -1.066795e+00
        65         3        2.641064e-01
        66         3        4.251873e-01
        67         3        1.037960e-01
        68         3        1.177591e+00
        69         3        4.983608e-02
        70         3       -3.032603e-01
        71         3        2.293859e-02
        72         3        2.450580e-01
        73         3        3.952106e-02
        74         3       -1.227930e+00
        75         3        1.221231e+00
        76         3        4.452824e-01
        77         3        1.743511e-01
         1         4       -7.821064e-01
         2         4       -7.066420e-02
         3         4        3.318903e-01
         4         4        7.486568e-01
         5         4        9.821399e-01
         6         4       -2.635961e-01
         7         4       -1.062243e+00
         8         4        2.196389e-01
         9         4       -6.311684e-01
        10         4        3.433254e-01
        11         4       -1.380559e+00
        12         4       -2.335473e-01
        13         4       -1.360441e-01
        14         4        1.228518e+00
        15         4       -6.850392e-01
        16         4        8.027213e-01
        17         4       -3.220645e-01
        18         4       -3.127727e-01
        19         4        2.514318e-01
        20         4       -1.721140e+00
        21         4        5.851122e-01
        22         4       -7.126242e-01
        23         4       -2.046155e+00
        24         4        2.998757e-01
        25         4        8.479147e-01
        26         4       -6.013681e-01
        27         4        1.975565e-01
        28         4       -2.550450e-03
        29         4       -2.768290e-01
        30         4        8.548349e-01
        31         4        9.315049e-01
        32         4       -1.048016e+00
        33         4        1.237953e+00
        34         4        9.728367e-01
        35         4       -2.990090e-01
        36         4       -1.752526e+00
        37         4       -1.640666e+00
        38         4        2.859356e-01
        39         4       -2.396169e-01
        40         4        2.948775e-01
        41         4       -1.044832e-01
        42         4        6.304960e-01
        43         4        7.855142e-01
        44         4        1.196116e-01
        45         4       -2.514195e+00
        46         4       -1.876913e-01
        47         4        1.202581e+00
        48         4       -2.697739e-01
        49         4        1.477916e-01
        50         4        2.527821e+00
        51         4       -6.032054e-01
        52         4        7.169207e-01
        53         4        3.783282e-01
        54         4        9.777476e-01
        55         4       -7.410490e-01
        56         4        6.697971e-01
        57         4       -4.698449e-02
        58         4        1.350820e-01
        59         4        5.080562e-01
        60         4        1.461585e+00
        61         4        8.783225e-01
        62         4       -4.161062e-01
        63         4       -1.185853e+00
        64         4       -2.662574e-01
        65         4        3.975935e-01
        66         4        1.300619e-01
        67         4        2.173528e-01
        68         4        2.190968e+00
        69         4       -9.428687e-01
        70         4        3.193967e-01
        71         4       -8.710554e-02
        72         4       -3.438571e-01
        73         4        2.269200e-01
        74         4       -9.577812e-01
        75         4       -2.555587e-01
        76         4        1.974056e-01
        77         4       -1.518333e+00
         1         5       -6.397085e-01
         2         5       -6.162717e-01
         3         5        9.577438e-01
         4         5        1.473454e+00
         5         5       -2.220130e+00
         6         5        1.492325e+00
         7         5        5.994954e-01
         8         5       -1.512533e-01
         9         5        1.285087e+00
        10         5       -2.141048e-01
        11         5        2.432041e+00
        12         5        2.041573e-01
        13         5        5.123005e-02
        14         5        6.477073e-02
        15         5       -1.669634e+00
        16         5        2.758987e-01
        17         5        1.464000e+00
        18         5        7.235939e-01
        19         5        1.571014e+00
        20         5       -1.925954e+00
        21         5        1.747031e+00
        22         5        4.728634e-01
        23         5       -8.695195e-01
        24         5       -9.766657e-01
        25         5       -3.442526e-01
        26         5        8.417937e-02
        27         5        9.447672e-01
        28         5       -6.719347e-01
        29         5        5.564904e-01
        30         5       -1.037555e+00
        31         5        3.053838e-02
        32         5       -1.993633e+00
        33         5        4.041918e-01
        34         5       -1.278973e+00
        35         5        2.549874e-01
        36         5       -2.925094e-01
        37         5       -3.384063e-01
        38         5       -5.543491e-01
        39         5        1.654788e+00
        40         5       -9.714806e-01
        41         5        1.957888e+00
        42         5       -4.738800e-01
        43         5       -9.894749e-01
        44         5       -2.033431e-01
        45         5        1.116583e-01
        46         5        2.067120e-01
        47         5        1.206205e+00
        48         5        2.342485e+00
        49         5       -7.242836e-01
        50         5        1.179791e+00
        51         5       -1.041992e-01
        52         5       -6.297126e-02
        53         5        2.090089e+00
        54         5       -1.403119e-02
        55         5        3.013975e+00
        56         5        6.520482e-02
        57         5       -1.199193e+00
        58         5       -3.902142e-01
        59         5       -1.564460e+00
        60         5       -2.165655e-01
        61         5        2.407839e+00
        62         5       -4.515418e-01
        63         5        4.950312e-01
        64         5        7.159530e-01
        65         5        1.217404e-01
        66         5       -1.237860e+00
        67         5        1.574993e-01
        68         5        6.638649e-01
        69         5        5.595885e-01
        70         5       -3.220532e-01
        71         5       -2.710138e-01
        72         5       -2.791565e-03
        73         5       -1.948782e+00
        74         5       -1.111147e+00
        75         5        1.001644e+00
        76         5        4.463063e-01
        77         5       -2.593717e+00
;

param theta:=
    1        7.311103e-01
    2        2.994268e-01
    3        1.298854e+00
    4        1.435844e+00
    5       -3.614830e-02
;
param X_true:=
    1       -3.120102e+00
    2       -8.870955e-01
    3        1.996153e+00
    4        4.856763e-01
    5        5.970904e-01
    6        2.284364e+00
    7       -3.232561e+00
    8       -4.066501e-01
    9       -2.525086e+00
   10       -2.864636e-01
   11       -1.284934e+00
   12       -9.256111e-01
   13       -1.104609e+00
   14        1.314944e+00
   15       -2.638062e+00
   16        4.644372e+00
   17        5.706902e-01
   18       -2.744010e+00
   19        5.318626e-01
   20       -2.498959e+00
   21        3.248643e+00
   22       -7.782461e-01
   23       -1.930233e+00
   24        9.602013e-01
   25        4.415321e-01
   26       -2.350291e-01
   27        8.101987e-01
   28        2.617849e-01
   29       -7.000396e-01
   30        1.143281e+00
   31       -5.558681e-01
   32       -1.211056e+00
   33        4.908246e-02
   34        3.775384e+00
   35       -9.022491e-01
   36       -1.378718e+00
   37       -1.936798e+00
   38       -1.068711e+00
   39       -1.151497e+00
   40       -1.405317e+00
   41       -2.964590e-01
   42       -8.739078e-01
   43        1.120043e-02
   44        2.073106e+00
   45       -2.623150e+00
   46       -1.996994e-01
   47        2.717848e+00
   48       -1.181914e+00
   49       -1.287879e+00
   50        5.257173e+00
   51       -6.379797e-01
   52       -3.227132e-02
   53        1.581239e+00
   54        1.271764e+00
   55       -1.414047e+00
   56        9.453299e-01
   57       -8.540710e-01
   58        1.332093e+00
   59       -1.034564e+00
   60        2.002639e+00
   61        9.068587e-01
   62       -6.680036e-01
   63       -2.109593e+00
   64       -3.579529e+00
   65        9.369701e-01
   66       -8.570451e-01
   67       -5.201169e-01
   68        3.935482e+00
   69        1.261648e-01
   70       -4.759131e-01
   71        1.797647e-01
   72       -2.541671e-01
   73        6.460916e-01
   74       -3.005556e+00
   75        2.217160e+00
   76        1.660514e+00
   77       -1.277095e+00
;
param X:=
    1       -3.120102e+00
    2       -8.638486e-01
    3        5.441869e-02
    4        5.263096e-01
    5       -9.113623e-01
    6        1.650912e-01
    7       -3.232561e+00
    8       -5.414202e-02
    9       -7.907072e-01
   10       -1.599165e+00
   11       -1.284934e+00
   12        1.160017e+00
   13       -1.104609e+00
   14        1.314944e+00
   15       -2.638062e+00
   16        4.644372e+00
   17        5.706902e-01
   18       -2.744010e+00
   19       -5.711409e-02
   20       -1.770562e-01
   21        3.248643e+00
   22       -5.428488e-02
   23       -1.930233e+00
   24       -7.828362e-01
   25        2.873880e-01
   26        9.203254e-03
   27        8.101987e-01
   28        1.310518e+00
   29        4.513021e-01
   30        3.413094e-01
   31       -1.167141e+00
   32       -1.547724e+00
   33        3.374402e-01
   34        3.775384e+00
   35        3.823077e-01
   36        1.197064e-01
   37       -8.831460e-01
   38       -1.364523e+00
   39        2.752111e-01
   40       -8.883129e-01
   41       -1.712153e+00
   42       -8.739078e-01
   43        2.763329e-01
   44        7.157331e-01
   45       -9.673895e-01
   46        9.872651e-01
   47        1.350705e-01
   48       -1.181914e+00
   49       -1.480137e+00
   50        5.257173e+00
   51       -6.379797e-01
   52       -1.198973e+00
   53        1.702613e+00
   54       -2.909155e-01
   55        7.867392e-01
   56       -4.269481e-01
   57       -8.540710e-01
   58        1.332093e+00
   59       -9.917305e-01
   60        2.515210e-01
   61       -6.631315e-01
   62       -8.497090e-01
   63       -2.109593e+00
   64       -3.579529e+00
   65        9.369701e-01
   66       -8.570451e-01
   67        6.440729e-01
   68        3.935482e+00
   69        1.261648e-01
   70       -9.451724e-01
   71       -8.846405e-01
   72       -9.440093e-01
   73       -1.511856e+00
   74       -1.960468e+00
   75        8.426434e-01
   76        1.660514e+00
   77       -2.373357e-01
;
param outliervec:=
    1    0
    2    1
    3    1
    4    1
    5    1
    6    1
    7    0
    8    1
    9    1
   10    1
   11    0
   12    1
   13    0
   14    0
   15    0
   16    0
   17    0
   18    0
   19    1
   20    1
   21    0
   22    1
   23    0
   24    1
   25    1
   26    1
   27    0
   28    1
   29    1
   30    1
   31    1
   32    1
   33    1
   34    0
   35    1
   36    1
   37    1
   38    1
   39    1
   40    1
   41    1
   42    0
   43    1
   44    1
   45    1
   46    1
   47    1
   48    0
   49    1
   50    0
   51    0
   52    1
   53    1
   54    1
   55    1
   56    1
   57    0
   58    0
   59    1
   60    1
   61    1
   62    1
   63    0
   64    0
   65    0
   66    0
   67    1
   68    0
   69    0
   70    1
   71    1
   72    1
   73    1
   74    1
   75    1
   76    0
   77    1
; 
param greedy_time :=         3.511940e-01
;