data;


param FN:= 0;
param D:= 100;
param U_Original:=
         1         1        4.514839e-01
         2         1        1.314363e+00
         3         1        3.571561e-01
         4         1        9.793862e-01
         5         1       -1.948928e-01
         6         1       -3.261054e-01
         7         1       -2.163641e-01
         8         1        1.115871e+00
         9         1        4.461141e-01
        10         1       -4.969205e-01
        11         1        1.297389e-01
        12         1        1.147773e+00
        13         1        4.131493e-02
        14         1        2.546907e-01
        15         1       -1.105355e+00
        16         1        3.384023e-01
        17         1       -2.635404e+00
        18         1       -2.315703e+00
        19         1       -1.694542e-01
        20         1        1.706476e+00
        21         1       -1.307209e+00
        22         1        3.238852e-01
        23         1        2.282641e+00
        24         1        9.204078e-01
        25         1       -6.848853e-01
        26         1        5.899039e-02
        27         1       -4.138680e-01
        28         1       -9.753348e-01
        29         1       -3.614994e-02
        30         1        1.914652e+00
        31         1        1.125549e+00
        32         1        4.182715e-01
        33         1       -2.360149e-01
        34         1       -1.404040e+00
        35         1       -1.929500e-01
        36         1        1.604091e+00
        37         1        7.070276e-01
        38         1       -1.210955e+00
        39         1       -6.923204e-01
        40         1        5.530545e-01
        41         1        8.509564e-01
        42         1        4.820275e-01
        43         1       -5.498840e-01
        44         1        5.985070e-01
        45         1       -1.261118e+00
        46         1       -3.819061e-01
        47         1       -2.479897e-01
        48         1        3.880720e-01
        49         1       -1.093332e-01
        50         1       -8.927775e-02
        51         1       -2.016501e+00
        52         1        1.672216e+00
        53         1        4.484930e-01
        54         1        4.615042e-01
        55         1       -9.098763e-01
        56         1        2.173620e-02
        57         1       -5.813671e-01
        58         1        5.368355e-01
        59         1       -5.740894e-01
        60         1        1.557195e+00
        61         1       -1.798852e-01
        62         1        6.589477e-01
        63         1        4.871318e-01
        64         1       -6.676784e-01
        65         1        4.248031e-01
        66         1        3.258938e-03
        67         1        1.426743e+00
        68         1        3.021964e-01
        69         1       -7.958976e-01
        70         1        7.443811e-01
        71         1        1.776760e+00
        72         1       -6.317107e-01
        73         1       -5.185808e-01
        74         1       -5.504780e-01
        75         1        1.158609e-01
        76         1        3.871278e-02
        77         1       -2.344844e-01
        78         1        2.621099e-01
        79         1       -3.705841e-01
        80         1       -3.968069e-01
        81         1        4.112266e-01
        82         1        2.370267e-01
        83         1       -7.071985e-01
        84         1       -1.750871e-01
        85         1        4.988179e-01
        86         1       -6.976320e-01
        87         1        3.277213e-01
        88         1       -1.660279e+00
        89         1        1.640400e+00
        90         1        3.507373e-01
        91         1        1.298216e+00
        92         1       -7.412882e-01
        93         1       -6.108342e-01
        94         1        9.506722e-01
        95         1        2.723312e-01
        96         1        2.971606e-02
        97         1       -7.894545e-01
        98         1        1.492420e-01
        99         1       -2.813257e+00
       100         1       -2.903113e-01
         1         2       -6.622277e-01
         2         2        1.864499e+00
         3         2       -1.192261e+00
         4         2        4.712132e-01
         5         2       -7.948010e-01
         6         2       -1.004782e+00
         7         2       -5.284869e-01
         8         2       -5.661225e-01
         9         2       -4.949092e-01
        10         2        1.322393e-01
        11         2       -1.399372e+00
        12         2        2.438072e-01
        13         2       -5.576097e-01
        14         2       -9.363975e-01
        15         2       -1.176126e+00
        16         2       -1.109579e+00
        17         2        2.578746e-01
        18         2       -7.553046e-01
        19         2       -1.721203e-01
        20         2        2.486871e-01
        21         2       -6.420649e-01
        22         2        3.883473e-01
        23         2        1.532561e+00
        24         2       -9.421990e-01
        25         2        8.364497e-01
        26         2       -1.282196e+00
        27         2       -2.373103e-01
        28         2       -1.312465e+00
        29         2       -1.232231e+00
        30         2       -2.960949e-01
        31         2        3.248226e-01
        32         2       -1.693706e-01
        33         2        2.296594e+00
        34         2        1.865413e+00
        35         2        1.188870e+00
        36         2       -1.962069e+00
        37         2       -3.550904e-01
        38         2       -1.757741e-01
        39         2       -8.543314e-01
        40         2        9.003712e-02
        41         2       -1.640786e-01
        42         2       -1.568072e-01
        43         2        1.030233e+00
        44         2       -1.216945e-01
        45         2        2.293946e+00
        46         2        4.436599e-01
        47         2       -1.297365e+00
        48         2        8.406847e-01
        49         2        2.122627e-01
        50         2        1.793990e+00
        51         2       -3.624027e-01
        52         2       -4.556749e-01
        53         2        1.288104e+00
        54         2       -4.959404e-01
        55         2       -3.344219e-01
        56         2       -1.663660e-01
        57         2       -1.202804e+00
        58         2        3.034999e-01
        59         2        6.538957e-01
        60         2        9.027771e-02
        61         2        5.788196e-01
        62         2       -3.387141e-01
        63         2       -2.510533e+00
        64         2       -4.695837e-01
        65         2        2.000638e+00
        66         2        3.091989e-01
        67         2       -9.332785e-02
        68         2        2.866506e-01
        69         2        1.058909e+00
        70         2        1.541757e+00
        71         2        4.700049e-01
        72         2       -2.554348e-01
        73         2        3.970992e-01
        74         2        7.154926e-01
        75         2       -1.384090e-01
        76         2       -2.762307e-01
        77         2       -2.128261e-01
        78         2       -7.123937e-01
        79         2        2.171097e-01
        80         2       -1.831794e+00
        81         2        4.345171e-01
        82         2       -1.199994e+00
        83         2       -2.178330e-01
        84         2        1.082960e+00
        85         2        6.472310e-01
        86         2        8.911115e-01
        87         2       -2.055173e-01
        88         2       -1.425457e+00
        89         2        9.631578e-01
        90         2        1.133333e+00
        91         2        5.644823e-01
        92         2       -3.443090e-01
        93         2        2.502831e-01
        94         2        5.343392e-01
        95         2        2.367309e-01
        96         2       -3.255122e-01
        97         2       -9.483082e-02
        98         2        4.544780e-01
        99         2        7.561301e-01
       100         2        1.865358e+00
         1         3        4.665815e-01
         2         3       -1.309698e+00
         3         3       -2.601772e-01
         4         3       -1.726452e+00
         5         3       -5.721076e-01
         6         3        6.142125e-01
         7         3        7.913915e-01
         8         3        2.559616e-01
         9         3        1.026779e-01
        10         3       -1.135494e+00
        11         3        1.358519e-01
        12         3        1.204880e+00
        13         3       -2.168816e-01
        14         3       -1.453943e+00
        15         3        2.159987e-02
        16         3       -4.369851e-01
        17         3       -1.477139e+00
        18         3       -1.061303e+00
        19         3       -5.833971e-01
        20         3        7.851959e-01
        21         3       -1.058614e+00
        22         3       -5.342819e-02
        23         3        4.550464e-01
        24         3        1.065112e+00
        25         3        1.351564e-01
        26         3        2.267275e-01
        27         3        1.015857e+00
        28         3        8.365446e-03
        29         3       -1.146599e+00
        30         3       -5.952911e-01
        31         3       -5.354544e-01
        32         3        1.181753e+00
        33         3       -7.319798e-01
        34         3        1.621706e-01
        35         3        7.496461e-01
        36         3       -1.979422e+00
        37         3       -1.421485e+00
        38         3       -2.071711e-01
        39         3        6.689713e-01
        40         3        4.178521e-02
        41         3       -8.380884e-01
        42         3        8.947638e-01
        43         3        3.671946e-01
        44         3        1.609579e+00
        45         3       -3.990474e-01
        46         3        1.156284e+00
        47         3        2.662524e-01
        48         3       -7.488358e-01
        49         3        3.793926e-01
        50         3        6.191620e-01
        51         3        7.633365e-01
        52         3       -1.578436e+00
        53         3        1.731652e+00
        54         3        6.364048e-01
        55         3        7.957363e-01
        56         3        6.995348e-01
        57         3       -2.106003e+00
        58         3        3.856793e-01
        59         3        1.172475e-01
        60         3        3.769851e-01
        61         3       -3.713490e-01
        62         3       -1.273862e+00
        63         3        2.571099e-01
        64         3       -4.835735e-01
        65         3       -4.067221e-01
        66         3        3.881258e-01
        67         3        1.090580e+00
        68         3       -7.589443e-01
        69         3       -2.138440e+00
        70         3        1.741075e+00
        71         3       -2.177278e+00
        72         3        5.528540e-01
        73         3        1.098396e+00
        74         3       -7.877027e-02
        75         3       -5.985407e-02
        76         3        7.632755e-01
        77         3       -9.734270e-01
        78         3       -2.823814e-01
        79         3        1.364230e+00
        80         3        1.440747e+00
        81         3        1.898037e-01
        82         3       -6.615707e-01
        83         3       -1.371564e+00
        84         3       -1.238775e+00
        85         3        1.076128e-01
        86         3       -1.779884e-01
        87         3        1.173029e+00
        88         3        1.296732e+00
        89         3       -5.343647e-01
        90         3       -9.865987e-02
        91         3       -1.189660e+00
        92         3       -5.927315e-01
        93         3       -3.772397e-01
        94         3       -8.461003e-01
        95         3        2.319892e-01
        96         3        3.189829e-01
        97         3       -1.152287e-01
        98         3       -8.838727e-01
        99         3       -7.055380e-02
       100         3       -4.987585e-01
         1         4       -1.869844e-01
         2         4        6.257389e-01
         3         4        2.057530e+00
         4         4       -5.905589e-01
         5         4        7.870791e-02
         6         4        4.985319e-01
         7         4        1.386464e+00
         8         4       -3.898224e-01
         9         4        4.315245e-01
        10         4       -6.693690e-01
        11         4        8.608078e-01
        12         4       -7.179567e-01
        13         4       -3.563148e-01
        14         4        7.968920e-01
        15         4        1.070297e+00
        16         4        4.864231e-01
        17         4       -9.613098e-01
        18         4       -4.832092e-01
        19         4        8.625200e-01
        20         4        1.860620e-01
        21         4        8.624029e-01
        22         4        1.360521e-02
        23         4        1.415701e+00
        24         4       -1.514864e-01
        25         4       -1.973660e+00
        26         4       -1.198743e+00
        27         4        1.401336e+00
        28         4        1.140136e+00
        29         4       -1.698915e+00
        30         4       -1.218391e+00
        31         4        1.400625e-01
        32         4       -3.652736e-01
        33         4       -1.035899e+00
        34         4        6.480989e-01
        35         4       -1.015793e+00
        36         4       -9.115862e-01
        37         4        3.648053e-01
        38         4        1.414143e+00
        39         4       -2.216536e+00
        40         4       -1.599935e-01
        41         4       -5.455558e-01
        42         4        1.218123e+00
        43         4       -3.705893e-01
        44         4        1.407817e+00
        45         4       -7.934938e-01
        46         4        5.354750e-01
        47         4        6.877866e-01
        48         4       -1.950386e+00
        49         4       -5.229067e-01
        50         4       -2.204682e-01
        51         4        2.251742e-01
        52         4        9.744984e-01
        53         4       -5.169250e-01
        54         4       -1.084835e-01
        55         4        8.827031e-01
        56         4       -2.750535e+00
        57         4       -4.009743e-01
        58         4       -1.471443e+00
        59         4        7.845976e-01
        60         4       -1.052491e+00
        61         4       -7.965923e-01
        62         4       -4.679162e-01
        63         4       -1.805420e+00
        64         4       -7.996593e-01
        65         4        1.776748e-01
        66         4        6.487425e-02
        67         4        1.288417e+00
        68         4        3.821509e-01
        69         4       -1.863511e+00
        70         4       -1.066145e+00
        71         4       -7.976277e-02
        72         4        2.177285e+00
        73         4       -2.260587e-01
        74         4        6.360080e-01
        75         4        6.948314e-01
        76         4       -1.217085e-01
        77         4        2.345395e+00
        78         4       -5.715410e-01
        79         4        7.067926e-01
        80         4        2.501222e+00
        81         4        3.436462e-01
        82         4       -8.611101e-02
        83         4       -4.845480e-01
        84         4       -2.213582e+00
        85         4        1.197061e+00
        86         4       -5.506824e-01
        87         4        1.473634e+00
        88         4       -1.914094e+00
        89         4        1.633280e+00
        90         4        1.628904e+00
        91         4       -7.359947e-01
        92         4       -4.179707e-01
        93         4       -1.132057e-01
        94         4        2.659406e-01
        95         4       -8.784423e-01
        96         4        1.641221e+00
        97         4       -2.608639e-01
        98         4        1.478736e+00
        99         4        1.409529e+00
       100         4       -1.169041e+00
         1         5       -8.618099e-01
         2         5       -9.635314e-02
         3         5       -6.782842e-01
         4         5        1.133707e+00
         5         5        7.017693e-01
         6         5        1.428300e-01
         7         5        2.155298e-01
         8         5       -1.913872e-01
         9         5       -6.546196e-01
        10         5       -3.200570e-01
        11         5        2.997745e-02
        12         5        2.557572e-01
        13         5        4.545160e-01
        14         5        1.662760e+00
        15         5       -9.439304e-01
        16         5        1.680635e+00
        17         5        1.455507e+00
        18         5        5.913136e-01
        19         5        2.942155e-01
        20         5       -6.814704e-01
        21         5       -4.434636e-01
        22         5       -1.338525e+00
        23         5        7.830051e-01
        24         5        7.774962e-02
        25         5        1.247504e+00
        26         5       -3.204940e-01
        27         5       -7.555730e-01
        28         5        1.305915e+00
        29         5       -6.665172e-01
        30         5        1.360237e+00
        31         5       -1.508264e+00
        32         5        1.390714e+00
        33         5        7.516843e-01
        34         5       -1.944288e+00
        35         5       -1.354379e+00
        36         5       -1.633529e+00
        37         5       -2.792596e+00
        38         5       -9.044730e-02
        39         5       -1.222001e+00
        40         5       -2.478057e-01
        41         5        6.187341e-01
        42         5       -1.394119e+00
        43         5        1.065991e-01
        44         5       -3.759532e-01
        45         5       -7.077506e-01
        46         5        1.352711e+00
        47         5        1.005342e+00
        48         5       -6.503781e-02
        49         5       -2.749010e-01
        50         5        1.877775e-02
        51         5        5.272521e-02
        52         5       -3.924868e-01
        53         5       -1.169593e-01
        54         5       -8.063766e-01
        55         5       -6.116328e-02
        56         5       -2.633443e+00
        57         5        7.559082e-01
        58         5       -9.398445e-01
        59         5        5.733295e-02
        60         5       -8.330869e-01
        61         5        6.972596e-01
        62         5        1.093638e+00
        63         5       -3.008106e-01
        64         5        1.123847e+00
        65         5        1.242205e+00
        66         5       -7.802761e-02
        67         5        7.108169e-01
        68         5        1.028196e+00
        69         5        2.215741e-01
        70         5        1.687453e-01
        71         5        2.036905e+00
        72         5       -8.242839e-01
        73         5        2.122266e+00
        74         5        2.050512e-01
        75         5        1.523893e-01
        76         5        3.673763e-01
        77         5       -9.796213e-01
        78         5        7.140974e-01
        79         5       -8.612385e-01
        80         5        7.136486e-01
        81         5        1.250160e+00
        82         5        1.035508e+00
        83         5        8.984221e-01
        84         5       -4.238290e-01
        85         5       -6.189953e-01
        86         5       -1.792948e+00
        87         5        7.269596e-01
        88         5       -3.075263e-01
        89         5        4.158853e-01
        90         5       -1.205166e+00
        91         5        6.954321e-01
        92         5       -1.176179e+00
        93         5       -1.790444e-01
        94         5        4.842961e-01
        95         5       -8.556522e-01
        96         5        3.914341e-02
        97         5       -9.367486e-01
        98         5        8.582372e-01
        99         5        1.507045e+00
       100         5        2.585081e-01
;
param X_Original:=
    1       -4.528853e-01
    2        6.578706e-01
    3       -8.928099e-01
    4        1.145120e-01
    5        2.111645e-01
    6       -3.116089e-02
    7        1.395240e+00
    8        3.229458e+00
    9        5.571483e-01
   10       -3.816504e+00
   11       -1.392529e-01
   12       -2.054602e-02
   13       -7.499349e-01
   14       -3.771245e-01
   15       -1.734065e+00
   16        1.654935e+00
   17       -8.549378e+00
   18       -7.279631e-01
   19        3.516150e-01
   20        5.664774e+00
   21       -1.473519e-01
   22       -1.568814e+00
   23       -2.451797e-01
   24       -3.293337e-01
   25       -6.094437e-02
   26       -3.000420e-01
   27       -2.423224e-01
   28        1.426912e-01
   29       -3.446754e+00
   30       -5.525798e-01
   31       -9.943802e-01
   32        4.830717e+00
   33       -3.193653e-01
   34       -5.192348e+00
   35       -1.988408e+00
   36        7.115160e-01
   37       -7.419389e-01
   38       -3.984066e+00
   39       -2.532300e+00
   40       -1.229405e-01
   41       -5.407521e-02
   42        6.798801e-01
   43        1.138304e+00
   44        1.290879e+00
   45       -4.290361e+00
   46        6.168325e-01
   47        4.921584e-01
   48       -7.120210e-01
   49        1.324352e-01
   50       -3.612540e-01
   51       -3.829785e-01
   52        1.354629e+00
   53        3.851371e-01
   54       -7.130588e-01
   55        2.075733e-02
   56        1.328386e+00
   57       -5.113298e+00
   58        1.264820e+00
   59        1.801328e+00
   60        4.228845e+00
   61        1.128319e-01
   62        6.683654e-01
   63        5.237024e-01
   64       -5.972956e-01
   65        2.643421e+00
   66        4.431402e-01
   67        6.874860e+00
   68        7.652722e-01
   69       -5.567414e+00
   70        2.190212e+00
   71        1.232791e+00
   72        1.067868e+00
   73        3.025517e+00
   74       -1.362816e+00
   75        8.598164e-01
   76        1.221028e+00
   77       -3.555278e+00
   78        7.558414e-01
   79        5.497601e-01
   80        1.647132e+00
   81        3.103726e+00
   82        1.825722e-01
   83       -7.318108e-01
   84       -8.894523e-01
   85       -2.010007e+00
   86        3.455619e-01
   87        3.848526e+00
   88        1.604697e+00
   89       -2.904062e+00
   90        5.583562e-01
   91        2.543060e+00
   92       -2.145952e+00
   93       -2.548203e+00
   94       -2.720579e-01
   95       -1.366329e+00
   96        1.519192e+00
   97        3.029096e-01
   98        1.226420e-03
   99       -1.927561e+00
  100        6.275537e-01
;
param outliervec_original :=
    1    1
    2    1
    3    1
    4    1
    5    1
    6    0
    7    1
    8    0
    9    0
   10    0
   11    1
   12    1
   13    1
   14    0
   15    1
   16    0
   17    0
   18    1
   19    1
   20    0
   21    1
   22    1
   23    1
   24    1
   25    0
   26    0
   27    0
   28    1
   29    0
   30    1
   31    1
   32    0
   33    0
   34    0
   35    1
   36    1
   37    1
   38    0
   39    0
   40    1
   41    1
   42    1
   43    1
   44    1
   45    0
   46    1
   47    1
   48    1
   49    0
   50    1
   51    1
   52    0
   53    1
   54    1
   55    1
   56    1
   57    0
   58    0
   59    1
   60    0
   61    1
   62    0
   63    0
   64    1
   65    0
   66    1
   67    0
   68    0
   69    0
   70    1
   71    1
   72    1
   73    0
   74    1
   75    1
   76    1
   77    0
   78    0
   79    0
   80    0
   81    0
   82    0
   83    1
   84    1
   85    1
   86    1
   87    0
   88    1
   89    1
   90    1
   91    0
   92    1
   93    0
   94    1
   95    1
   96    1
   97    1
   98    0
   99    1
  100    1
;
param d:= 82;
param r:=5;
param p:=0.600000;
param M:=1000;
param U:=
         1         1        4.514839e-01
         2         1        1.314363e+00
         3         1        3.571561e-01
         4         1        9.793862e-01
         5         1       -1.948928e-01
         6         1       -3.261054e-01
         7         1       -2.163641e-01
         8         1        1.115871e+00
         9         1        4.461141e-01
        10         1       -4.969205e-01
        11         1        1.297389e-01
        12         1        4.131493e-02
        13         1        2.546907e-01
        14         1       -1.105355e+00
        15         1        3.384023e-01
        16         1       -2.635404e+00
        17         1       -1.694542e-01
        18         1        1.706476e+00
        19         1        3.238852e-01
        20         1       -6.848853e-01
        21         1        5.899039e-02
        22         1       -4.138680e-01
        23         1       -9.753348e-01
        24         1       -3.614994e-02
        25         1        1.125549e+00
        26         1        4.182715e-01
        27         1       -2.360149e-01
        28         1       -1.404040e+00
        29         1       -1.929500e-01
        30         1        1.604091e+00
        31         1       -1.210955e+00
        32         1       -6.923204e-01
        33         1        5.530545e-01
        34         1        8.509564e-01
        35         1        4.820275e-01
        36         1       -5.498840e-01
        37         1        5.985070e-01
        38         1       -1.261118e+00
        39         1       -3.819061e-01
        40         1       -2.479897e-01
        41         1        3.880720e-01
        42         1       -1.093332e-01
        43         1       -8.927775e-02
        44         1        1.672216e+00
        45         1        4.615042e-01
        46         1       -9.098763e-01
        47         1       -5.813671e-01
        48         1        5.368355e-01
        49         1        1.557195e+00
        50         1       -1.798852e-01
        51         1        6.589477e-01
        52         1        4.871318e-01
        53         1       -6.676784e-01
        54         1        4.248031e-01
        55         1        3.258938e-03
        56         1        1.426743e+00
        57         1        3.021964e-01
        58         1       -7.958976e-01
        59         1        7.443811e-01
        60         1        1.776760e+00
        61         1       -5.185808e-01
        62         1       -5.504780e-01
        63         1        1.158609e-01
        64         1        3.871278e-02
        65         1       -2.344844e-01
        66         1        2.621099e-01
        67         1       -3.705841e-01
        68         1       -3.968069e-01
        69         1        4.112266e-01
        70         1        2.370267e-01
        71         1       -7.071985e-01
        72         1       -1.750871e-01
        73         1        3.277213e-01
        74         1        3.507373e-01
        75         1        1.298216e+00
        76         1       -7.412882e-01
        77         1       -6.108342e-01
        78         1        9.506722e-01
        79         1        2.723312e-01
        80         1        2.971606e-02
        81         1        1.492420e-01
        82         1       -2.903113e-01
         1         2       -6.622277e-01
         2         2        1.864499e+00
         3         2       -1.192261e+00
         4         2        4.712132e-01
         5         2       -7.948010e-01
         6         2       -1.004782e+00
         7         2       -5.284869e-01
         8         2       -5.661225e-01
         9         2       -4.949092e-01
        10         2        1.322393e-01
        11         2       -1.399372e+00
        12         2       -5.576097e-01
        13         2       -9.363975e-01
        14         2       -1.176126e+00
        15         2       -1.109579e+00
        16         2        2.578746e-01
        17         2       -1.721203e-01
        18         2        2.486871e-01
        19         2        3.883473e-01
        20         2        8.364497e-01
        21         2       -1.282196e+00
        22         2       -2.373103e-01
        23         2       -1.312465e+00
        24         2       -1.232231e+00
        25         2        3.248226e-01
        26         2       -1.693706e-01
        27         2        2.296594e+00
        28         2        1.865413e+00
        29         2        1.188870e+00
        30         2       -1.962069e+00
        31         2       -1.757741e-01
        32         2       -8.543314e-01
        33         2        9.003712e-02
        34         2       -1.640786e-01
        35         2       -1.568072e-01
        36         2        1.030233e+00
        37         2       -1.216945e-01
        38         2        2.293946e+00
        39         2        4.436599e-01
        40         2       -1.297365e+00
        41         2        8.406847e-01
        42         2        2.122627e-01
        43         2        1.793990e+00
        44         2       -4.556749e-01
        45         2       -4.959404e-01
        46         2       -3.344219e-01
        47         2       -1.202804e+00
        48         2        3.034999e-01
        49         2        9.027771e-02
        50         2        5.788196e-01
        51         2       -3.387141e-01
        52         2       -2.510533e+00
        53         2       -4.695837e-01
        54         2        2.000638e+00
        55         2        3.091989e-01
        56         2       -9.332785e-02
        57         2        2.866506e-01
        58         2        1.058909e+00
        59         2        1.541757e+00
        60         2        4.700049e-01
        61         2        3.970992e-01
        62         2        7.154926e-01
        63         2       -1.384090e-01
        64         2       -2.762307e-01
        65         2       -2.128261e-01
        66         2       -7.123937e-01
        67         2        2.171097e-01
        68         2       -1.831794e+00
        69         2        4.345171e-01
        70         2       -1.199994e+00
        71         2       -2.178330e-01
        72         2        1.082960e+00
        73         2       -2.055173e-01
        74         2        1.133333e+00
        75         2        5.644823e-01
        76         2       -3.443090e-01
        77         2        2.502831e-01
        78         2        5.343392e-01
        79         2        2.367309e-01
        80         2       -3.255122e-01
        81         2        4.544780e-01
        82         2        1.865358e+00
         1         3        4.665815e-01
         2         3       -1.309698e+00
         3         3       -2.601772e-01
         4         3       -1.726452e+00
         5         3       -5.721076e-01
         6         3        6.142125e-01
         7         3        7.913915e-01
         8         3        2.559616e-01
         9         3        1.026779e-01
        10         3       -1.135494e+00
        11         3        1.358519e-01
        12         3       -2.168816e-01
        13         3       -1.453943e+00
        14         3        2.159987e-02
        15         3       -4.369851e-01
        16         3       -1.477139e+00
        17         3       -5.833971e-01
        18         3        7.851959e-01
        19         3       -5.342819e-02
        20         3        1.351564e-01
        21         3        2.267275e-01
        22         3        1.015857e+00
        23         3        8.365446e-03
        24         3       -1.146599e+00
        25         3       -5.354544e-01
        26         3        1.181753e+00
        27         3       -7.319798e-01
        28         3        1.621706e-01
        29         3        7.496461e-01
        30         3       -1.979422e+00
        31         3       -2.071711e-01
        32         3        6.689713e-01
        33         3        4.178521e-02
        34         3       -8.380884e-01
        35         3        8.947638e-01
        36         3        3.671946e-01
        37         3        1.609579e+00
        38         3       -3.990474e-01
        39         3        1.156284e+00
        40         3        2.662524e-01
        41         3       -7.488358e-01
        42         3        3.793926e-01
        43         3        6.191620e-01
        44         3       -1.578436e+00
        45         3        6.364048e-01
        46         3        7.957363e-01
        47         3       -2.106003e+00
        48         3        3.856793e-01
        49         3        3.769851e-01
        50         3       -3.713490e-01
        51         3       -1.273862e+00
        52         3        2.571099e-01
        53         3       -4.835735e-01
        54         3       -4.067221e-01
        55         3        3.881258e-01
        56         3        1.090580e+00
        57         3       -7.589443e-01
        58         3       -2.138440e+00
        59         3        1.741075e+00
        60         3       -2.177278e+00
        61         3        1.098396e+00
        62         3       -7.877027e-02
        63         3       -5.985407e-02
        64         3        7.632755e-01
        65         3       -9.734270e-01
        66         3       -2.823814e-01
        67         3        1.364230e+00
        68         3        1.440747e+00
        69         3        1.898037e-01
        70         3       -6.615707e-01
        71         3       -1.371564e+00
        72         3       -1.238775e+00
        73         3        1.173029e+00
        74         3       -9.865987e-02
        75         3       -1.189660e+00
        76         3       -5.927315e-01
        77         3       -3.772397e-01
        78         3       -8.461003e-01
        79         3        2.319892e-01
        80         3        3.189829e-01
        81         3       -8.838727e-01
        82         3       -4.987585e-01
         1         4       -1.869844e-01
         2         4        6.257389e-01
         3         4        2.057530e+00
         4         4       -5.905589e-01
         5         4        7.870791e-02
         6         4        4.985319e-01
         7         4        1.386464e+00
         8         4       -3.898224e-01
         9         4        4.315245e-01
        10         4       -6.693690e-01
        11         4        8.608078e-01
        12         4       -3.563148e-01
        13         4        7.968920e-01
        14         4        1.070297e+00
        15         4        4.864231e-01
        16         4       -9.613098e-01
        17         4        8.625200e-01
        18         4        1.860620e-01
        19         4        1.360521e-02
        20         4       -1.973660e+00
        21         4       -1.198743e+00
        22         4        1.401336e+00
        23         4        1.140136e+00
        24         4       -1.698915e+00
        25         4        1.400625e-01
        26         4       -3.652736e-01
        27         4       -1.035899e+00
        28         4        6.480989e-01
        29         4       -1.015793e+00
        30         4       -9.115862e-01
        31         4        1.414143e+00
        32         4       -2.216536e+00
        33         4       -1.599935e-01
        34         4       -5.455558e-01
        35         4        1.218123e+00
        36         4       -3.705893e-01
        37         4        1.407817e+00
        38         4       -7.934938e-01
        39         4        5.354750e-01
        40         4        6.877866e-01
        41         4       -1.950386e+00
        42         4       -5.229067e-01
        43         4       -2.204682e-01
        44         4        9.744984e-01
        45         4       -1.084835e-01
        46         4        8.827031e-01
        47         4       -4.009743e-01
        48         4       -1.471443e+00
        49         4       -1.052491e+00
        50         4       -7.965923e-01
        51         4       -4.679162e-01
        52         4       -1.805420e+00
        53         4       -7.996593e-01
        54         4        1.776748e-01
        55         4        6.487425e-02
        56         4        1.288417e+00
        57         4        3.821509e-01
        58         4       -1.863511e+00
        59         4       -1.066145e+00
        60         4       -7.976277e-02
        61         4       -2.260587e-01
        62         4        6.360080e-01
        63         4        6.948314e-01
        64         4       -1.217085e-01
        65         4        2.345395e+00
        66         4       -5.715410e-01
        67         4        7.067926e-01
        68         4        2.501222e+00
        69         4        3.436462e-01
        70         4       -8.611101e-02
        71         4       -4.845480e-01
        72         4       -2.213582e+00
        73         4        1.473634e+00
        74         4        1.628904e+00
        75         4       -7.359947e-01
        76         4       -4.179707e-01
        77         4       -1.132057e-01
        78         4        2.659406e-01
        79         4       -8.784423e-01
        80         4        1.641221e+00
        81         4        1.478736e+00
        82         4       -1.169041e+00
         1         5       -8.618099e-01
         2         5       -9.635314e-02
         3         5       -6.782842e-01
         4         5        1.133707e+00
         5         5        7.017693e-01
         6         5        1.428300e-01
         7         5        2.155298e-01
         8         5       -1.913872e-01
         9         5       -6.546196e-01
        10         5       -3.200570e-01
        11         5        2.997745e-02
        12         5        4.545160e-01
        13         5        1.662760e+00
        14         5       -9.439304e-01
        15         5        1.680635e+00
        16         5        1.455507e+00
        17         5        2.942155e-01
        18         5       -6.814704e-01
        19         5       -1.338525e+00
        20         5        1.247504e+00
        21         5       -3.204940e-01
        22         5       -7.555730e-01
        23         5        1.305915e+00
        24         5       -6.665172e-01
        25         5       -1.508264e+00
        26         5        1.390714e+00
        27         5        7.516843e-01
        28         5       -1.944288e+00
        29         5       -1.354379e+00
        30         5       -1.633529e+00
        31         5       -9.044730e-02
        32         5       -1.222001e+00
        33         5       -2.478057e-01
        34         5        6.187341e-01
        35         5       -1.394119e+00
        36         5        1.065991e-01
        37         5       -3.759532e-01
        38         5       -7.077506e-01
        39         5        1.352711e+00
        40         5        1.005342e+00
        41         5       -6.503781e-02
        42         5       -2.749010e-01
        43         5        1.877775e-02
        44         5       -3.924868e-01
        45         5       -8.063766e-01
        46         5       -6.116328e-02
        47         5        7.559082e-01
        48         5       -9.398445e-01
        49         5       -8.330869e-01
        50         5        6.972596e-01
        51         5        1.093638e+00
        52         5       -3.008106e-01
        53         5        1.123847e+00
        54         5        1.242205e+00
        55         5       -7.802761e-02
        56         5        7.108169e-01
        57         5        1.028196e+00
        58         5        2.215741e-01
        59         5        1.687453e-01
        60         5        2.036905e+00
        61         5        2.122266e+00
        62         5        2.050512e-01
        63         5        1.523893e-01
        64         5        3.673763e-01
        65         5       -9.796213e-01
        66         5        7.140974e-01
        67         5       -8.612385e-01
        68         5        7.136486e-01
        69         5        1.250160e+00
        70         5        1.035508e+00
        71         5        8.984221e-01
        72         5       -4.238290e-01
        73         5        7.269596e-01
        74         5       -1.205166e+00
        75         5        6.954321e-01
        76         5       -1.176179e+00
        77         5       -1.790444e-01
        78         5        4.842961e-01
        79         5       -8.556522e-01
        80         5        3.914341e-02
        81         5        8.582372e-01
        82         5        2.585081e-01
;

param theta:=
    1        2.873318e+00
    2        3.807029e-01
    3        1.814255e+00
    4        2.782477e-02
    5        1.120949e+00
;
param X_true:=
    1        9.194657e-01
    2        2.020288e+00
    3       -6.030883e-01
    4        1.116311e+00
    5       -1.111801e+00
    6       -3.116089e-02
    7        8.934801e-01
    8        3.229458e+00
    9        5.571483e-01
   10       -3.816504e+00
   11        1.462643e-01
   12        1.346310e-02
   13       -3.771245e-01
   14       -4.612744e+00
   15        1.654935e+00
   16       -8.549378e+00
   17       -1.255911e+00
   18        5.664774e+00
   19       -5.175840e-01
   20       -6.094437e-02
   21       -3.000420e-01
   22       -2.423224e-01
   23       -1.791855e+00
   24       -3.446754e+00
   25        6.989509e-01
   26        4.830717e+00
   27       -3.193653e-01
   28       -5.192348e+00
   29       -2.885277e-01
   30       -1.585292e+00
   31       -3.984066e+00
   32       -2.532300e+00
   33        1.417584e+00
   34        1.540911e+00
   35        1.418532e+00
   36       -4.103552e-01
   37        4.211392e+00
   38       -4.290361e+00
   39        2.701604e+00
   40        4.205345e-01
   41       -5.190547e-02
   42        1.324352e-01
   43        1.565354e+00
   44        1.354629e+00
   45        1.385182e+00
   46       -1.342360e+00
   47       -5.113298e+00
   48        1.264820e+00
   49        4.228845e+00
   50       -2.102345e-01
   51        6.683654e-01
   52        5.237024e-01
   53       -1.735088e+00
   54        2.643421e+00
   55        7.459894e-01
   56        6.874860e+00
   57        7.652722e-01
   58       -5.567414e+00
   59        6.042412e+00
   60        3.617871e+00
   61        3.025517e+00
   62       -1.206273e+00
   63        3.605583e-01
   64        1.798057e+00
   65       -3.555278e+00
   66        7.558414e-01
   67        5.497601e-01
   68        1.647132e+00
   69        3.103726e+00
   70        1.825722e-01
   71       -3.609750e+00
   72       -2.874099e+00
   73        3.848526e+00
   74       -4.495390e-02
   75        2.543060e+00
   76       -4.666500e+00
   77       -2.548203e+00
   78        1.950541e+00
   79        3.104764e-01
   80        6.309088e-01
   81        1.226420e-03
   82       -7.727682e-01
;
param X:=
    1       -4.528853e-01
    2        6.578706e-01
    3       -8.928099e-01
    4        1.145120e-01
    5        2.111645e-01
    6       -3.116089e-02
    7        1.395240e+00
    8        3.229458e+00
    9        5.571483e-01
   10       -3.816504e+00
   11       -1.392529e-01
   12       -7.499349e-01
   13       -3.771245e-01
   14       -1.734065e+00
   15        1.654935e+00
   16       -8.549378e+00
   17        3.516150e-01
   18        5.664774e+00
   19       -1.568814e+00
   20       -6.094437e-02
   21       -3.000420e-01
   22       -2.423224e-01
   23        1.426912e-01
   24       -3.446754e+00
   25       -9.943802e-01
   26        4.830717e+00
   27       -3.193653e-01
   28       -5.192348e+00
   29       -1.988408e+00
   30        7.115160e-01
   31       -3.984066e+00
   32       -2.532300e+00
   33       -1.229405e-01
   34       -5.407521e-02
   35        6.798801e-01
   36        1.138304e+00
   37        1.290879e+00
   38       -4.290361e+00
   39        6.168325e-01
   40        4.921584e-01
   41       -7.120210e-01
   42        1.324352e-01
   43       -3.612540e-01
   44        1.354629e+00
   45       -7.130588e-01
   46        2.075733e-02
   47       -5.113298e+00
   48        1.264820e+00
   49        4.228845e+00
   50        1.128319e-01
   51        6.683654e-01
   52        5.237024e-01
   53       -5.972956e-01
   54        2.643421e+00
   55        4.431402e-01
   56        6.874860e+00
   57        7.652722e-01
   58       -5.567414e+00
   59        2.190212e+00
   60        1.232791e+00
   61        3.025517e+00
   62       -1.362816e+00
   63        8.598164e-01
   64        1.221028e+00
   65       -3.555278e+00
   66        7.558414e-01
   67        5.497601e-01
   68        1.647132e+00
   69        3.103726e+00
   70        1.825722e-01
   71       -7.318108e-01
   72       -8.894523e-01
   73        3.848526e+00
   74        5.583562e-01
   75        2.543060e+00
   76       -2.145952e+00
   77       -2.548203e+00
   78       -2.720579e-01
   79       -1.366329e+00
   80        1.519192e+00
   81        1.226420e-03
   82        6.275537e-01
;
param outliervec:=
    1    1
    2    1
    3    1
    4    1
    5    1
    6    0
    7    1
    8    0
    9    0
   10    0
   11    1
   12    1
   13    0
   14    1
   15    0
   16    0
   17    1
   18    0
   19    1
   20    0
   21    0
   22    0
   23    1
   24    0
   25    1
   26    0
   27    0
   28    0
   29    1
   30    1
   31    0
   32    0
   33    1
   34    1
   35    1
   36    1
   37    1
   38    0
   39    1
   40    1
   41    1
   42    0
   43    1
   44    0
   45    1
   46    1
   47    0
   48    0
   49    0
   50    1
   51    0
   52    0
   53    1
   54    0
   55    1
   56    0
   57    0
   58    0
   59    1
   60    1
   61    0
   62    1
   63    1
   64    1
   65    0
   66    0
   67    0
   68    0
   69    0
   70    0
   71    1
   72    1
   73    0
   74    1
   75    0
   76    1
   77    0
   78    1
   79    1
   80    1
   81    0
   82    1
; 
param greedy_time :=         3.425571e-01
;