data;


param FN:= 0;
param D:= 100;
param U_Original:=
         1         1       -1.232324e+00
         2         1        1.790191e-01
         3         1       -5.705454e-01
         4         1        2.183561e-02
         5         1        9.288803e-01
         6         1        1.015253e+00
         7         1       -1.552796e+00
         8         1        1.059154e+00
         9         1        3.735077e-01
        10         1        1.003183e+00
        11         1        4.307227e-02
        12         1        4.100606e-01
        13         1       -1.454798e+00
        14         1        1.857176e+00
        15         1        1.405370e+00
        16         1        1.011237e+00
        17         1       -6.632116e-01
        18         1        1.109123e+00
        19         1       -1.523349e+00
        20         1        5.547378e-01
        21         1       -1.366703e+00
        22         1        6.090927e-01
        23         1       -7.116854e-01
        24         1        1.567336e+00
        25         1        3.403200e-02
        26         1        4.320208e-01
        27         1        3.109928e-01
        28         1       -1.227428e+00
        29         1       -1.099529e+00
        30         1       -4.484259e-01
        31         1       -3.162916e-01
        32         1        3.774704e-01
        33         1        4.537934e-01
        34         1       -1.165657e+00
        35         1        3.638343e-01
        36         1        1.083556e-01
        37         1       -7.433849e-01
        38         1       -1.740509e+00
        39         1       -2.463475e-02
        40         1        3.078582e-01
        41         1        5.692460e-01
        42         1        6.443856e-01
        43         1       -6.168388e-01
        44         1       -2.728734e-01
        45         1       -3.598257e-01
        46         1        1.760777e-01
        47         1        4.855940e-01
        48         1       -1.452162e+00
        49         1        4.920371e-01
        50         1       -7.806800e-01
        51         1        1.722623e+00
        52         1        8.815952e-01
        53         1        2.371955e-01
        54         1       -4.272922e-03
        55         1        9.408330e-01
        56         1       -1.143051e+00
        57         1       -2.291539e+00
        58         1        6.783910e-02
        59         1       -6.041399e-01
        60         1        1.718370e-01
        61         1       -1.423235e+00
        62         1        6.585221e-01
        63         1        7.081792e-01
        64         1       -1.803326e+00
        65         1       -1.463452e+00
        66         1        8.065394e-01
        67         1        9.105506e-01
        68         1        5.763741e-01
        69         1       -2.760420e+00
        70         1       -3.228689e-01
        71         1        2.416830e-01
        72         1        5.263561e-01
        73         1       -6.763047e-01
        74         1        1.071629e+00
        75         1       -5.306750e-01
        76         1       -1.976976e+00
        77         1        1.727039e-01
        78         1       -1.081467e+00
        79         1        4.523760e-01
        80         1        2.963404e-01
        81         1        1.330966e-01
        82         1       -9.302523e-01
        83         1        4.281489e-01
        84         1        1.083336e+00
        85         1       -4.862285e-01
        86         1       -5.604730e-01
        87         1        4.856430e-01
        88         1       -8.584574e-01
        89         1        3.092071e-01
        90         1        1.052464e+00
        91         1        2.160031e+00
        92         1        3.684782e-01
        93         1        8.637600e-01
        94         1       -6.221879e-01
        95         1        3.210702e-01
        96         1        5.429831e-01
        97         1        1.951475e+00
        98         1       -6.030917e-02
        99         1       -4.503533e-01
       100         1       -8.752515e-01
         1         2       -4.186660e-02
         2         2        1.276520e-02
         3         2        4.452959e-01
         4         2       -2.001605e-01
         5         2        7.464861e-02
         6         2       -3.578145e-01
         7         2        6.539242e-01
         8         2       -1.669134e+00
         9         2        1.194923e+00
        10         2       -4.875674e-01
        11         2        2.719534e-01
        12         2       -5.526160e-01
        13         2        9.206209e-01
        14         2       -9.991143e-01
        15         2       -6.530453e-01
        16         2        2.272369e-01
        17         2       -6.461486e-01
        18         2        3.124812e-01
        19         2        2.927549e-01
        20         2       -1.679132e-01
        21         2       -1.612105e+00
        22         2        1.042042e-01
        23         2        1.200608e+00
        24         2       -1.398776e+00
        25         2        7.064635e-01
        26         2       -6.317357e-01
        27         2       -1.717337e+00
        28         2        4.251117e-01
        29         2       -1.804639e+00
        30         2        2.256869e-02
        31         2       -3.261428e-01
        32         2        4.284076e-01
        33         2       -8.586035e-01
        34         2        4.595549e-01
        35         2        1.299952e+00
        36         2        1.376229e+00
        37         2       -8.648621e-01
        38         2       -4.107463e-01
        39         2        2.506888e-01
        40         2        1.041785e-01
        41         2       -8.771174e-01
        42         2       -4.711076e-01
        43         2       -1.118170e+00
        44         2        7.607772e-01
        45         2       -1.058229e+00
        46         2        3.311463e-01
        47         2       -1.746730e+00
        48         2       -2.057414e+00
        49         2        1.085505e+00
        50         2        2.592743e-01
        51         2        1.153178e-03
        52         2       -3.713226e-01
        53         2       -5.183077e-01
        54         2       -1.515724e-01
        55         2       -4.617749e-02
        56         2        1.354820e-02
        57         2       -9.183306e-01
        58         2       -8.936307e-01
        59         2        1.112611e-01
        60         2       -1.098425e+00
        61         2       -5.424788e-01
        62         2       -1.522816e-01
        63         2        6.024008e-01
        64         2       -1.442309e+00
        65         2       -1.872130e-01
        66         2       -4.660884e-01
        67         2        1.048789e+00
        68         2       -1.390786e+00
        69         2       -7.169188e-01
        70         2       -6.549820e-01
        71         2        4.172839e-01
        72         2        2.923206e+00
        73         2       -9.476051e-01
        74         2       -4.640270e-01
        75         2        1.412546e+00
        76         2       -1.015904e+00
        77         2       -1.048399e+00
        78         2       -3.307289e-01
        79         2       -1.730938e-01
        80         2       -5.348585e-01
        81         2        5.868648e-02
        82         2        1.302119e+00
        83         2       -6.863364e-01
        84         2       -2.702543e-01
        85         2       -1.518845e+00
        86         2       -7.460200e-02
        87         2       -1.145011e+00
        88         2       -1.457214e+00
        89         2       -1.127323e+00
        90         2        7.511700e-02
        91         2        1.183109e+00
        92         2        7.988083e-03
        93         2        9.993463e-01
        94         2        6.390823e-01
        95         2       -1.232493e+00
        96         2       -5.557169e-01
        97         2        1.631808e-01
        98         2       -2.781089e-01
        99         2       -1.383095e+00
       100         2       -1.518463e+00
         1         3        2.843127e-01
         2         3        9.898686e-01
         3         3       -6.266437e-01
         4         3        1.888381e+00
         5         3       -3.864472e-01
         6         3        2.317467e-01
         7         3       -1.627951e+00
         8         3       -2.791447e-01
         9         3        6.246630e-01
        10         3        1.506705e+00
        11         3        5.496068e-01
        12         3       -9.088279e-02
        13         3       -1.506973e-01
        14         3       -5.258987e-01
        15         3        2.518950e-03
        16         3        4.453688e-01
        17         3       -3.541859e-01
        18         3        7.514427e-01
        19         3        1.097903e+00
        20         3        3.056953e-01
        21         3       -2.059224e-01
        22         3       -2.210681e+00
        23         3        3.856557e-02
        24         3        6.757715e-02
        25         3        4.507573e-01
        26         3       -1.389070e+00
        27         3       -6.393529e-01
        28         3       -8.185005e-01
        29         3        1.932976e+00
        30         3        4.609243e-01
        31         3       -6.133532e-01
        32         3       -7.325437e-01
        33         3        1.651526e+00
        34         3        3.280692e-01
        35         3        2.894407e-01
        36         3       -6.346507e-01
        37         3        6.625781e-01
        38         3       -8.167613e-01
        39         3        4.645764e-01
        40         3        5.097944e-01
        41         3       -4.059729e-01
        42         3        8.437275e-01
        43         3       -6.991483e-01
        44         3        7.145737e-01
        45         3       -1.245343e+00
        46         3       -1.542594e-01
        47         3       -1.543919e+00
        48         3       -1.177409e-01
        49         3       -3.457053e-01
        50         3        1.706797e+00
        51         3        6.897149e-01
        52         3        1.324193e+00
        53         3        9.196338e-01
        54         3       -2.453858e-01
        55         3        8.209320e-01
        56         3       -5.169706e-01
        57         3        3.864173e-01
        58         3       -6.946035e-01
        59         3       -1.372360e+00
        60         3       -9.938174e-01
        61         3       -1.089960e+00
        62         3        8.031138e-01
        63         3       -2.861630e-01
        64         3        6.793744e-02
        65         3       -5.015573e-01
        66         3        2.333437e-02
        67         3       -3.093023e-01
        68         3       -1.094158e+00
        69         3       -3.895071e-02
        70         3        6.450937e-01
        71         3       -2.183678e+00
        72         3        1.456653e+00
        73         3        1.367680e+00
        74         3       -9.304359e-02
        75         3       -9.561237e-01
        76         3       -2.496854e-01
        77         3       -4.453078e-01
        78         3        1.338257e+00
        79         3        5.309330e-01
        80         3       -4.501800e-01
        81         3        3.289667e-01
        82         3       -1.850183e-01
        83         3       -5.470583e-01
        84         3        1.210402e+00
        85         3        1.485421e+00
        86         3       -9.365506e-01
        87         3       -1.196349e-01
        88         3       -2.030733e-01
        89         3       -3.485760e-01
        90         3       -2.376543e-01
        91         3        1.551406e+00
        92         3       -9.633793e-02
        93         3        1.392199e-01
        94         3       -6.344720e-01
        95         3        2.464101e-01
        96         3        7.655938e-01
        97         3       -1.624890e+00
        98         3        1.039597e+00
        99         3       -1.219067e+00
       100         3        1.853021e+00
         1         4        2.526890e+00
         2         4       -6.894957e-01
         3         4       -1.159921e+00
         4         4       -8.669269e-01
         5         4       -5.287568e-01
         6         4       -9.962387e-01
         7         4        6.639760e-01
         8         4        1.376216e+00
         9         4       -6.015154e-01
        10         4       -2.202191e-01
        11         4        1.622953e+00
        12         4       -7.165724e-01
        13         4       -1.467247e+00
        14         4       -6.880189e-01
        15         4       -3.023225e-01
        16         4        4.019712e-01
        17         4        2.413832e+00
        18         4        1.895379e+00
        19         4        9.473819e-01
        20         4       -3.391807e-01
        21         4        9.364584e-01
        22         4        1.071573e+00
        23         4        9.156143e-01
        24         4        1.706776e-01
        25         4       -2.350039e-01
        26         4       -4.690877e-02
        27         4       -3.852433e-01
        28         4        2.458549e-01
        29         4       -1.273067e-01
        30         4        2.351968e-01
        31         4        1.334944e-01
        32         4       -1.615108e-01
        33         4        1.362349e+00
        34         4       -1.739346e+00
        35         4        2.290757e+00
        36         4        1.236941e+00
        37         4       -2.500388e-01
        38         4       -1.343839e-02
        39         4       -1.692432e+00
        40         4       -5.425247e-01
        41         4       -1.031676e+00
        42         4        1.114144e+00
        43         4       -2.734048e-01
        44         4        1.613883e+00
        45         4       -1.819007e-01
        46         4       -1.927454e+00
        47         4       -6.016049e-01
        48         4       -5.860638e-01
        49         4       -2.606808e-01
        50         4       -7.077276e-02
        51         4       -6.049198e-02
        52         4        1.281982e+00
        53         4        2.469216e-01
        54         4        1.796444e-01
        55         4       -1.450343e+00
        56         4        3.346095e-01
        57         4       -3.611659e-01
        58         4        4.152387e-01
        59         4        8.433092e-01
        60         4       -8.910400e-01
        61         4        4.814797e-01
        62         4       -1.735953e-01
        63         4        2.966404e-01
        64         4        8.108484e-01
        65         4        1.686036e+00
        66         4       -8.375631e-01
        67         4        3.684865e-01
        68         4       -1.012051e+00
        69         4       -1.780852e+00
        70         4       -6.104723e-01
        71         4       -1.016294e+00
        72         4        6.568660e-01
        73         4        1.396463e-01
        74         4       -1.294312e+00
        75         4        6.535801e-01
        76         4       -7.897975e-01
        77         4       -2.801160e-01
        78         4        6.990590e-01
        79         4       -1.941729e+00
        80         4       -2.633978e-01
        81         4        4.823591e-01
        82         4       -1.604907e-01
        83         4       -7.572628e-01
        84         4        2.168172e+00
        85         4        1.682647e+00
        86         4        1.477018e-01
        87         4        2.906483e+00
        88         4       -3.506255e-01
        89         4       -4.857039e-01
        90         4        1.537573e+00
        91         4       -5.614189e-01
        92         4        7.118844e-01
        93         4       -2.405988e+00
        94         4       -3.045986e+00
        95         4        1.170363e-03
        96         4        5.422061e-01
        97         4        1.085293e+00
        98         4       -1.904684e-01
        99         4        3.034774e-02
       100         4        2.131013e+00
         1         5       -6.886889e-01
         2         5       -7.243835e-01
         3         5        1.358329e+00
         4         5       -2.943008e-01
         5         5       -3.206941e-01
         6         5       -1.940901e-02
         7         5       -1.414701e+00
         8         5        1.056461e+00
         9         5       -1.561999e+00
        10         5       -7.094193e-01
        11         5       -6.756563e-01
        12         5        5.558015e-01
        13         5       -3.155810e-01
        14         5        2.282371e-01
        15         5       -1.504050e-01
        16         5       -1.362683e+00
        17         5        2.153833e+00
        18         5        3.789038e-02
        19         5       -5.997425e-01
        20         5       -5.709736e-02
        21         5        1.054790e+00
        22         5       -1.429911e+00
        23         5       -1.321248e+00
        24         5       -8.672897e-01
        25         5       -8.222487e-01
        26         5        1.255689e+00
        27         5       -1.489461e+00
        28         5        2.024049e+00
        29         5       -7.901562e-01
        30         5       -3.562812e-01
        31         5        6.150508e-01
        32         5       -1.208782e+00
        33         5        1.145057e+00
        34         5       -9.252882e-02
        35         5       -5.131247e-01
        36         5        4.361573e-01
        37         5        6.258352e-01
        38         5       -1.773411e+00
        39         5       -1.001415e+00
        40         5       -1.804784e+00
        41         5       -1.638301e+00
        42         5       -8.519659e-01
        43         5       -1.228037e+00
        44         5       -6.389278e-01
        45         5        4.530202e-02
        46         5       -1.093058e+00
        47         5        2.545694e-01
        48         5       -4.815103e-01
        49         5       -1.764071e+00
        50         5        9.721355e-01
        51         5       -5.129101e-01
        52         5        1.377732e-01
        53         5        2.130672e+00
        54         5       -1.312802e+00
        55         5        7.788094e-01
        56         5        3.274080e-02
        57         5       -5.071968e-01
        58         5       -1.329866e+00
        59         5        4.135974e-01
        60         5        1.625668e+00
        61         5        1.192318e+00
        62         5        1.806201e-01
        63         5        8.043505e-01
        64         5        9.119378e-01
        65         5       -9.286157e-01
        66         5       -3.767348e-01
        67         5       -8.849190e-01
        68         5       -2.559141e-01
        69         5       -1.018307e+00
        70         5        9.122987e-01
        71         5       -2.415814e+00
        72         5       -6.224276e-01
        73         5       -2.099335e-01
        74         5        5.510691e-01
        75         5        1.410195e+00
        76         5       -1.758832e+00
        77         5       -5.487164e-01
        78         5        1.536579e+00
        79         5        1.509228e+00
        80         5       -6.691586e-01
        81         5        1.365195e-01
        82         5       -1.306711e+00
        83         5        2.054532e-01
        84         5        7.703873e-01
        85         5       -1.255254e-02
        86         5       -1.390504e+00
        87         5        1.137543e+00
        88         5        1.098458e+00
        89         5       -9.151129e-02
        90         5       -1.662199e+00
        91         5       -3.466851e-01
        92         5        2.922148e-01
        93         5        2.613795e-01
        94         5        9.543087e-01
        95         5        1.677162e+00
        96         5        1.284489e+00
        97         5       -9.677011e-01
        98         5       -2.540765e-01
        99         5       -8.822322e-01
       100         5       -7.404765e-01
;
param X_Original:=
    1       -5.205014e-01
    2       -3.846508e-01
    3        2.099702e-02
    4       -2.243632e-01
    5       -7.973003e-01
    6        1.296118e+00
    7       -1.966080e-01
    8        2.887353e-01
    9        1.180109e+00
   10        1.748221e+00
   11        1.750291e-01
   12        1.292619e-01
   13       -7.530628e-01
   14        2.048919e+00
   15       -1.494759e+00
   16        2.996656e-01
   17        2.425027e+00
   18       -9.851651e-02
   19       -1.761068e+00
   20       -1.102549e-02
   21       -5.320651e-01
   22        9.570467e-02
   23        1.532328e+00
   24        1.493496e-01
   25       -2.819451e-03
   26        9.601987e-01
   27        2.314780e+00
   28       -5.494690e-01
   29       -1.316554e+00
   30       -8.470678e-01
   31        1.274882e+00
   32        5.317108e-02
   33        4.828854e-01
   34       -1.183276e-02
   35       -8.139816e-01
   36        7.837888e-02
   37        1.541234e+00
   38       -1.385163e+00
   39       -4.316153e-01
   40       -1.008021e-01
   41       -1.669371e+00
   42       -4.420425e-01
   43        5.490541e-01
   44        3.445135e-01
   45       -5.461595e-01
   46       -1.042782e-01
   47        6.874074e-01
   48       -1.592632e+00
   49       -6.918150e-01
   50       -5.138050e-02
   51       -3.833531e-01
   52        2.985103e+00
   53       -4.685057e-01
   54        5.135523e-01
   55       -9.438379e-01
   56       -3.368755e-01
   57       -1.633676e+00
   58       -5.374426e-01
   59        2.296101e-01
   60        6.565478e-01
   61       -5.339701e-01
   62        7.231199e-01
   63        7.956959e-01
   64       -1.031381e+00
   65        9.542463e-01
   66       -9.420307e-02
   67       -5.857880e-02
   68        1.810644e+00
   69        5.970655e-01
   70        1.101948e+00
   71       -7.191673e-01
   72       -5.426851e-01
   73       -6.536677e-01
   74        3.568109e-01
   75        1.000876e+00
   76        2.469623e-01
   77       -4.269258e-01
   78        6.924105e-01
   79        1.197097e+00
   80       -2.328814e-01
   81        1.962961e-01
   82       -7.346683e-01
   83       -5.943558e-02
   84        6.505770e-01
   85       -4.580442e-01
   86       -2.173549e-01
   87        6.051074e-01
   88       -6.613674e-01
   89        7.114060e-01
   90        3.501095e-01
   91        1.323547e+00
   92       -1.469787e+00
   93       -8.821455e-01
   94       -1.228082e+00
   95       -2.406474e-01
   96        5.266716e-01
   97        1.260820e+00
   98       -6.223949e-04
   99        4.848627e-01
  100       -7.744472e-01
;
param outliervec_original :=
    1    1
    2    1
    3    0
    4    0
    5    1
    6    1
    7    1
    8    1
    9    1
   10    1
   11    0
   12    1
   13    0
   14    1
   15    1
   16    0
   17    1
   18    1
   19    1
   20    1
   21    1
   22    0
   23    1
   24    1
   25    0
   26    1
   27    1
   28    1
   29    0
   30    1
   31    1
   32    1
   33    0
   34    1
   35    1
   36    1
   37    1
   38    1
   39    0
   40    1
   41    1
   42    1
   43    1
   44    1
   45    0
   46    1
   47    1
   48    0
   49    1
   50    0
   51    1
   52    1
   53    1
   54    1
   55    1
   56    1
   57    0
   58    0
   59    1
   60    1
   61    0
   62    1
   63    0
   64    1
   65    1
   66    1
   67    1
   68    1
   69    1
   70    1
   71    1
   72    1
   73    0
   74    0
   75    1
   76    1
   77    0
   78    1
   79    1
   80    0
   81    0
   82    1
   83    0
   84    1
   85    0
   86    1
   87    0
   88    0
   89    1
   90    0
   91    0
   92    1
   93    1
   94    1
   95    1
   96    0
   97    1
   98    1
   99    1
  100    0
;
param d:= 79;
param r:=5;
param p:=0.700000;
param M:=1000;
param U:=
         1         1       -1.232324e+00
         2         1        1.790191e-01
         3         1       -5.705454e-01
         4         1        2.183561e-02
         5         1        1.015253e+00
         6         1       -1.552796e+00
         7         1        1.059154e+00
         8         1        4.307227e-02
         9         1        4.100606e-01
        10         1       -1.454798e+00
        11         1        1.857176e+00
        12         1        1.011237e+00
        13         1        1.109123e+00
        14         1       -1.523349e+00
        15         1        5.547378e-01
        16         1       -1.366703e+00
        17         1        6.090927e-01
        18         1        1.567336e+00
        19         1        3.403200e-02
        20         1        4.320208e-01
        21         1       -1.227428e+00
        22         1       -1.099529e+00
        23         1       -4.484259e-01
        24         1       -3.162916e-01
        25         1        3.774704e-01
        26         1        4.537934e-01
        27         1       -1.165657e+00
        28         1        3.638343e-01
        29         1        1.083556e-01
        30         1       -1.740509e+00
        31         1       -2.463475e-02
        32         1        3.078582e-01
        33         1        6.443856e-01
        34         1       -2.728734e-01
        35         1       -3.598257e-01
        36         1        1.760777e-01
        37         1        4.855940e-01
        38         1       -1.452162e+00
        39         1        4.920371e-01
        40         1       -7.806800e-01
        41         1       -4.272922e-03
        42         1       -1.143051e+00
        43         1       -2.291539e+00
        44         1        6.783910e-02
        45         1       -6.041399e-01
        46         1        1.718370e-01
        47         1       -1.423235e+00
        48         1        6.585221e-01
        49         1        7.081792e-01
        50         1       -1.803326e+00
        51         1        8.065394e-01
        52         1        9.105506e-01
        53         1       -3.228689e-01
        54         1        2.416830e-01
        55         1        5.263561e-01
        56         1       -6.763047e-01
        57         1        1.071629e+00
        58         1       -5.306750e-01
        59         1        1.727039e-01
        60         1       -1.081467e+00
        61         1        4.523760e-01
        62         1        2.963404e-01
        63         1        1.330966e-01
        64         1       -9.302523e-01
        65         1        4.281489e-01
        66         1        1.083336e+00
        67         1       -4.862285e-01
        68         1       -5.604730e-01
        69         1        4.856430e-01
        70         1       -8.584574e-01
        71         1        3.092071e-01
        72         1        1.052464e+00
        73         1        2.160031e+00
        74         1        3.210702e-01
        75         1        5.429831e-01
        76         1        1.951475e+00
        77         1       -6.030917e-02
        78         1       -4.503533e-01
        79         1       -8.752515e-01
         1         2       -4.186660e-02
         2         2        1.276520e-02
         3         2        4.452959e-01
         4         2       -2.001605e-01
         5         2       -3.578145e-01
         6         2        6.539242e-01
         7         2       -1.669134e+00
         8         2        2.719534e-01
         9         2       -5.526160e-01
        10         2        9.206209e-01
        11         2       -9.991143e-01
        12         2        2.272369e-01
        13         2        3.124812e-01
        14         2        2.927549e-01
        15         2       -1.679132e-01
        16         2       -1.612105e+00
        17         2        1.042042e-01
        18         2       -1.398776e+00
        19         2        7.064635e-01
        20         2       -6.317357e-01
        21         2        4.251117e-01
        22         2       -1.804639e+00
        23         2        2.256869e-02
        24         2       -3.261428e-01
        25         2        4.284076e-01
        26         2       -8.586035e-01
        27         2        4.595549e-01
        28         2        1.299952e+00
        29         2        1.376229e+00
        30         2       -4.107463e-01
        31         2        2.506888e-01
        32         2        1.041785e-01
        33         2       -4.711076e-01
        34         2        7.607772e-01
        35         2       -1.058229e+00
        36         2        3.311463e-01
        37         2       -1.746730e+00
        38         2       -2.057414e+00
        39         2        1.085505e+00
        40         2        2.592743e-01
        41         2       -1.515724e-01
        42         2        1.354820e-02
        43         2       -9.183306e-01
        44         2       -8.936307e-01
        45         2        1.112611e-01
        46         2       -1.098425e+00
        47         2       -5.424788e-01
        48         2       -1.522816e-01
        49         2        6.024008e-01
        50         2       -1.442309e+00
        51         2       -4.660884e-01
        52         2        1.048789e+00
        53         2       -6.549820e-01
        54         2        4.172839e-01
        55         2        2.923206e+00
        56         2       -9.476051e-01
        57         2       -4.640270e-01
        58         2        1.412546e+00
        59         2       -1.048399e+00
        60         2       -3.307289e-01
        61         2       -1.730938e-01
        62         2       -5.348585e-01
        63         2        5.868648e-02
        64         2        1.302119e+00
        65         2       -6.863364e-01
        66         2       -2.702543e-01
        67         2       -1.518845e+00
        68         2       -7.460200e-02
        69         2       -1.145011e+00
        70         2       -1.457214e+00
        71         2       -1.127323e+00
        72         2        7.511700e-02
        73         2        1.183109e+00
        74         2       -1.232493e+00
        75         2       -5.557169e-01
        76         2        1.631808e-01
        77         2       -2.781089e-01
        78         2       -1.383095e+00
        79         2       -1.518463e+00
         1         3        2.843127e-01
         2         3        9.898686e-01
         3         3       -6.266437e-01
         4         3        1.888381e+00
         5         3        2.317467e-01
         6         3       -1.627951e+00
         7         3       -2.791447e-01
         8         3        5.496068e-01
         9         3       -9.088279e-02
        10         3       -1.506973e-01
        11         3       -5.258987e-01
        12         3        4.453688e-01
        13         3        7.514427e-01
        14         3        1.097903e+00
        15         3        3.056953e-01
        16         3       -2.059224e-01
        17         3       -2.210681e+00
        18         3        6.757715e-02
        19         3        4.507573e-01
        20         3       -1.389070e+00
        21         3       -8.185005e-01
        22         3        1.932976e+00
        23         3        4.609243e-01
        24         3       -6.133532e-01
        25         3       -7.325437e-01
        26         3        1.651526e+00
        27         3        3.280692e-01
        28         3        2.894407e-01
        29         3       -6.346507e-01
        30         3       -8.167613e-01
        31         3        4.645764e-01
        32         3        5.097944e-01
        33         3        8.437275e-01
        34         3        7.145737e-01
        35         3       -1.245343e+00
        36         3       -1.542594e-01
        37         3       -1.543919e+00
        38         3       -1.177409e-01
        39         3       -3.457053e-01
        40         3        1.706797e+00
        41         3       -2.453858e-01
        42         3       -5.169706e-01
        43         3        3.864173e-01
        44         3       -6.946035e-01
        45         3       -1.372360e+00
        46         3       -9.938174e-01
        47         3       -1.089960e+00
        48         3        8.031138e-01
        49         3       -2.861630e-01
        50         3        6.793744e-02
        51         3        2.333437e-02
        52         3       -3.093023e-01
        53         3        6.450937e-01
        54         3       -2.183678e+00
        55         3        1.456653e+00
        56         3        1.367680e+00
        57         3       -9.304359e-02
        58         3       -9.561237e-01
        59         3       -4.453078e-01
        60         3        1.338257e+00
        61         3        5.309330e-01
        62         3       -4.501800e-01
        63         3        3.289667e-01
        64         3       -1.850183e-01
        65         3       -5.470583e-01
        66         3        1.210402e+00
        67         3        1.485421e+00
        68         3       -9.365506e-01
        69         3       -1.196349e-01
        70         3       -2.030733e-01
        71         3       -3.485760e-01
        72         3       -2.376543e-01
        73         3        1.551406e+00
        74         3        2.464101e-01
        75         3        7.655938e-01
        76         3       -1.624890e+00
        77         3        1.039597e+00
        78         3       -1.219067e+00
        79         3        1.853021e+00
         1         4        2.526890e+00
         2         4       -6.894957e-01
         3         4       -1.159921e+00
         4         4       -8.669269e-01
         5         4       -9.962387e-01
         6         4        6.639760e-01
         7         4        1.376216e+00
         8         4        1.622953e+00
         9         4       -7.165724e-01
        10         4       -1.467247e+00
        11         4       -6.880189e-01
        12         4        4.019712e-01
        13         4        1.895379e+00
        14         4        9.473819e-01
        15         4       -3.391807e-01
        16         4        9.364584e-01
        17         4        1.071573e+00
        18         4        1.706776e-01
        19         4       -2.350039e-01
        20         4       -4.690877e-02
        21         4        2.458549e-01
        22         4       -1.273067e-01
        23         4        2.351968e-01
        24         4        1.334944e-01
        25         4       -1.615108e-01
        26         4        1.362349e+00
        27         4       -1.739346e+00
        28         4        2.290757e+00
        29         4        1.236941e+00
        30         4       -1.343839e-02
        31         4       -1.692432e+00
        32         4       -5.425247e-01
        33         4        1.114144e+00
        34         4        1.613883e+00
        35         4       -1.819007e-01
        36         4       -1.927454e+00
        37         4       -6.016049e-01
        38         4       -5.860638e-01
        39         4       -2.606808e-01
        40         4       -7.077276e-02
        41         4        1.796444e-01
        42         4        3.346095e-01
        43         4       -3.611659e-01
        44         4        4.152387e-01
        45         4        8.433092e-01
        46         4       -8.910400e-01
        47         4        4.814797e-01
        48         4       -1.735953e-01
        49         4        2.966404e-01
        50         4        8.108484e-01
        51         4       -8.375631e-01
        52         4        3.684865e-01
        53         4       -6.104723e-01
        54         4       -1.016294e+00
        55         4        6.568660e-01
        56         4        1.396463e-01
        57         4       -1.294312e+00
        58         4        6.535801e-01
        59         4       -2.801160e-01
        60         4        6.990590e-01
        61         4       -1.941729e+00
        62         4       -2.633978e-01
        63         4        4.823591e-01
        64         4       -1.604907e-01
        65         4       -7.572628e-01
        66         4        2.168172e+00
        67         4        1.682647e+00
        68         4        1.477018e-01
        69         4        2.906483e+00
        70         4       -3.506255e-01
        71         4       -4.857039e-01
        72         4        1.537573e+00
        73         4       -5.614189e-01
        74         4        1.170363e-03
        75         4        5.422061e-01
        76         4        1.085293e+00
        77         4       -1.904684e-01
        78         4        3.034774e-02
        79         4        2.131013e+00
         1         5       -6.886889e-01
         2         5       -7.243835e-01
         3         5        1.358329e+00
         4         5       -2.943008e-01
         5         5       -1.940901e-02
         6         5       -1.414701e+00
         7         5        1.056461e+00
         8         5       -6.756563e-01
         9         5        5.558015e-01
        10         5       -3.155810e-01
        11         5        2.282371e-01
        12         5       -1.362683e+00
        13         5        3.789038e-02
        14         5       -5.997425e-01
        15         5       -5.709736e-02
        16         5        1.054790e+00
        17         5       -1.429911e+00
        18         5       -8.672897e-01
        19         5       -8.222487e-01
        20         5        1.255689e+00
        21         5        2.024049e+00
        22         5       -7.901562e-01
        23         5       -3.562812e-01
        24         5        6.150508e-01
        25         5       -1.208782e+00
        26         5        1.145057e+00
        27         5       -9.252882e-02
        28         5       -5.131247e-01
        29         5        4.361573e-01
        30         5       -1.773411e+00
        31         5       -1.001415e+00
        32         5       -1.804784e+00
        33         5       -8.519659e-01
        34         5       -6.389278e-01
        35         5        4.530202e-02
        36         5       -1.093058e+00
        37         5        2.545694e-01
        38         5       -4.815103e-01
        39         5       -1.764071e+00
        40         5        9.721355e-01
        41         5       -1.312802e+00
        42         5        3.274080e-02
        43         5       -5.071968e-01
        44         5       -1.329866e+00
        45         5        4.135974e-01
        46         5        1.625668e+00
        47         5        1.192318e+00
        48         5        1.806201e-01
        49         5        8.043505e-01
        50         5        9.119378e-01
        51         5       -3.767348e-01
        52         5       -8.849190e-01
        53         5        9.122987e-01
        54         5       -2.415814e+00
        55         5       -6.224276e-01
        56         5       -2.099335e-01
        57         5        5.510691e-01
        58         5        1.410195e+00
        59         5       -5.487164e-01
        60         5        1.536579e+00
        61         5        1.509228e+00
        62         5       -6.691586e-01
        63         5        1.365195e-01
        64         5       -1.306711e+00
        65         5        2.054532e-01
        66         5        7.703873e-01
        67         5       -1.255254e-02
        68         5       -1.390504e+00
        69         5        1.137543e+00
        70         5        1.098458e+00
        71         5       -9.151129e-02
        72         5       -1.662199e+00
        73         5       -3.466851e-01
        74         5        1.677162e+00
        75         5        1.284489e+00
        76         5       -9.677011e-01
        77         5       -2.540765e-01
        78         5       -8.822322e-01
        79         5       -7.404765e-01
;

param theta:=
    1        5.107763e-01
    2        3.109638e-01
    3        1.500072e-02
    4        1.447596e-01
    5        2.585950e-01
;
param X_true:=
    1       -4.504962e-01
    2       -1.768760e-01
    3        2.099702e-02
    4       -2.243632e-01
    5        2.615421e-01
    6       -8.839227e-01
    7        4.901790e-01
    8        1.750291e-01
    9        7.623915e-02
   10       -7.530628e-01
   11        5.894482e-01
   12        2.996656e-01
   13        9.591286e-01
   14       -6.885327e-01
   15        1.718529e-01
   16       -7.941499e-01
   17        9.570467e-02
   18        1.670335e-01
   19       -2.819451e-03
   20        3.213065e-01
   21        5.197366e-02
   22       -1.316554e+00
   23       -2.731986e-01
   24       -9.379994e-02
   25       -2.093174e-02
   26        4.828854e-01
   27       -7.232783e-01
   28        7.933351e-01
   29        7.656297e-01
   30       -1.489530e+00
   31       -4.316153e-01
   32       -3.479540e-01
   33        1.362649e-01
   34        1.763174e-01
   35       -5.461595e-01
   36       -3.710797e-01
   37       -3.395575e-01
   38       -1.592632e+00
   39        8.977196e-02
   40       -5.138050e-02
   41       -3.664756e-01
   42       -5.304807e-01
   43       -1.633676e+00
   44       -5.374426e-01
   45       -6.553730e-02
   46        2.269492e-02
   47       -5.339701e-01
   48        3.226286e-01
   49        7.956959e-01
   50       -1.015383e+00
   51        4.870768e-02
   52        6.110898e-01
   53       -2.113684e-01
   54       -5.513862e-01
   55        1.133843e+00
   56       -6.536677e-01
   57        3.568109e-01
   58        6.131329e-01
   59       -4.269258e-01
   60       -1.366108e-01
   61        2.943963e-01
   62       -2.328814e-01
   63        1.962961e-01
   64       -4.341559e-01
   65       -5.943558e-02
   66        1.000542e+00
   67       -4.580442e-01
   68       -6.617199e-01
   69        6.051074e-01
   70       -6.613674e-01
   71       -2.918244e-01
   72        3.501095e-01
   73        1.323547e+00
   74        2.183058e-01
   75        5.266716e-01
   76        9.300000e-01
   77       -1.949666e-01
   78       -9.021567e-01
   79       -7.744472e-01
;
param X:=
    1       -5.205014e-01
    2       -3.846508e-01
    3        2.099702e-02
    4       -2.243632e-01
    5        1.296118e+00
    6       -1.966080e-01
    7        2.887353e-01
    8        1.750291e-01
    9        1.292619e-01
   10       -7.530628e-01
   11        2.048919e+00
   12        2.996656e-01
   13       -9.851651e-02
   14       -1.761068e+00
   15       -1.102549e-02
   16       -5.320651e-01
   17        9.570467e-02
   18        1.493496e-01
   19       -2.819451e-03
   20        9.601987e-01
   21       -5.494690e-01
   22       -1.316554e+00
   23       -8.470678e-01
   24        1.274882e+00
   25        5.317108e-02
   26        4.828854e-01
   27       -1.183276e-02
   28       -8.139816e-01
   29        7.837888e-02
   30       -1.385163e+00
   31       -4.316153e-01
   32       -1.008021e-01
   33       -4.420425e-01
   34        3.445135e-01
   35       -5.461595e-01
   36       -1.042782e-01
   37        6.874074e-01
   38       -1.592632e+00
   39       -6.918150e-01
   40       -5.138050e-02
   41        5.135523e-01
   42       -3.368755e-01
   43       -1.633676e+00
   44       -5.374426e-01
   45        2.296101e-01
   46        6.565478e-01
   47       -5.339701e-01
   48        7.231199e-01
   49        7.956959e-01
   50       -1.031381e+00
   51       -9.420307e-02
   52       -5.857880e-02
   53        1.101948e+00
   54       -7.191673e-01
   55       -5.426851e-01
   56       -6.536677e-01
   57        3.568109e-01
   58        1.000876e+00
   59       -4.269258e-01
   60        6.924105e-01
   61        1.197097e+00
   62       -2.328814e-01
   63        1.962961e-01
   64       -7.346683e-01
   65       -5.943558e-02
   66        6.505770e-01
   67       -4.580442e-01
   68       -2.173549e-01
   69        6.051074e-01
   70       -6.613674e-01
   71        7.114060e-01
   72        3.501095e-01
   73        1.323547e+00
   74       -2.406474e-01
   75        5.266716e-01
   76        1.260820e+00
   77       -6.223949e-04
   78        4.848627e-01
   79       -7.744472e-01
;
param outliervec:=
    1    1
    2    1
    3    0
    4    0
    5    1
    6    1
    7    1
    8    0
    9    1
   10    0
   11    1
   12    0
   13    1
   14    1
   15    1
   16    1
   17    0
   18    1
   19    0
   20    1
   21    1
   22    0
   23    1
   24    1
   25    1
   26    0
   27    1
   28    1
   29    1
   30    1
   31    0
   32    1
   33    1
   34    1
   35    0
   36    1
   37    1
   38    0
   39    1
   40    0
   41    1
   42    1
   43    0
   44    0
   45    1
   46    1
   47    0
   48    1
   49    0
   50    1
   51    1
   52    1
   53    1
   54    1
   55    1
   56    0
   57    0
   58    1
   59    0
   60    1
   61    1
   62    0
   63    0
   64    1
   65    0
   66    1
   67    0
   68    1
   69    0
   70    0
   71    1
   72    0
   73    0
   74    1
   75    0
   76    1
   77    1
   78    1
   79    0
; 
param greedy_time :=         2.924406e-01
;