data;


param FN:= 0;
param D:= 100;
param U_Original:=
         1         1        1.788807e-01
         2         1        2.763685e-01
         3         1       -1.208463e-02
         4         1       -1.657971e-01
         5         1       -4.192977e-01
         6         1        2.354306e-01
         7         1       -1.736050e+00
         8         1        9.768175e-01
         9         1        4.545230e-01
        10         1        9.267967e-01
        11         1        1.774507e+00
        12         1       -4.776312e-01
        13         1        1.998529e+00
        14         1       -2.398651e-01
        15         1       -3.426581e-01
        16         1       -1.325523e+00
        17         1       -1.361997e+00
        18         1       -1.779830e-01
        19         1       -2.755716e-01
        20         1       -8.372800e-01
        21         1       -1.541505e+00
        22         1       -7.032683e-01
        23         1       -1.484722e-01
        24         1        1.074716e+00
        25         1       -6.283769e-01
        26         1       -1.222370e-01
        27         1        1.434462e+00
        28         1        1.052470e+00
        29         1        1.183719e+00
        30         1        2.113384e-01
        31         1        2.019530e-01
        32         1        1.043033e+00
        33         1       -1.697874e+00
        34         1        1.449874e-01
        35         1       -3.740264e-01
        36         1       -9.735267e-01
        37         1        1.418152e-02
        38         1       -1.554794e+00
        39         1        1.800436e+00
        40         1       -1.972147e+00
        41         1        7.080131e-01
        42         1       -8.274248e-01
        43         1       -1.295154e+00
        44         1        2.143965e-01
        45         1       -4.990319e-01
        46         1        7.907039e-01
        47         1       -5.129107e-01
        48         1        5.441363e-02
        49         1       -1.077049e-02
        50         1        4.110328e-01
        51         1        4.555992e-01
        52         1       -3.952809e-01
        53         1        2.277872e-01
        54         1        1.449005e+00
        55         1        1.026518e+00
        56         1        2.005388e-01
        57         1        4.054111e-01
        58         1       -1.238320e+00
        59         1        2.421578e+00
        60         1        1.510770e+00
        61         1       -9.117364e-01
        62         1       -1.179843e+00
        63         1        1.308872e+00
        64         1       -1.532488e+00
        65         1        1.067877e+00
        66         1        1.366889e+00
        67         1        4.097244e-01
        68         1       -1.544690e+00
        69         1       -1.445313e+00
        70         1       -7.947871e-01
        71         1       -1.932394e+00
        72         1        1.456186e+00
        73         1       -3.387806e-01
        74         1       -2.786895e-01
        75         1        1.017810e+00
        76         1       -2.939856e-01
        77         1       -7.853330e-01
        78         1        6.969929e-01
        79         1       -4.377711e-02
        80         1       -2.290703e-01
        81         1       -2.062769e-01
        82         1       -6.853630e-01
        83         1       -5.621141e-02
        84         1        6.778810e-01
        85         1        1.019924e+00
        86         1       -9.895618e-02
        87         1        8.474523e-01
        88         1        4.465256e-04
        89         1        1.759612e+00
        90         1       -6.989877e-01
        91         1       -8.140277e-02
        92         1        1.152050e+00
        93         1       -1.582252e+00
        94         1       -5.808967e-01
        95         1        1.637536e-01
        96         1        2.478054e-01
        97         1       -1.065603e-01
        98         1        9.101208e-01
        99         1        1.678512e+00
       100         1       -1.732271e+00
         1         2        1.346548e+00
         2         2        3.568623e-01
         3         2        9.417360e-01
         4         2        1.000509e+00
         5         2       -6.029070e-01
         6         2       -9.461501e-01
         7         2       -5.050231e-01
         8         2       -2.811761e-02
         9         2        1.237399e-01
        10         2       -2.147730e+00
        11         2       -5.160511e-02
        12         2       -7.008383e-01
        13         2        3.356892e-01
        14         2        1.398946e+00
        15         2        2.444692e+00
        16         2       -6.970812e-01
        17         2       -5.257596e-01
        18         2       -4.793007e-01
        19         2        6.524125e-01
        20         2       -1.072886e+00
        21         2        9.955419e-01
        22         2        9.048980e-01
        23         2       -1.045732e+00
        24         2        1.477456e+00
        25         2        1.349219e-01
        26         2        9.794867e-01
        27         2       -7.946871e-02
        28         2        1.031080e+00
        29         2        2.973729e-01
        30         2        1.827523e-01
        31         2       -2.247273e-01
        32         2        4.114051e-01
        33         2        1.072413e+00
        34         2       -2.317581e+00
        35         2        1.581120e-01
        36         2       -4.575668e-01
        37         2       -6.617315e-01
        38         2        1.661317e+00
        39         2        9.228289e-01
        40         2       -3.615246e-01
        41         2        3.530645e-01
        42         2       -1.526267e+00
        43         2       -8.841968e-01
        44         2        1.789836e+00
        45         2        1.185791e+00
        46         2        3.989416e-01
        47         2       -1.422669e+00
        48         2       -6.330783e-01
        49         2        3.292359e-01
        50         2       -1.209413e+00
        51         2        1.011368e+00
        52         2       -1.023761e+00
        53         2        1.059197e-01
        54         2       -2.947606e-02
        55         2        1.349004e+00
        56         2       -3.380123e-01
        57         2        9.502627e-01
        58         2        1.329198e+00
        59         2       -2.238351e-01
        60         2       -8.561055e-01
        61         2        7.449130e-01
        62         2        1.081866e+00
        63         2        3.089711e-01
        64         2        6.966044e-01
        65         2       -1.115042e+00
        66         2       -1.951721e+00
        67         2       -1.584908e+00
        68         2       -1.859118e-01
        69         2        2.713481e+00
        70         2        7.573791e-01
        71         2       -6.579610e-01
        72         2       -2.720767e-01
        73         2        1.975885e+00
        74         2       -8.526557e-01
        75         2        4.725408e-01
        76         2       -2.553891e+00
        77         2        8.310754e-01
        78         2       -2.393975e+00
        79         2       -1.193071e-01
        80         2        1.468492e+00
        81         2       -1.102790e+00
        82         2        3.941487e-01
        83         2        2.380076e-01
        84         2        1.751346e+00
        85         2       -5.336396e-01
        86         2       -1.542225e+00
        87         2       -1.806847e+00
        88         2        4.484322e-01
        89         2        6.443858e-01
        90         2        1.535393e-02
        91         2       -3.862186e-01
        92         2       -1.513032e+00
        93         2        5.214188e-01
        94         2        7.145985e-01
        95         2        2.744917e+00
        96         2        8.168074e-01
        97         2        1.801435e+00
        98         2       -6.009302e-02
        99         2       -2.802677e-01
       100         2        1.500129e-01
         1         3       -4.438396e-01
         2         3       -1.058899e+00
         3         3        3.871384e-01
         4         3        7.873772e-01
         5         3        9.315544e-01
         6         3        1.121435e+00
         7         3        2.266015e-02
         8         3       -4.956167e-01
         9         3       -6.865820e-01
        10         3        1.085225e+00
        11         3       -3.864026e-01
        12         3        3.443543e-01
        13         3       -7.512385e-01
        14         3        3.747552e-02
        15         3       -1.295246e+00
        16         3        1.713740e-01
        17         3        8.687762e-02
        18         3        2.775202e-02
        19         3       -2.230959e+00
        20         3        1.219253e+00
        21         3       -5.209266e-01
        22         3       -1.291133e+00
        23         3       -2.990391e-01
        24         3       -3.552818e-01
        25         3       -1.078717e-01
        26         3       -1.588267e-01
        27         3       -1.698565e+00
        28         3        2.119595e+00
        29         3        1.142682e+00
        30         3        1.138061e+00
        31         3       -1.001006e+00
        32         3       -1.082616e+00
        33         3       -1.125505e-01
        34         3       -1.796588e-01
        35         3        2.629196e+00
        36         3        2.744874e-01
        37         3       -1.529555e+00
        38         3       -8.228132e-01
        39         3       -1.087701e+00
        40         3       -7.020096e-01
        41         3       -2.104025e-01
        42         3        3.482354e-01
        43         3       -9.032661e-01
        44         3        1.226993e+00
        45         3       -2.677229e-01
        46         3       -5.484408e-02
        47         3        3.814841e-01
        48         3       -6.902320e-01
        49         3       -7.150268e-02
        50         3        5.414159e-01
        51         3        7.649513e-01
        52         3       -6.840943e-01
        53         3        9.528779e-01
        54         3        4.197286e-01
        55         3        2.770337e-01
        56         3       -4.828159e-01
        57         3        1.801507e-01
        58         3       -5.440972e-01
        59         3       -1.697618e+00
        60         3       -2.239443e-01
        61         3       -6.327506e-01
        62         3        1.410555e-01
        63         3       -9.195045e-01
        64         3       -1.140664e+00
        65         3       -1.540468e+00
        66         3       -4.397518e-01
        67         3       -4.797203e-01
        68         3        2.969098e-01
        69         3       -5.349456e-01
        70         3       -8.694723e-01
        71         3        7.048981e-01
        72         3       -3.624837e-01
        73         3        4.115915e-01
        74         3       -3.957942e-01
        75         3       -5.527990e-01
        76         3        3.345795e-01
        77         3       -6.888934e-01
        78         3        4.642569e-01
        79         3        1.073715e+00
        80         3        1.363383e+00
        81         3       -2.084467e+00
        82         3        2.072736e-01
        83         3        5.824366e-01
        84         3        8.783065e-01
        85         3        5.803895e-01
        86         3       -1.193044e+00
        87         3       -1.057803e+00
        88         3       -3.627659e-01
        89         3       -4.220749e-01
        90         3        1.096678e+00
        91         3       -1.487678e+00
        92         3        1.556033e+00
        93         3        1.371630e+00
        94         3        2.096160e+00
        95         3       -7.709644e-01
        96         3        2.426941e-01
        97         3        3.767524e-01
        98         3       -1.212397e+00
        99         3        2.945624e+00
       100         3       -1.502656e-01
         1         4       -5.217644e-01
         2         4       -1.746223e-01
         3         4       -9.530473e-01
         4         4        6.547393e-01
         5         4       -3.472876e-01
         6         4       -1.893412e+00
         7         4        6.353271e-01
         8         4        1.052468e+00
         9         4        1.152191e+00
        10         4       -8.118573e-01
        11         4       -1.929960e-01
        12         4       -1.301105e+00
        13         4        5.262910e-01
        14         4        1.429939e+00
        15         4        1.190236e+00
        16         4       -2.738108e-01
        17         4        1.587332e+00
        18         4       -9.198588e-01
        19         4       -6.945050e-01
        20         4       -3.280357e-01
        21         4        1.534060e-01
        22         4        1.460230e+00
        23         4        1.503265e-01
        24         4       -9.380590e-01
        25         4        1.210458e-01
        26         4        6.307948e-01
        27         4        1.036763e+00
        28         4        7.761862e-01
        29         4       -1.049477e+00
        30         4       -3.621637e-01
        31         4       -3.239053e-01
        32         4       -7.368938e-02
        33         4       -6.154565e-01
        34         4       -1.050468e+00
        35         4       -7.146405e-01
        36         4       -6.855462e-01
        37         4        6.913778e-01
        38         4       -8.896637e-01
        39         4        1.248576e+00
        40         4       -1.424932e-01
        41         4       -2.649768e-01
        42         4        3.879343e-02
        43         4        1.330198e+00
        44         4        8.093890e-01
        45         4        1.246150e+00
        46         4        1.859277e+00
        47         4        5.088837e-01
        48         4        3.549959e-01
        49         4        1.001305e+00
        50         4        6.910211e-01
        51         4       -9.611437e-01
        52         4        1.002486e+00
        53         4       -2.461687e-01
        54         4       -7.000434e-01
        55         4        1.201175e-01
        56         4        1.675992e-01
        57         4        7.569609e-01
        58         4       -7.124793e-01
        59         4       -2.138919e+00
        60         4       -1.274468e+00
        61         4       -1.161881e-01
        62         4       -1.325992e+00
        63         4        1.267803e+00
        64         4        1.639302e-01
        65         4        6.867875e-01
        66         4        8.799420e-01
        67         4        1.644228e-01
        68         4       -5.038014e-01
        69         4       -1.160946e+00
        70         4       -1.072080e+00
        71         4       -1.092118e+00
        72         4       -1.004349e+00
        73         4        3.362371e-01
        74         4       -6.372695e-01
        75         4       -1.375882e+00
        76         4        1.613819e-01
        77         4        1.291737e+00
        78         4        1.506688e-01
        79         4        1.012648e+00
        80         4       -8.161694e-02
        81         4       -1.025884e+00
        82         4        1.430259e+00
        83         4        4.202792e-01
        84         4        6.266870e-02
        85         4       -5.325893e-01
        86         4        2.722348e-01
        87         4        4.983832e-01
        88         4        1.597880e+00
        89         4        1.298131e+00
        90         4        3.858431e-01
        91         4        7.585261e-01
        92         4       -5.096348e-02
        93         4        4.795020e-01
        94         4       -1.714081e+00
        95         4       -5.119976e-02
        96         4       -2.100426e+00
        97         4       -8.720258e-01
        98         4        3.918722e-01
        99         4        1.397175e+00
       100         4       -2.003775e+00
         1         5        1.615763e+00
         2         5        1.595895e+00
         3         5        5.568622e-01
         4         5       -6.546416e-01
         5         5       -1.359694e+00
         6         5       -6.054883e-01
         7         5       -1.014645e+00
         8         5        1.402746e-01
         9         5       -9.753609e-03
        10         5        8.235833e-02
        11         5        4.879070e-01
        12         5       -1.413807e+00
        13         5        1.725595e+00
        14         5        8.173910e-01
        15         5        5.640460e-01
        16         5        6.975486e-01
        17         5        5.938003e-01
        18         5       -3.702757e-01
        19         5        3.812255e-01
        20         5        9.406511e-01
        21         5       -1.805020e-01
        22         5       -1.152074e-01
        23         5        6.360777e-01
        24         5        4.644998e-03
        25         5       -3.690121e-01
        26         5        7.421218e-01
        27         5        1.862183e+00
        28         5       -1.405939e+00
        29         5        1.524823e-01
        30         5        4.875223e-01
        31         5       -1.262360e+00
        32         5       -7.253164e-01
        33         5       -1.161260e+00
        34         5       -3.348128e-01
        35         5       -1.975696e+00
        36         5        2.003570e-02
        37         5       -8.029029e-01
        38         5       -4.096654e-01
        39         5        1.098000e+00
        40         5       -1.065461e+00
        41         5        2.099951e+00
        42         5        1.407758e+00
        43         5       -5.241899e-01
        44         5        2.132969e-01
        45         5       -2.143020e-01
        46         5       -1.730081e+00
        47         5       -1.297673e-01
        48         5       -1.054301e+00
        49         5       -2.202259e-01
        50         5       -1.933306e+00
        51         5       -1.140990e+00
        52         5       -5.423350e-01
        53         5       -1.063282e+00
        54         5       -1.452604e+00
        55         5       -8.934596e-01
        56         5        4.411966e-01
        57         5        6.333239e-01
        58         5        9.295637e-01
        59         5        5.441800e-01
        60         5        6.156275e-01
        61         5       -2.293237e+00
        62         5       -2.230782e+00
        63         5        8.928154e-01
        64         5       -6.392014e-02
        65         5        1.003235e+00
        66         5       -4.417535e-02
        67         5        9.711299e-01
        68         5       -7.055951e-01
        69         5        5.262142e-01
        70         5       -6.488880e-01
        71         5        5.027183e-01
        72         5       -2.600607e-01
        73         5       -6.881874e-01
        74         5       -1.761696e+00
        75         5        1.201350e+00
        76         5       -1.107324e+00
        77         5        6.019926e-01
        78         5       -1.674246e+00
        79         5        2.936391e-01
        80         5       -2.046691e-01
        81         5        9.047789e-01
        82         5        2.489788e-01
        83         5       -6.090676e-01
        84         5        4.848155e-01
        85         5       -3.380820e-01
        86         5       -9.639430e-01
        87         5        8.506340e-01
        88         5        5.173905e-02
        89         5        1.680029e-01
        90         5       -2.157985e-01
        91         5       -9.586616e-01
        92         5        9.159336e-01
        93         5        4.909538e-01
        94         5       -1.174888e+00
        95         5       -5.293723e-01
        96         5       -5.903168e-01
        97         5        1.632073e+00
        98         5        1.136731e+00
        99         5        1.701317e+00
       100         5       -4.967709e-01
;
param X_Original:=
    1        3.706029e-01
    2        8.782198e-01
    3        1.224492e-01
    4        1.587696e-01
    5        3.313405e-01
    6       -1.073561e+00
    7        5.485963e-02
    8        6.479192e-01
    9        4.814575e-01
   10       -1.194419e+00
   11        3.415984e-02
   12        6.252201e-02
   13        6.822819e-01
   14       -8.526947e-01
   15        2.183123e-01
   16        1.427207e-01
   17        1.251897e+00
   18        1.946003e+00
   19       -2.033095e-01
   20       -1.114564e+00
   21        3.755976e-01
   22       -6.570549e-01
   23       -5.823772e-01
   24        2.474032e+00
   25        6.579169e-01
   26        1.299267e+00
   27       -8.675634e-01
   28       -2.185852e+00
   29        8.615063e-01
   30        1.181836e+00
   31        1.701864e+00
   32        3.699497e-01
   33        4.171416e-01
   34       -2.088427e-01
   35       -1.936918e+00
   36        1.068259e+00
   37       -1.213490e+00
   38        1.667687e+00
   39       -1.240213e+00
   40        1.434321e+00
   41        3.060493e+00
   42        3.184798e+00
   43       -9.386354e-01
   44       -9.125446e-01
   45        1.900922e+00
   46        4.334784e-01
   47       -5.367498e-02
   48        2.514194e+00
   49        5.661554e-02
   50        4.762807e-01
   51        6.968749e-01
   52        1.941068e+00
   53       -1.146262e+00
   54        8.462319e-01
   55        1.628833e+00
   56        1.314801e-01
   57        2.028661e+00
   58        4.504940e+00
   59       -1.364831e+00
   60       -9.280829e-01
   61       -1.167486e-01
   62       -6.072146e-01
   63        1.183242e+00
   64        2.588704e+00
   65        1.949734e-01
   66       -3.861824e+00
   67       -1.172941e+00
   68       -5.805148e-01
   69       -4.300887e-02
   70        5.956665e-01
   71        8.657605e-02
   72       -5.404584e-01
   73       -7.174497e-01
   74       -1.651980e+00
   75       -5.203367e-01
   76        8.328537e-01
   77       -1.222022e+00
   78       -9.387543e-02
   79       -1.995841e-01
   80        4.806510e-01
   81        4.189125e-01
   82       -2.444467e+00
   83        2.299030e-01
   84        2.504537e+00
   85       -1.398546e-01
   86       -1.432839e+00
   87       -4.929506e-01
   88        2.014180e+00
   89       -1.145385e+00
   90       -8.904542e-01
   91       -1.552862e+00
   92       -3.113117e+00
   93        5.651205e-01
   94       -3.307885e-02
   95       -2.646039e-02
   96        8.355329e-01
   97       -1.015498e+00
   98       -4.811817e-02
   99       -3.554477e-01
  100       -5.563824e-01
;
param outliervec_original :=
    1    1
    2    1
    3    1
    4    1
    5    1
    6    1
    7    1
    8    1
    9    1
   10    1
   11    0
   12    1
   13    1
   14    1
   15    1
   16    1
   17    1
   18    1
   19    1
   20    1
   21    1
   22    1
   23    1
   24    0
   25    1
   26    1
   27    1
   28    0
   29    1
   30    1
   31    1
   32    1
   33    1
   34    1
   35    1
   36    1
   37    0
   38    1
   39    1
   40    1
   41    0
   42    1
   43    1
   44    1
   45    0
   46    1
   47    1
   48    1
   49    1
   50    1
   51    1
   52    1
   53    1
   54    1
   55    1
   56    0
   57    0
   58    0
   59    1
   60    0
   61    1
   62    1
   63    1
   64    0
   65    1
   66    0
   67    0
   68    0
   69    1
   70    1
   71    1
   72    1
   73    1
   74    1
   75    1
   76    1
   77    1
   78    1
   79    1
   80    1
   81    1
   82    1
   83    1
   84    0
   85    1
   86    1
   87    1
   88    1
   89    1
   90    0
   91    1
   92    0
   93    1
   94    1
   95    1
   96    0
   97    1
   98    1
   99    1
  100    1
;
param d:= 75;
param r:=5;
param p:=0.820000;
param M:=1000;
param U:=
         1         1        2.763685e-01
         2         1       -1.208463e-02
         3         1       -1.657971e-01
         4         1        2.354306e-01
         5         1       -1.736050e+00
         6         1        9.768175e-01
         7         1        4.545230e-01
         8         1        9.267967e-01
         9         1        1.774507e+00
        10         1       -4.776312e-01
        11         1        1.998529e+00
        12         1       -1.325523e+00
        13         1       -1.361997e+00
        14         1       -8.372800e-01
        15         1       -1.541505e+00
        16         1       -1.484722e-01
        17         1        1.074716e+00
        18         1       -6.283769e-01
        19         1       -1.222370e-01
        20         1        1.052470e+00
        21         1        1.183719e+00
        22         1        2.113384e-01
        23         1        1.043033e+00
        24         1       -1.697874e+00
        25         1       -3.740264e-01
        26         1       -9.735267e-01
        27         1        1.418152e-02
        28         1       -1.554794e+00
        29         1       -1.972147e+00
        30         1        7.080131e-01
        31         1       -1.295154e+00
        32         1       -4.990319e-01
        33         1        7.907039e-01
        34         1       -5.129107e-01
        35         1       -1.077049e-02
        36         1        4.555992e-01
        37         1        2.277872e-01
        38         1        1.026518e+00
        39         1        2.005388e-01
        40         1        4.054111e-01
        41         1       -1.238320e+00
        42         1        2.421578e+00
        43         1        1.510770e+00
        44         1       -9.117364e-01
        45         1       -1.179843e+00
        46         1        1.308872e+00
        47         1       -1.532488e+00
        48         1        1.067877e+00
        49         1        1.366889e+00
        50         1        4.097244e-01
        51         1       -1.544690e+00
        52         1       -7.947871e-01
        53         1       -1.932394e+00
        54         1        1.456186e+00
        55         1       -2.786895e-01
        56         1        1.017810e+00
        57         1       -4.377711e-02
        58         1       -2.290703e-01
        59         1       -2.062769e-01
        60         1       -5.621141e-02
        61         1        6.778810e-01
        62         1        1.019924e+00
        63         1       -9.895618e-02
        64         1        8.474523e-01
        65         1        4.465256e-04
        66         1        1.759612e+00
        67         1       -6.989877e-01
        68         1       -8.140277e-02
        69         1        1.152050e+00
        70         1       -1.582252e+00
        71         1       -5.808967e-01
        72         1        2.478054e-01
        73         1        9.101208e-01
        74         1        1.678512e+00
        75         1       -1.732271e+00
         1         2        3.568623e-01
         2         2        9.417360e-01
         3         2        1.000509e+00
         4         2       -9.461501e-01
         5         2       -5.050231e-01
         6         2       -2.811761e-02
         7         2        1.237399e-01
         8         2       -2.147730e+00
         9         2       -5.160511e-02
        10         2       -7.008383e-01
        11         2        3.356892e-01
        12         2       -6.970812e-01
        13         2       -5.257596e-01
        14         2       -1.072886e+00
        15         2        9.955419e-01
        16         2       -1.045732e+00
        17         2        1.477456e+00
        18         2        1.349219e-01
        19         2        9.794867e-01
        20         2        1.031080e+00
        21         2        2.973729e-01
        22         2        1.827523e-01
        23         2        4.114051e-01
        24         2        1.072413e+00
        25         2        1.581120e-01
        26         2       -4.575668e-01
        27         2       -6.617315e-01
        28         2        1.661317e+00
        29         2       -3.615246e-01
        30         2        3.530645e-01
        31         2       -8.841968e-01
        32         2        1.185791e+00
        33         2        3.989416e-01
        34         2       -1.422669e+00
        35         2        3.292359e-01
        36         2        1.011368e+00
        37         2        1.059197e-01
        38         2        1.349004e+00
        39         2       -3.380123e-01
        40         2        9.502627e-01
        41         2        1.329198e+00
        42         2       -2.238351e-01
        43         2       -8.561055e-01
        44         2        7.449130e-01
        45         2        1.081866e+00
        46         2        3.089711e-01
        47         2        6.966044e-01
        48         2       -1.115042e+00
        49         2       -1.951721e+00
        50         2       -1.584908e+00
        51         2       -1.859118e-01
        52         2        7.573791e-01
        53         2       -6.579610e-01
        54         2       -2.720767e-01
        55         2       -8.526557e-01
        56         2        4.725408e-01
        57         2       -1.193071e-01
        58         2        1.468492e+00
        59         2       -1.102790e+00
        60         2        2.380076e-01
        61         2        1.751346e+00
        62         2       -5.336396e-01
        63         2       -1.542225e+00
        64         2       -1.806847e+00
        65         2        4.484322e-01
        66         2        6.443858e-01
        67         2        1.535393e-02
        68         2       -3.862186e-01
        69         2       -1.513032e+00
        70         2        5.214188e-01
        71         2        7.145985e-01
        72         2        8.168074e-01
        73         2       -6.009302e-02
        74         2       -2.802677e-01
        75         2        1.500129e-01
         1         3       -1.058899e+00
         2         3        3.871384e-01
         3         3        7.873772e-01
         4         3        1.121435e+00
         5         3        2.266015e-02
         6         3       -4.956167e-01
         7         3       -6.865820e-01
         8         3        1.085225e+00
         9         3       -3.864026e-01
        10         3        3.443543e-01
        11         3       -7.512385e-01
        12         3        1.713740e-01
        13         3        8.687762e-02
        14         3        1.219253e+00
        15         3       -5.209266e-01
        16         3       -2.990391e-01
        17         3       -3.552818e-01
        18         3       -1.078717e-01
        19         3       -1.588267e-01
        20         3        2.119595e+00
        21         3        1.142682e+00
        22         3        1.138061e+00
        23         3       -1.082616e+00
        24         3       -1.125505e-01
        25         3        2.629196e+00
        26         3        2.744874e-01
        27         3       -1.529555e+00
        28         3       -8.228132e-01
        29         3       -7.020096e-01
        30         3       -2.104025e-01
        31         3       -9.032661e-01
        32         3       -2.677229e-01
        33         3       -5.484408e-02
        34         3        3.814841e-01
        35         3       -7.150268e-02
        36         3        7.649513e-01
        37         3        9.528779e-01
        38         3        2.770337e-01
        39         3       -4.828159e-01
        40         3        1.801507e-01
        41         3       -5.440972e-01
        42         3       -1.697618e+00
        43         3       -2.239443e-01
        44         3       -6.327506e-01
        45         3        1.410555e-01
        46         3       -9.195045e-01
        47         3       -1.140664e+00
        48         3       -1.540468e+00
        49         3       -4.397518e-01
        50         3       -4.797203e-01
        51         3        2.969098e-01
        52         3       -8.694723e-01
        53         3        7.048981e-01
        54         3       -3.624837e-01
        55         3       -3.957942e-01
        56         3       -5.527990e-01
        57         3        1.073715e+00
        58         3        1.363383e+00
        59         3       -2.084467e+00
        60         3        5.824366e-01
        61         3        8.783065e-01
        62         3        5.803895e-01
        63         3       -1.193044e+00
        64         3       -1.057803e+00
        65         3       -3.627659e-01
        66         3       -4.220749e-01
        67         3        1.096678e+00
        68         3       -1.487678e+00
        69         3        1.556033e+00
        70         3        1.371630e+00
        71         3        2.096160e+00
        72         3        2.426941e-01
        73         3       -1.212397e+00
        74         3        2.945624e+00
        75         3       -1.502656e-01
         1         4       -1.746223e-01
         2         4       -9.530473e-01
         3         4        6.547393e-01
         4         4       -1.893412e+00
         5         4        6.353271e-01
         6         4        1.052468e+00
         7         4        1.152191e+00
         8         4       -8.118573e-01
         9         4       -1.929960e-01
        10         4       -1.301105e+00
        11         4        5.262910e-01
        12         4       -2.738108e-01
        13         4        1.587332e+00
        14         4       -3.280357e-01
        15         4        1.534060e-01
        16         4        1.503265e-01
        17         4       -9.380590e-01
        18         4        1.210458e-01
        19         4        6.307948e-01
        20         4        7.761862e-01
        21         4       -1.049477e+00
        22         4       -3.621637e-01
        23         4       -7.368938e-02
        24         4       -6.154565e-01
        25         4       -7.146405e-01
        26         4       -6.855462e-01
        27         4        6.913778e-01
        28         4       -8.896637e-01
        29         4       -1.424932e-01
        30         4       -2.649768e-01
        31         4        1.330198e+00
        32         4        1.246150e+00
        33         4        1.859277e+00
        34         4        5.088837e-01
        35         4        1.001305e+00
        36         4       -9.611437e-01
        37         4       -2.461687e-01
        38         4        1.201175e-01
        39         4        1.675992e-01
        40         4        7.569609e-01
        41         4       -7.124793e-01
        42         4       -2.138919e+00
        43         4       -1.274468e+00
        44         4       -1.161881e-01
        45         4       -1.325992e+00
        46         4        1.267803e+00
        47         4        1.639302e-01
        48         4        6.867875e-01
        49         4        8.799420e-01
        50         4        1.644228e-01
        51         4       -5.038014e-01
        52         4       -1.072080e+00
        53         4       -1.092118e+00
        54         4       -1.004349e+00
        55         4       -6.372695e-01
        56         4       -1.375882e+00
        57         4        1.012648e+00
        58         4       -8.161694e-02
        59         4       -1.025884e+00
        60         4        4.202792e-01
        61         4        6.266870e-02
        62         4       -5.325893e-01
        63         4        2.722348e-01
        64         4        4.983832e-01
        65         4        1.597880e+00
        66         4        1.298131e+00
        67         4        3.858431e-01
        68         4        7.585261e-01
        69         4       -5.096348e-02
        70         4        4.795020e-01
        71         4       -1.714081e+00
        72         4       -2.100426e+00
        73         4        3.918722e-01
        74         4        1.397175e+00
        75         4       -2.003775e+00
         1         5        1.595895e+00
         2         5        5.568622e-01
         3         5       -6.546416e-01
         4         5       -6.054883e-01
         5         5       -1.014645e+00
         6         5        1.402746e-01
         7         5       -9.753609e-03
         8         5        8.235833e-02
         9         5        4.879070e-01
        10         5       -1.413807e+00
        11         5        1.725595e+00
        12         5        6.975486e-01
        13         5        5.938003e-01
        14         5        9.406511e-01
        15         5       -1.805020e-01
        16         5        6.360777e-01
        17         5        4.644998e-03
        18         5       -3.690121e-01
        19         5        7.421218e-01
        20         5       -1.405939e+00
        21         5        1.524823e-01
        22         5        4.875223e-01
        23         5       -7.253164e-01
        24         5       -1.161260e+00
        25         5       -1.975696e+00
        26         5        2.003570e-02
        27         5       -8.029029e-01
        28         5       -4.096654e-01
        29         5       -1.065461e+00
        30         5        2.099951e+00
        31         5       -5.241899e-01
        32         5       -2.143020e-01
        33         5       -1.730081e+00
        34         5       -1.297673e-01
        35         5       -2.202259e-01
        36         5       -1.140990e+00
        37         5       -1.063282e+00
        38         5       -8.934596e-01
        39         5        4.411966e-01
        40         5        6.333239e-01
        41         5        9.295637e-01
        42         5        5.441800e-01
        43         5        6.156275e-01
        44         5       -2.293237e+00
        45         5       -2.230782e+00
        46         5        8.928154e-01
        47         5       -6.392014e-02
        48         5        1.003235e+00
        49         5       -4.417535e-02
        50         5        9.711299e-01
        51         5       -7.055951e-01
        52         5       -6.488880e-01
        53         5        5.027183e-01
        54         5       -2.600607e-01
        55         5       -1.761696e+00
        56         5        1.201350e+00
        57         5        2.936391e-01
        58         5       -2.046691e-01
        59         5        9.047789e-01
        60         5       -6.090676e-01
        61         5        4.848155e-01
        62         5       -3.380820e-01
        63         5       -9.639430e-01
        64         5        8.506340e-01
        65         5        5.173905e-02
        66         5        1.680029e-01
        67         5       -2.157985e-01
        68         5       -9.586616e-01
        69         5        9.159336e-01
        70         5        4.909538e-01
        71         5       -1.174888e+00
        72         5       -5.903168e-01
        73         5        1.136731e+00
        74         5        1.701317e+00
        75         5       -4.967709e-01
;

param theta:=
    1       -4.580189e-01
    2        1.650628e+00
    3       -7.226892e-01
    4       -2.404330e-01
    5        1.256902e+00
;
param X_true:=
    1        3.165879e+00
    2        2.057681e+00
    3        2.114388e-01
    4       -2.658733e+00
    5       -1.573046e+00
    6       -5.279412e-01
    7        3.421163e-01
    8       -4.477099e+00
    9        3.415984e-02
   10       -2.656374e+00
   11        2.330162e+00
   12        3.204757e-01
   13        1.587141e-01
   14       -9.502335e-01
   15        2.268580e+00
   16       -6.871628e-01
   17        2.474032e+00
   18        4.982737e-03
   19        2.536304e+00
   20       -2.185852e+00
   21       -5.080788e-01
   22       -2.274420e-02
   23        5.534081e-02
   24        1.322589e+00
   25       -3.738999e+00
   26       -2.859553e-01
   27       -1.213490e+00
   28        3.652536e+00
   29       -5.704938e-01
   30        3.060493e+00
   31       -1.134780e+00
   32        1.900922e+00
   33       -2.257412e+00
   34       -2.680158e+00
   35        1.731352e-02
   36       -2.636347e-01
   37       -1.808186e+00
   38        4.768362e-01
   39        1.314801e-01
   40        2.028661e+00
   41        4.504940e+00
   42        9.049317e-01
   43       -9.280829e-01
   44       -8.957096e-01
   45       -2.654489e-01
   46        1.555011e+00
   47        2.588704e+00
   48       -1.685064e-01
   49       -3.861824e+00
   50       -1.172941e+00
   51       -5.805148e-01
   52        1.677476e+00
   53        3.050749e-01
   54       -9.778587e-01
   55       -3.180840e+00
   56        2.518621e+00
   57       -6.866236e-01
   58        1.264027e+00
   59        1.191267e+00
   60       -9.479682e-01
   61        2.504537e+00
   62       -2.205868e+00
   63       -2.835342e+00
   64       -1.639037e+00
   65        6.876623e-01
   66        4.275041e-01
   67       -8.904542e-01
   68       -1.045779e+00
   69       -3.113117e+00
   70        1.248370e+00
   71       -1.161544e+00
   72        8.355329e-01
   73        1.705164e+00
   74       -1.498270e+00
   75        1.025543e+00
;
param X:=
    1        8.782198e-01
    2        1.224492e-01
    3        1.587696e-01
    4       -1.073561e+00
    5        5.485963e-02
    6        6.479192e-01
    7        4.814575e-01
    8       -1.194419e+00
    9        3.415984e-02
   10        6.252201e-02
   11        6.822819e-01
   12        1.427207e-01
   13        1.251897e+00
   14       -1.114564e+00
   15        3.755976e-01
   16       -5.823772e-01
   17        2.474032e+00
   18        6.579169e-01
   19        1.299267e+00
   20       -2.185852e+00
   21        8.615063e-01
   22        1.181836e+00
   23        3.699497e-01
   24        4.171416e-01
   25       -1.936918e+00
   26        1.068259e+00
   27       -1.213490e+00
   28        1.667687e+00
   29        1.434321e+00
   30        3.060493e+00
   31       -9.386354e-01
   32        1.900922e+00
   33        4.334784e-01
   34       -5.367498e-02
   35        5.661554e-02
   36        6.968749e-01
   37       -1.146262e+00
   38        1.628833e+00
   39        1.314801e-01
   40        2.028661e+00
   41        4.504940e+00
   42       -1.364831e+00
   43       -9.280829e-01
   44       -1.167486e-01
   45       -6.072146e-01
   46        1.183242e+00
   47        2.588704e+00
   48        1.949734e-01
   49       -3.861824e+00
   50       -1.172941e+00
   51       -5.805148e-01
   52        5.956665e-01
   53        8.657605e-02
   54       -5.404584e-01
   55       -1.651980e+00
   56       -5.203367e-01
   57       -1.995841e-01
   58        4.806510e-01
   59        4.189125e-01
   60        2.299030e-01
   61        2.504537e+00
   62       -1.398546e-01
   63       -1.432839e+00
   64       -4.929506e-01
   65        2.014180e+00
   66       -1.145385e+00
   67       -8.904542e-01
   68       -1.552862e+00
   69       -3.113117e+00
   70        5.651205e-01
   71       -3.307885e-02
   72        8.355329e-01
   73       -4.811817e-02
   74       -3.554477e-01
   75       -5.563824e-01
;
param outliervec:=
    1    1
    2    1
    3    1
    4    1
    5    1
    6    1
    7    1
    8    1
    9    0
   10    1
   11    1
   12    1
   13    1
   14    1
   15    1
   16    1
   17    0
   18    1
   19    1
   20    0
   21    1
   22    1
   23    1
   24    1
   25    1
   26    1
   27    0
   28    1
   29    1
   30    0
   31    1
   32    0
   33    1
   34    1
   35    1
   36    1
   37    1
   38    1
   39    0
   40    0
   41    0
   42    1
   43    0
   44    1
   45    1
   46    1
   47    0
   48    1
   49    0
   50    0
   51    0
   52    1
   53    1
   54    1
   55    1
   56    1
   57    1
   58    1
   59    1
   60    1
   61    0
   62    1
   63    1
   64    1
   65    1
   66    1
   67    0
   68    1
   69    0
   70    1
   71    1
   72    0
   73    1
   74    1
   75    1
;