data;


param FN:= 0;
param D:= 100;
param U_Original:=
         1         1        4.008695e-01
         2         1        5.498927e-01
         3         1       -2.430464e-01
         4         1       -3.839895e-02
         5         1       -2.045398e-01
         6         1       -1.281988e+00
         7         1       -4.558395e-01
         8         1        3.342095e-01
         9         1       -5.728331e-01
        10         1        2.853345e-01
        11         1        5.084918e-01
        12         1        4.673485e-02
        13         1       -9.455163e-01
        14         1       -5.651639e-01
        15         1        2.494883e-01
        16         1       -5.851221e-01
        17         1        2.080448e+00
        18         1        3.175606e-01
        19         1        8.623819e-01
        20         1        1.253334e+00
        21         1        8.773954e-01
        22         1        1.043625e+00
        23         1        1.710618e+00
        24         1       -7.175450e-01
        25         1       -8.313466e-01
        26         1        7.907337e-01
        27         1       -2.704663e+00
        28         1       -1.994466e+00
        29         1        1.235769e-01
        30         1        4.463848e-01
        31         1       -8.121379e-02
        32         1       -7.579213e-01
        33         1        1.371406e+00
        34         1        1.376246e+00
        35         1        6.864214e-01
        36         1        2.562602e+00
        37         1        7.594102e-01
        38         1        1.655152e+00
        39         1        1.798055e+00
        40         1        3.439732e-01
        41         1       -1.378356e+00
        42         1       -7.861836e-01
        43         1       -2.489808e+00
        44         1        3.193294e-01
        45         1       -7.774527e-01
        46         1        8.106385e-01
        47         1        5.468460e-01
        48         1       -2.773087e-01
        49         1       -5.247130e-02
        50         1        1.037354e+00
        51         1        1.007144e+00
        52         1        3.636022e-01
        53         1        9.882668e-01
        54         1        1.985026e+00
        55         1        1.338899e+00
        56         1       -5.867597e-01
        57         1        4.141487e-01
        58         1       -1.208008e+00
        59         1        1.251241e+00
        60         1       -1.055155e+00
        61         1        7.292681e-02
        62         1        3.722602e-01
        63         1       -2.625369e-01
        64         1       -2.047687e-01
        65         1       -1.222843e+00
        66         1       -1.205800e-01
        67         1        5.888601e-01
        68         1       -4.950747e-02
        69         1       -3.316632e-01
        70         1        8.794053e-01
        71         1        4.953618e-01
        72         1        1.419794e+00
        73         1       -2.063042e+00
        74         1        1.041845e-01
        75         1        7.792500e-02
        76         1        6.136070e-01
        77         1        1.333041e+00
        78         1        1.783695e+00
        79         1       -1.240964e+00
        80         1       -7.776066e-02
        81         1        5.776283e-01
        82         1        8.821770e-01
        83         1       -3.665696e-01
        84         1       -8.173013e-01
        85         1       -6.759392e-01
        86         1       -8.857092e-01
        87         1       -3.500560e-01
        88         1       -1.537201e+00
        89         1       -1.339189e+00
        90         1        5.415921e-01
        91         1       -1.908353e+00
        92         1       -1.133853e-02
        93         1       -5.919332e-02
        94         1       -4.275697e-01
        95         1       -7.235206e-01
        96         1       -8.510087e-01
        97         1        6.375948e-01
        98         1       -8.831658e-01
        99         1        1.028765e-01
       100         1        3.840557e-02
         1         2       -3.380103e-01
         2         2        1.515004e-01
         3         2        3.487348e-01
         4         2       -9.317342e-01
         5         2        1.320328e+00
         6         2       -5.425496e-01
         7         2        1.559731e+00
         8         2        4.877872e-01
         9         2       -4.561887e-01
        10         2       -3.870905e-01
        11         2        4.690715e-01
        12         2        7.064657e-01
        13         2        4.541555e-01
        14         2        1.595633e-01
        15         2       -1.003687e-01
        16         2        1.265424e+00
        17         2       -7.049019e-02
        18         2       -1.714981e+00
        19         2       -1.591648e+00
        20         2        2.464523e-01
        21         2        4.489820e-01
        22         2       -1.292772e+00
        23         2        4.762033e-01
        24         2        5.048636e-01
        25         2        4.474150e-01
        26         2       -1.042760e+00
        27         2       -1.428703e+00
        28         2        8.126344e-01
        29         2       -1.432480e-01
        30         2       -7.796849e-01
        31         2       -2.998085e-02
        32         2       -3.558771e+00
        33         2        3.749934e-01
        34         2       -6.609281e-01
        35         2       -9.530355e-01
        36         2        2.105333e-01
        37         2        6.923167e-02
        38         2       -2.123052e-01
        39         2        2.226404e-01
        40         2        1.369624e-01
        41         2        4.262137e-01
        42         2       -5.927974e-01
        43         2        5.665138e-01
        44         2        3.451183e-01
        45         2        4.229998e-01
        46         2       -2.434247e+00
        47         2        8.102982e-01
        48         2       -1.686083e-01
        49         2        1.844689e+00
        50         2       -1.003349e+00
        51         2        7.974236e-01
        52         2        1.039450e+00
        53         2       -2.508280e-01
        54         2       -2.272935e-01
        55         2        1.340635e+00
        56         2        9.015953e-01
        57         2        7.945706e-01
        58         2       -1.611365e-01
        59         2        7.924127e-01
        60         2       -1.676831e+00
        61         2        7.803777e-01
        62         2        5.619923e-01
        63         2       -1.180169e+00
        64         2       -1.248179e-01
        65         2       -1.579711e+00
        66         2        1.140920e+00
        67         2       -8.392092e-01
        68         2       -1.173234e+00
        69         2        8.745391e-01
        70         2       -3.667656e-01
        71         2        1.361580e-01
        72         2        4.199763e-01
        73         2        1.260576e-01
        74         2       -4.907058e-01
        75         2        2.734568e-01
        76         2       -8.310046e-01
        77         2        1.582481e+00
        78         2       -3.752139e-01
        79         2       -6.168455e-01
        80         2        5.875840e-01
        81         2        1.167248e-01
        82         2       -8.820638e-01
        83         2       -1.055842e+00
        84         2        1.253057e-01
        85         2        2.965662e-01
        86         2       -4.258421e-01
        87         2       -5.799111e-01
        88         2        1.710200e-01
        89         2       -4.704914e-01
        90         2       -1.703088e+00
        91         2        3.262511e-01
        92         2        1.593810e+00
        93         2        1.144170e-01
        94         2       -7.104626e-01
        95         2        6.175586e-02
        96         2        7.853813e-01
        97         2        2.853957e-01
        98         2        1.729485e+00
        99         2        1.283014e+00
       100         2        2.017581e-01
         1         3        3.742591e-01
         2         3       -5.908844e-01
         3         3        5.922840e-01
         4         3       -2.710609e-01
         5         3        1.544293e-01
         6         3        3.177288e-01
         7         3       -5.205220e-01
         8         3        5.208302e-01
         9         3        2.382722e+00
        10         3       -1.016217e+00
        11         3        1.415857e+00
        12         3        2.259593e-01
        13         3       -1.497439e+00
        14         3       -1.164909e+00
        15         3       -1.177585e+00
        16         3        1.747841e+00
        17         3       -8.524665e-01
        18         3       -8.906558e-01
        19         3       -1.068329e+00
        20         3        5.986481e-01
        21         3       -4.817142e-01
        22         3        1.831216e+00
        23         3       -5.656896e-01
        24         3        3.005427e-01
        25         3       -2.533586e+00
        26         3        7.843188e-02
        27         3       -3.027719e-02
        28         3        6.354121e-01
        29         3        7.973877e-01
        30         3       -4.084192e-01
        31         3       -7.316379e-01
        32         3       -5.301404e-01
        33         3        9.318327e-01
        34         3       -1.011919e-02
        35         3        9.209393e-01
        36         3        1.512997e+00
        37         3        6.430357e-02
        38         3        4.016966e-02
        39         3       -1.114988e+00
        40         3        2.052948e-01
        41         3       -4.128330e-01
        42         3       -1.173771e+00
        43         3       -1.522442e-01
        44         3        7.419965e-02
        45         3       -5.815319e-01
        46         3        7.017741e-01
        47         3        8.096557e-01
        48         3       -1.249808e+00
        49         3       -3.558276e-01
        50         3       -1.486389e+00
        51         3       -3.331256e-01
        52         3       -6.963614e-01
        53         3       -1.369895e+00
        54         3       -8.958819e-01
        55         3       -3.950951e-01
        56         3       -6.538832e-01
        57         3       -9.699100e-01
        58         3       -2.036813e+00
        59         3       -1.351484e-01
        60         3       -7.571415e-01
        61         3       -1.704518e+00
        62         3       -1.225460e+00
        63         3        6.771186e-01
        64         3        6.073167e-01
        65         3        1.814235e-02
        66         3        2.268318e+00
        67         3        1.031094e+00
        68         3       -9.419691e-02
        69         3       -5.392688e-02
        70         3        7.608304e-01
        71         3       -2.112622e-01
        72         3       -1.826835e-01
        73         3        1.267062e-01
        74         3        8.572914e-01
        75         3       -1.380447e+00
        76         3       -3.565447e-01
        77         3        1.737551e+00
        78         3        1.010410e+00
        79         3       -3.367140e-01
        80         3        1.775896e+00
        81         3       -1.168834e-01
        82         3        9.796867e-01
        83         3       -7.606136e-01
        84         3        8.490991e-01
        85         3       -7.809429e-01
        86         3       -1.707822e+00
        87         3        1.931934e-01
        88         3        1.364935e+00
        89         3        1.433617e+00
        90         3        5.827469e-02
        91         3        5.396208e-01
        92         3       -7.526763e-02
        93         3       -5.208210e-02
        94         3       -5.385749e-01
        95         3       -1.284022e+00
        96         3       -1.639926e+00
        97         3        3.530949e-01
        98         3        7.537039e-01
        99         3       -1.067695e+00
       100         3        1.326581e+00
         1         4       -6.885043e-01
         2         4       -3.412656e-01
         3         4        1.751643e+00
         4         4       -6.232953e-01
         5         4        7.087189e-01
         6         4        1.294126e+00
         7         4       -7.444868e-01
         8         4        9.969969e-02
         9         4       -2.775138e-01
        10         4       -3.007483e-01
        11         4        4.046189e-01
        12         4        1.225601e+00
        13         4       -6.866267e-01
        14         4       -6.612172e-01
        15         4        1.145554e+00
        16         4       -1.290758e+00
        17         4        1.218960e+00
        18         4        7.797025e-01
        19         4       -4.027218e-01
        20         4       -8.963111e-01
        21         4        4.771146e-01
        22         4        6.719568e-01
        23         4        4.527986e-01
        24         4       -4.091674e-01
        25         4        2.333629e-01
        26         4        9.719456e-01
        27         4       -1.830640e-01
        28         4       -1.159849e+00
        29         4        2.036084e-02
        30         4       -2.597896e+00
        31         4        2.324277e-01
        32         4       -3.208268e-01
        33         4        8.442620e-01
        34         4        5.977993e-01
        35         4        1.789031e+00
        36         4        3.559314e-01
        37         4        7.067931e-01
        38         4       -7.881945e-01
        39         4       -1.093964e+00
        40         4        6.638917e-01
        41         4        9.638665e-01
        42         4       -7.110195e-01
        43         4       -8.497962e-01
        44         4        1.008687e+00
        45         4        1.063204e+00
        46         4        6.792043e-01
        47         4        1.098148e+00
        48         4       -5.890375e-02
        49         4        6.117076e-01
        50         4       -4.738431e-01
        51         4       -7.998082e-01
        52         4        1.791497e-01
        53         4        9.015933e-01
        54         4        2.521358e+00
        55         4       -3.410293e-01
        56         4        2.574670e+00
        57         4        9.159255e-01
        58         4       -3.923774e-01
        59         4       -2.859361e-01
        60         4       -1.227986e+00
        61         4       -1.494771e-01
        62         4        9.434335e-02
        63         4        3.846971e-02
        64         4        7.169245e-01
        65         4        9.823867e-01
        66         4       -1.482581e+00
        67         4       -1.356530e+00
        68         4        1.548521e-01
        69         4        6.343533e-01
        70         4       -9.362060e-02
        71         4       -8.095179e-01
        72         4        2.599502e-01
        73         4       -2.094624e+00
        74         4       -1.002139e+00
        75         4        9.513858e-01
        76         4        2.928782e-01
        77         4        7.193323e-02
        78         4       -8.495968e-01
        79         4       -6.217807e-01
        80         4       -1.815276e+00
        81         4       -1.274691e+00
        82         4        2.871556e-01
        83         4        2.004323e+00
        84         4       -5.331031e-01
        85         4       -4.118656e-01
        86         4       -5.125600e-01
        87         4       -3.343831e-01
        88         4        8.879765e-01
        89         4        1.529352e-01
        90         4       -7.239989e-01
        91         4       -2.227130e+00
        92         4       -5.651729e-02
        93         4        6.786439e-01
        94         4        5.315403e-01
        95         4        7.648265e-01
        96         4       -3.514532e-02
        97         4       -2.185949e+00
        98         4       -1.771695e+00
        99         4       -2.878208e-02
       100         4        2.077348e+00
         1         5       -3.987136e-01
         2         5       -1.390230e+00
         3         5       -1.479735e+00
         4         5       -9.952579e-01
         5         5       -1.866947e-01
         6         5       -7.849419e-01
         7         5        5.086854e-01
         8         5        4.587413e-01
         9         5        5.770368e-01
        10         5       -1.673738e+00
        11         5       -9.857022e-01
        12         5        1.562421e+00
        13         5       -1.407641e+00
        14         5        1.055570e+00
        15         5        6.888227e-01
        16         5        1.564725e-01
        17         5        1.187785e-01
        18         5        1.233448e-01
        19         5        6.130238e-01
        20         5       -2.894160e-01
        21         5        5.411647e-01
        22         5       -2.169023e+00
        23         5        6.234915e-02
        24         5       -1.327308e-01
        25         5       -3.769508e-01
        26         5        3.688328e-01
        27         5       -1.932767e-01
        28         5       -4.020055e-01
        29         5        1.525937e+00
        30         5        6.257984e-01
        31         5       -3.525259e-01
        32         5        1.596880e+00
        33         5       -2.021998e+00
        34         5       -1.269872e-01
        35         5       -1.814026e+00
        36         5       -5.633402e-01
        37         5        1.420644e+00
        38         5       -7.872606e-01
        39         5        4.828742e-01
        40         5       -7.985919e-01
        41         5       -6.436704e-01
        42         5       -8.352579e-01
        43         5       -4.761297e-01
        44         5        4.220429e-01
        45         5        1.793893e+00
        46         5       -9.809619e-01
        47         5       -9.994470e-01
        48         5        5.798969e-01
        49         5       -5.914769e-03
        50         5        1.421779e+00
        51         5        4.843439e-01
        52         5        3.611117e-01
        53         5       -3.046913e+00
        54         5       -7.375375e-01
        55         5        3.127060e-01
        56         5        1.489078e-01
        57         5        1.825535e+00
        58         5        1.351816e+00
        59         5        1.601760e-01
        60         5        4.191441e-01
        61         5       -1.683242e-01
        62         5        1.098540e+00
        63         5       -9.425839e-01
        64         5        2.048213e-01
        65         5        1.238901e-01
        66         5        4.077483e-01
        67         5        5.038568e-01
        68         5        1.878133e-02
        69         5       -2.248364e+00
        70         5       -1.468055e-01
        71         5        1.161945e+00
        72         5       -9.720622e-01
        73         5       -4.734094e-01
        74         5        3.865622e-01
        75         5        9.433737e-01
        76         5        4.144089e-01
        77         5       -4.516278e-01
        78         5       -9.737823e-01
        79         5       -1.824898e+00
        80         5       -1.689439e+00
        81         5        5.088448e-01
        82         5        3.226827e-01
        83         5       -1.186639e+00
        84         5       -4.516998e-01
        85         5        1.905931e+00
        86         5        7.817979e-01
        87         5       -8.406589e-01
        88         5        4.876389e-01
        89         5       -5.331567e-01
        90         5        8.915713e-01
        91         5       -1.570856e+00
        92         5       -4.027012e-01
        93         5       -3.984204e-01
        94         5        8.077319e-03
        95         5       -4.282151e-01
        96         5       -6.292586e-01
        97         5       -4.060260e-01
        98         5       -1.474019e+00
        99         5       -2.320515e-01
       100         5        1.745915e-01
;
param X_Original:=
    1       -2.833814e-01
    2        1.087849e+00
    3       -2.899695e-03
    4        6.671520e-01
    5        9.304290e-01
    6        2.601473e-01
    7       -1.743835e+00
    8       -3.849622e-01
    9        2.697520e-01
   10        1.462111e+00
   11       -5.642155e-01
   12        1.976458e+00
   13        9.948279e-01
   14       -2.409751e-01
   15       -9.583692e-01
   16        2.969974e+00
   17        1.158681e+00
   18       -1.443557e+00
   19        5.397592e-01
   20        5.177799e-02
   21       -1.121944e-01
   22       -5.255883e-01
   23       -4.934607e-01
   24       -5.916427e-01
   25        1.609202e+00
   26        3.743447e-01
   27       -8.769139e-01
   28        9.810221e-01
   29       -1.335529e-01
   30        7.221096e-02
   31       -4.722033e-01
   32        1.012918e+00
   33        1.016606e+00
   34        8.757170e-01
   35       -8.835238e-02
   36       -1.019967e+00
   37       -8.692813e-01
   38        4.232756e-01
   39        7.545265e-01
   40        5.023903e-01
   41        1.192609e+00
   42        1.235708e+00
   43        6.594193e-01
   44       -8.247396e-01
   45        9.298319e-01
   46       -1.561281e+00
   47        1.111518e+00
   48        3.883805e-01
   49        3.576568e-01
   50       -1.005782e-02
   51        8.243809e-01
   52        5.705933e-01
   53        3.213251e-01
   54        6.425300e-02
   55       -1.880579e+00
   56        1.030460e+00
   57       -6.058214e-01
   58        9.578852e-02
   59        1.603118e+00
   60        1.848870e-01
   61        2.089113e-01
   62       -5.204608e-01
   63       -4.799922e-01
   64       -1.560554e-01
   65       -2.278220e+00
   66       -1.228616e+00
   67       -7.395878e-03
   68        1.527292e+00
   69       -1.392691e-01
   70       -6.127679e-02
   71       -6.503711e-01
   72       -2.274665e+00
   73        1.075864e+00
   74       -7.022127e-01
   75       -2.920323e+00
   76       -4.971259e-01
   77        6.076858e-01
   78        3.512179e-01
   79       -1.534409e+00
   80        1.987038e+00
   81        9.518166e-01
   82        8.969338e-01
   83       -6.725619e-01
   84        8.596465e-01
   85       -1.031408e+00
   86        1.201411e-01
   87        9.824048e-01
   88        1.709771e+00
   89        9.933393e-01
   90       -2.087559e+00
   91        2.940853e+00
   92        1.746789e+00
   93        5.023056e-01
   94        2.323496e+00
   95        9.699640e-01
   96        8.449443e-02
   97        6.465057e-01
   98       -1.403858e+00
   99       -1.910995e-01
  100        1.622682e+00
;
param outliervec_original :=
    1    1
    2    1
    3    1
    4    0
    5    0
    6    0
    7    1
    8    0
    9    1
   10    1
   11    1
   12    1
   13    1
   14    1
   15    0
   16    1
   17    1
   18    0
   19    1
   20    0
   21    1
   22    1
   23    1
   24    1
   25    0
   26    1
   27    1
   28    1
   29    1
   30    1
   31    1
   32    1
   33    0
   34    1
   35    0
   36    0
   37    1
   38    1
   39    1
   40    0
   41    1
   42    0
   43    1
   44    1
   45    1
   46    0
   47    1
   48    1
   49    1
   50    1
   51    1
   52    1
   53    1
   54    1
   55    1
   56    1
   57    1
   58    1
   59    1
   60    1
   61    1
   62    0
   63    1
   64    1
   65    1
   66    1
   67    1
   68    1
   69    1
   70    1
   71    1
   72    1
   73    1
   74    1
   75    1
   76    1
   77    1
   78    1
   79    1
   80    0
   81    1
   82    1
   83    1
   84    0
   85    0
   86    1
   87    1
   88    1
   89    1
   90    0
   91    0
   92    0
   93    1
   94    1
   95    0
   96    1
   97    1
   98    1
   99    1
  100    1
;
param d:= 76;
param r:=5;
param p:=0.780000;
param M:=1000;
param U:=
         1         1        4.008695e-01
         2         1        5.498927e-01
         3         1       -2.430464e-01
         4         1       -3.839895e-02
         5         1       -2.045398e-01
         6         1       -1.281988e+00
         7         1        3.342095e-01
         8         1       -5.728331e-01
         9         1        2.853345e-01
        10         1        5.084918e-01
        11         1       -9.455163e-01
        12         1       -5.651639e-01
        13         1        2.494883e-01
        14         1       -5.851221e-01
        15         1        3.175606e-01
        16         1        1.253334e+00
        17         1        8.773954e-01
        18         1        1.043625e+00
        19         1        1.710618e+00
        20         1       -8.313466e-01
        21         1       -2.704663e+00
        22         1       -1.994466e+00
        23         1        1.235769e-01
        24         1        4.463848e-01
        25         1       -8.121379e-02
        26         1        1.371406e+00
        27         1        6.864214e-01
        28         1        2.562602e+00
        29         1        7.594102e-01
        30         1        1.655152e+00
        31         1        1.798055e+00
        32         1        3.439732e-01
        33         1       -1.378356e+00
        34         1       -7.861836e-01
        35         1       -2.489808e+00
        36         1        3.193294e-01
        37         1        8.106385e-01
        38         1        5.468460e-01
        39         1       -2.773087e-01
        40         1       -5.247130e-02
        41         1        1.007144e+00
        42         1        3.636022e-01
        43         1        9.882668e-01
        44         1        1.985026e+00
        45         1        4.141487e-01
        46         1       -1.208008e+00
        47         1        1.251241e+00
        48         1       -1.055155e+00
        49         1        7.292681e-02
        50         1        3.722602e-01
        51         1       -2.625369e-01
        52         1       -2.047687e-01
        53         1       -1.222843e+00
        54         1        5.888601e-01
        55         1        8.794053e-01
        56         1        4.953618e-01
        57         1       -2.063042e+00
        58         1        1.041845e-01
        59         1        6.136070e-01
        60         1        1.333041e+00
        61         1        1.783695e+00
        62         1       -7.776066e-02
        63         1        5.776283e-01
        64         1       -3.665696e-01
        65         1       -8.173013e-01
        66         1       -6.759392e-01
        67         1       -8.857092e-01
        68         1       -3.500560e-01
        69         1       -1.339189e+00
        70         1        5.415921e-01
        71         1       -1.908353e+00
        72         1       -1.133853e-02
        73         1       -5.919332e-02
        74         1       -7.235206e-01
        75         1       -8.510087e-01
        76         1        6.375948e-01
         1         2       -3.380103e-01
         2         2        1.515004e-01
         3         2        3.487348e-01
         4         2       -9.317342e-01
         5         2        1.320328e+00
         6         2       -5.425496e-01
         7         2        4.877872e-01
         8         2       -4.561887e-01
         9         2       -3.870905e-01
        10         2        4.690715e-01
        11         2        4.541555e-01
        12         2        1.595633e-01
        13         2       -1.003687e-01
        14         2        1.265424e+00
        15         2       -1.714981e+00
        16         2        2.464523e-01
        17         2        4.489820e-01
        18         2       -1.292772e+00
        19         2        4.762033e-01
        20         2        4.474150e-01
        21         2       -1.428703e+00
        22         2        8.126344e-01
        23         2       -1.432480e-01
        24         2       -7.796849e-01
        25         2       -2.998085e-02
        26         2        3.749934e-01
        27         2       -9.530355e-01
        28         2        2.105333e-01
        29         2        6.923167e-02
        30         2       -2.123052e-01
        31         2        2.226404e-01
        32         2        1.369624e-01
        33         2        4.262137e-01
        34         2       -5.927974e-01
        35         2        5.665138e-01
        36         2        3.451183e-01
        37         2       -2.434247e+00
        38         2        8.102982e-01
        39         2       -1.686083e-01
        40         2        1.844689e+00
        41         2        7.974236e-01
        42         2        1.039450e+00
        43         2       -2.508280e-01
        44         2       -2.272935e-01
        45         2        7.945706e-01
        46         2       -1.611365e-01
        47         2        7.924127e-01
        48         2       -1.676831e+00
        49         2        7.803777e-01
        50         2        5.619923e-01
        51         2       -1.180169e+00
        52         2       -1.248179e-01
        53         2       -1.579711e+00
        54         2       -8.392092e-01
        55         2       -3.667656e-01
        56         2        1.361580e-01
        57         2        1.260576e-01
        58         2       -4.907058e-01
        59         2       -8.310046e-01
        60         2        1.582481e+00
        61         2       -3.752139e-01
        62         2        5.875840e-01
        63         2        1.167248e-01
        64         2       -1.055842e+00
        65         2        1.253057e-01
        66         2        2.965662e-01
        67         2       -4.258421e-01
        68         2       -5.799111e-01
        69         2       -4.704914e-01
        70         2       -1.703088e+00
        71         2        3.262511e-01
        72         2        1.593810e+00
        73         2        1.144170e-01
        74         2        6.175586e-02
        75         2        7.853813e-01
        76         2        2.853957e-01
         1         3        3.742591e-01
         2         3       -5.908844e-01
         3         3        5.922840e-01
         4         3       -2.710609e-01
         5         3        1.544293e-01
         6         3        3.177288e-01
         7         3        5.208302e-01
         8         3        2.382722e+00
         9         3       -1.016217e+00
        10         3        1.415857e+00
        11         3       -1.497439e+00
        12         3       -1.164909e+00
        13         3       -1.177585e+00
        14         3        1.747841e+00
        15         3       -8.906558e-01
        16         3        5.986481e-01
        17         3       -4.817142e-01
        18         3        1.831216e+00
        19         3       -5.656896e-01
        20         3       -2.533586e+00
        21         3       -3.027719e-02
        22         3        6.354121e-01
        23         3        7.973877e-01
        24         3       -4.084192e-01
        25         3       -7.316379e-01
        26         3        9.318327e-01
        27         3        9.209393e-01
        28         3        1.512997e+00
        29         3        6.430357e-02
        30         3        4.016966e-02
        31         3       -1.114988e+00
        32         3        2.052948e-01
        33         3       -4.128330e-01
        34         3       -1.173771e+00
        35         3       -1.522442e-01
        36         3        7.419965e-02
        37         3        7.017741e-01
        38         3        8.096557e-01
        39         3       -1.249808e+00
        40         3       -3.558276e-01
        41         3       -3.331256e-01
        42         3       -6.963614e-01
        43         3       -1.369895e+00
        44         3       -8.958819e-01
        45         3       -9.699100e-01
        46         3       -2.036813e+00
        47         3       -1.351484e-01
        48         3       -7.571415e-01
        49         3       -1.704518e+00
        50         3       -1.225460e+00
        51         3        6.771186e-01
        52         3        6.073167e-01
        53         3        1.814235e-02
        54         3        1.031094e+00
        55         3        7.608304e-01
        56         3       -2.112622e-01
        57         3        1.267062e-01
        58         3        8.572914e-01
        59         3       -3.565447e-01
        60         3        1.737551e+00
        61         3        1.010410e+00
        62         3        1.775896e+00
        63         3       -1.168834e-01
        64         3       -7.606136e-01
        65         3        8.490991e-01
        66         3       -7.809429e-01
        67         3       -1.707822e+00
        68         3        1.931934e-01
        69         3        1.433617e+00
        70         3        5.827469e-02
        71         3        5.396208e-01
        72         3       -7.526763e-02
        73         3       -5.208210e-02
        74         3       -1.284022e+00
        75         3       -1.639926e+00
        76         3        3.530949e-01
         1         4       -6.885043e-01
         2         4       -3.412656e-01
         3         4        1.751643e+00
         4         4       -6.232953e-01
         5         4        7.087189e-01
         6         4        1.294126e+00
         7         4        9.969969e-02
         8         4       -2.775138e-01
         9         4       -3.007483e-01
        10         4        4.046189e-01
        11         4       -6.866267e-01
        12         4       -6.612172e-01
        13         4        1.145554e+00
        14         4       -1.290758e+00
        15         4        7.797025e-01
        16         4       -8.963111e-01
        17         4        4.771146e-01
        18         4        6.719568e-01
        19         4        4.527986e-01
        20         4        2.333629e-01
        21         4       -1.830640e-01
        22         4       -1.159849e+00
        23         4        2.036084e-02
        24         4       -2.597896e+00
        25         4        2.324277e-01
        26         4        8.442620e-01
        27         4        1.789031e+00
        28         4        3.559314e-01
        29         4        7.067931e-01
        30         4       -7.881945e-01
        31         4       -1.093964e+00
        32         4        6.638917e-01
        33         4        9.638665e-01
        34         4       -7.110195e-01
        35         4       -8.497962e-01
        36         4        1.008687e+00
        37         4        6.792043e-01
        38         4        1.098148e+00
        39         4       -5.890375e-02
        40         4        6.117076e-01
        41         4       -7.998082e-01
        42         4        1.791497e-01
        43         4        9.015933e-01
        44         4        2.521358e+00
        45         4        9.159255e-01
        46         4       -3.923774e-01
        47         4       -2.859361e-01
        48         4       -1.227986e+00
        49         4       -1.494771e-01
        50         4        9.434335e-02
        51         4        3.846971e-02
        52         4        7.169245e-01
        53         4        9.823867e-01
        54         4       -1.356530e+00
        55         4       -9.362060e-02
        56         4       -8.095179e-01
        57         4       -2.094624e+00
        58         4       -1.002139e+00
        59         4        2.928782e-01
        60         4        7.193323e-02
        61         4       -8.495968e-01
        62         4       -1.815276e+00
        63         4       -1.274691e+00
        64         4        2.004323e+00
        65         4       -5.331031e-01
        66         4       -4.118656e-01
        67         4       -5.125600e-01
        68         4       -3.343831e-01
        69         4        1.529352e-01
        70         4       -7.239989e-01
        71         4       -2.227130e+00
        72         4       -5.651729e-02
        73         4        6.786439e-01
        74         4        7.648265e-01
        75         4       -3.514532e-02
        76         4       -2.185949e+00
         1         5       -3.987136e-01
         2         5       -1.390230e+00
         3         5       -1.479735e+00
         4         5       -9.952579e-01
         5         5       -1.866947e-01
         6         5       -7.849419e-01
         7         5        4.587413e-01
         8         5        5.770368e-01
         9         5       -1.673738e+00
        10         5       -9.857022e-01
        11         5       -1.407641e+00
        12         5        1.055570e+00
        13         5        6.888227e-01
        14         5        1.564725e-01
        15         5        1.233448e-01
        16         5       -2.894160e-01
        17         5        5.411647e-01
        18         5       -2.169023e+00
        19         5        6.234915e-02
        20         5       -3.769508e-01
        21         5       -1.932767e-01
        22         5       -4.020055e-01
        23         5        1.525937e+00
        24         5        6.257984e-01
        25         5       -3.525259e-01
        26         5       -2.021998e+00
        27         5       -1.814026e+00
        28         5       -5.633402e-01
        29         5        1.420644e+00
        30         5       -7.872606e-01
        31         5        4.828742e-01
        32         5       -7.985919e-01
        33         5       -6.436704e-01
        34         5       -8.352579e-01
        35         5       -4.761297e-01
        36         5        4.220429e-01
        37         5       -9.809619e-01
        38         5       -9.994470e-01
        39         5        5.798969e-01
        40         5       -5.914769e-03
        41         5        4.843439e-01
        42         5        3.611117e-01
        43         5       -3.046913e+00
        44         5       -7.375375e-01
        45         5        1.825535e+00
        46         5        1.351816e+00
        47         5        1.601760e-01
        48         5        4.191441e-01
        49         5       -1.683242e-01
        50         5        1.098540e+00
        51         5       -9.425839e-01
        52         5        2.048213e-01
        53         5        1.238901e-01
        54         5        5.038568e-01
        55         5       -1.468055e-01
        56         5        1.161945e+00
        57         5       -4.734094e-01
        58         5        3.865622e-01
        59         5        4.144089e-01
        60         5       -4.516278e-01
        61         5       -9.737823e-01
        62         5       -1.689439e+00
        63         5        5.088448e-01
        64         5       -1.186639e+00
        65         5       -4.516998e-01
        66         5        1.905931e+00
        67         5        7.817979e-01
        68         5       -8.406589e-01
        69         5       -5.331567e-01
        70         5        8.915713e-01
        71         5       -1.570856e+00
        72         5       -4.027012e-01
        73         5       -3.984204e-01
        74         5       -4.282151e-01
        75         5       -6.292586e-01
        76         5       -4.060260e-01
;

param theta:=
    1       -3.988453e-01
    2        6.967849e-01
    3       -3.264902e-01
    4       -3.123210e-01
    5       -9.464209e-01
;
param X_true:=
    1        1.248964e-01
    2        1.433326e+00
    3        9.118233e-01
    4        6.671520e-01
    5        9.304290e-01
    6        2.601473e-01
    7       -3.849622e-01
    8       -1.315874e+00
    9        1.689750e+00
   10        3.653767e-01
   11        2.730339e+00
   12        6.999014e-02
   13       -9.583692e-01
   14        6.583185e-01
   15       -1.443557e+00
   16        5.177799e-02
   17       -5.422677e-01
   18       -4.560285e-02
   19       -4.783877e-01
   20        1.609202e+00
   21        2.749012e-01
   22        1.904162e+00
   23       -1.802824e+00
   24       -3.212724e-01
   25        3.842961e-01
   26        1.016606e+00
   27       -8.835238e-02
   28       -1.019967e+00
   29       -1.860082e+00
   30        2.155425e-01
   31       -3.344841e-01
   32        5.023903e-01
   33        1.308650e+00
   34        1.235708e+00
   35        2.243663e+00
   36       -8.182070e-01
   37       -1.561281e+00
   38        8.241944e-01
   39        1.807755e-01
   40        1.235469e+00
   41       -5.320506e-02
   42        5.013763e-01
   43        2.486634e+00
   44       -6.768628e-01
   45       -1.229252e+00
   46       -1.641191e-01
   47        2.507810e-02
   48       -5.193510e-01
   49        1.199575e+00
   50       -5.204608e-01
   51       -3.496745e-02
   52       -5.913794e-01
   53       -9.343259e-01
   54       -1.070987e+00
   55       -7.512873e-01
   56       -1.091804e+00
   57        2.042594e+00
   58       -6.441941e-01
   59       -1.326578e+00
   60        5.417224e-01
   61       -1.190131e-01
   62        1.987038e+00
   63       -2.546878e-01
   64        1.343043e-01
   65        8.596465e-01
   66       -1.031408e+00
   67        1.076625e-01
   68        4.243926e-01
   69        3.512023e-01
   70       -2.087559e+00
   71        2.940853e+00
   72        1.746789e+00
   73        3.047162e-01
   74        9.699640e-01
   75        2.137565e+00
   76        1.093615e+00
;
param X:=
    1       -2.833814e-01
    2        1.087849e+00
    3       -2.899695e-03
    4        6.671520e-01
    5        9.304290e-01
    6        2.601473e-01
    7       -3.849622e-01
    8        2.697520e-01
    9        1.462111e+00
   10       -5.642155e-01
   11        9.948279e-01
   12       -2.409751e-01
   13       -9.583692e-01
   14        2.969974e+00
   15       -1.443557e+00
   16        5.177799e-02
   17       -1.121944e-01
   18       -5.255883e-01
   19       -4.934607e-01
   20        1.609202e+00
   21       -8.769139e-01
   22        9.810221e-01
   23       -1.335529e-01
   24        7.221096e-02
   25       -4.722033e-01
   26        1.016606e+00
   27       -8.835238e-02
   28       -1.019967e+00
   29       -8.692813e-01
   30        4.232756e-01
   31        7.545265e-01
   32        5.023903e-01
   33        1.192609e+00
   34        1.235708e+00
   35        6.594193e-01
   36       -8.247396e-01
   37       -1.561281e+00
   38        1.111518e+00
   39        3.883805e-01
   40        3.576568e-01
   41        8.243809e-01
   42        5.705933e-01
   43        3.213251e-01
   44        6.425300e-02
   45       -6.058214e-01
   46        9.578852e-02
   47        1.603118e+00
   48        1.848870e-01
   49        2.089113e-01
   50       -5.204608e-01
   51       -4.799922e-01
   52       -1.560554e-01
   53       -2.278220e+00
   54       -7.395878e-03
   55       -6.127679e-02
   56       -6.503711e-01
   57        1.075864e+00
   58       -7.022127e-01
   59       -4.971259e-01
   60        6.076858e-01
   61        3.512179e-01
   62        1.987038e+00
   63        9.518166e-01
   64       -6.725619e-01
   65        8.596465e-01
   66       -1.031408e+00
   67        1.201411e-01
   68        9.824048e-01
   69        9.933393e-01
   70       -2.087559e+00
   71        2.940853e+00
   72        1.746789e+00
   73        5.023056e-01
   74        9.699640e-01
   75        8.449443e-02
   76        6.465057e-01
;
param outliervec:=
    1    1
    2    1
    3    1
    4    0
    5    0
    6    0
    7    0
    8    1
    9    1
   10    1
   11    1
   12    1
   13    0
   14    1
   15    0
   16    0
   17    1
   18    1
   19    1
   20    0
   21    1
   22    1
   23    1
   24    1
   25    1
   26    0
   27    0
   28    0
   29    1
   30    1
   31    1
   32    0
   33    1
   34    0
   35    1
   36    1
   37    0
   38    1
   39    1
   40    1
   41    1
   42    1
   43    1
   44    1
   45    1
   46    1
   47    1
   48    1
   49    1
   50    0
   51    1
   52    1
   53    1
   54    1
   55    1
   56    1
   57    1
   58    1
   59    1
   60    1
   61    1
   62    0
   63    1
   64    1
   65    0
   66    0
   67    1
   68    1
   69    1
   70    0
   71    0
   72    0
   73    1
   74    0
   75    1
   76    1
;