data;


param FN:= 1;
param D:= 100;
param U_Original:=
         1         1        1.001757e+00
         2         1       -7.729048e-01
         3         1        2.055475e-01
         4         1        2.796753e-01
         5         1        2.097981e-01
         6         1       -3.476323e-01
         7         1        1.814898e-01
         8         1       -2.743822e-01
         9         1       -7.476155e-03
        10         1        9.431772e-01
        11         1       -8.183149e-01
        12         1       -4.918229e-02
        13         1       -5.530058e-01
        14         1       -4.804581e-02
        15         1        9.174320e-01
        16         1       -1.823740e-01
        17         1        5.581299e-02
        18         1       -6.530577e-01
        19         1       -2.669591e-01
        20         1       -9.449176e-01
        21         1        2.761042e-01
        22         1        8.364171e-01
        23         1        2.930131e-01
        24         1       -9.512154e-01
        25         1        2.861770e-01
        26         1        3.714828e-01
        27         1        1.211601e+00
        28         1       -1.824260e+00
        29         1       -4.607430e-01
        30         1        2.580582e-01
        31         1       -3.784488e-01
        32         1       -1.455453e-01
        33         1        1.948373e+00
        34         1        9.840913e-01
        35         1        1.225594e+00
        36         1       -3.251944e-01
        37         1       -9.633232e-01
        38         1       -1.691563e+00
        39         1       -1.967393e-02
        40         1        1.146579e+00
        41         1        7.313176e-01
        42         1        2.748286e-01
        43         1        2.636365e-01
        44         1       -2.065547e+00
        45         1       -4.063749e-01
        46         1       -1.614508e-01
        47         1       -2.200186e-01
        48         1       -1.621599e+00
        49         1       -4.307058e-01
        50         1        7.010335e-01
        51         1       -1.360475e-01
        52         1       -1.451246e-01
        53         1       -1.977396e-01
        54         1       -1.063461e+00
        55         1       -4.180733e-01
        56         1        2.643049e-01
        57         1       -1.964239e+00
        58         1        6.191949e-01
        59         1        2.586292e-03
        60         1        3.026162e-01
        61         1        5.563700e-01
        62         1       -1.176577e+00
        63         1       -9.834603e-01
        64         1        8.581420e-01
        65         1       -3.297531e-01
        66         1       -1.943394e-01
        67         1       -5.695350e-01
        68         1        1.563437e+00
        69         1       -5.920078e-01
        70         1        7.151592e-01
        71         1        1.019665e+00
        72         1       -1.282999e+00
        73         1        1.217154e+00
        74         1       -3.711780e-01
        75         1        1.085168e-01
        76         1        2.026325e+00
        77         1       -4.226633e-01
        78         1       -2.399823e+00
        79         1        5.646451e-01
        80         1        5.429169e-01
        81         1       -9.338323e-01
        82         1        7.937023e-01
        83         1       -1.060965e+00
        84         1       -7.111985e-01
        85         1       -1.187223e+00
        86         1       -3.481890e-01
        87         1        2.598021e-01
        88         1       -5.774062e-01
        89         1        1.340312e+00
        90         1       -1.102061e+00
        91         1        1.156533e-01
        92         1       -9.858631e-01
        93         1       -6.634760e-01
        94         1        7.550036e-01
        95         1        5.707057e-01
        96         1        1.225442e+00
        97         1       -4.062542e-01
        98         1       -2.082549e+00
        99         1        7.118271e-01
       100         1        8.823610e-01
         1         2        5.311015e-01
         2         2        1.013914e+00
         3         2       -5.747426e-01
         4         2       -2.692045e-01
         5         2        1.210586e+00
         6         2        4.616239e-01
         7         2       -3.956658e-01
         8         2        1.854220e-01
         9         2        1.109802e+00
        10         2        4.868965e-03
        11         2       -6.649986e-01
        12         2        6.236805e-01
        13         2       -1.419631e+00
        14         2       -4.140563e-01
        15         2        3.303157e-01
        16         2        8.377922e-01
        17         2       -1.927930e+00
        18         2        8.370878e-01
        19         2        9.175683e-02
        20         2        5.561380e-01
        21         2       -3.533018e-01
        22         2        5.504714e-01
        23         2       -1.379237e+00
        24         2        4.074575e-02
        25         2        6.458111e-01
        26         2       -1.441230e+00
        27         2       -3.028419e-01
        28         2       -7.324227e-01
        29         2        9.167151e-02
        30         2       -1.233974e+00
        31         2       -7.106005e-01
        32         2        8.329281e-01
        33         2        3.825857e-01
        34         2        1.213767e-01
        35         2        1.348854e+00
        36         2        4.613958e-01
        37         2        1.396482e+00
        38         2        2.804775e-01
        39         2        8.686769e-01
        40         2       -8.477712e-01
        41         2        1.084155e+00
        42         2        6.915439e-01
        43         2       -1.316316e-01
        44         2       -1.351360e+00
        45         2        9.759990e-01
        46         2        1.931078e-01
        47         2        1.414992e+00
        48         2        1.760820e+00
        49         2       -4.774205e-01
        50         2        6.116819e-01
        51         2       -9.692079e-01
        52         2        6.052134e-01
        53         2        8.396818e-01
        54         2        3.421690e-01
        55         2        2.403475e+00
        56         2        1.136709e+00
        57         2       -7.681944e-01
        58         2        1.958691e-01
        59         2        2.805222e-01
        60         2        1.674568e+00
        61         2       -2.019978e-01
        62         2       -2.079393e+00
        63         2        1.966072e+00
        64         2        6.821298e-01
        65         2       -1.185840e+00
        66         2       -1.716687e-01
        67         2        2.948954e-01
        68         2       -1.553063e-01
        69         2       -3.693906e-01
        70         2       -2.763365e-01
        71         2        1.606888e+00
        72         2       -5.816539e-01
        73         2        1.873087e-01
        74         2        1.165852e+00
        75         2        3.868865e-01
        76         2       -1.643742e-02
        77         2        7.268211e-01
        78         2       -2.185508e+00
        79         2       -6.211325e-01
        80         2        4.342380e-03
        81         2       -2.595236e+00
        82         2       -4.002294e-01
        83         2       -2.786352e-01
        84         2        1.616942e-01
        85         2        2.127268e-01
        86         2       -1.326222e+00
        87         2        1.471865e-01
        88         2       -8.620093e-01
        89         2        8.781714e-01
        90         2        1.645915e-01
        91         2        9.590212e-01
        92         2        1.187328e+00
        93         2        5.512554e-01
        94         2        1.313741e+00
        95         2        5.003357e-01
        96         2        1.018507e-01
        97         2        1.237743e+00
        98         2       -1.463418e+00
        99         2       -9.426303e-01
       100         2        8.034707e-02
         1         3       -4.907565e-01
         2         3        6.820323e-02
         3         3       -1.278986e-01
         4         3        6.041667e-01
         5         3       -1.322964e-01
         6         3       -2.963608e-01
         7         3       -1.477284e+00
         8         3       -2.403710e-01
         9         3        2.301784e-01
        10         3       -1.391869e+00
        11         3       -5.640480e-01
        12         3        1.318858e+00
        13         3       -1.761776e-01
        14         3       -5.155485e-01
        15         3       -1.521044e+00
        16         3        5.477367e-01
        17         3       -5.339797e-01
        18         3        9.044255e-01
        19         3        3.659370e-02
        20         3        1.204646e+00
        21         3       -9.943611e-02
        22         3        8.635133e-01
        23         3       -1.138443e-01
        24         3       -1.734937e-01
        25         3       -1.571152e-01
        26         3       -6.194269e-03
        27         3        2.767019e-01
        28         3        1.092189e+00
        29         3       -5.144218e-02
        30         3        3.911246e-01
        31         3        5.079984e-01
        32         3       -4.282368e-01
        33         3        6.881675e-01
        34         3        1.177365e+00
        35         3        3.833832e-01
        36         3        2.319781e-01
        37         3        8.147173e-01
        38         3       -4.799099e-01
        39         3       -3.740132e-01
        40         3       -5.681034e-01
        41         3        4.599872e-01
        42         3        2.062204e-01
        43         3        2.140946e+00
        44         3       -9.254849e-01
        45         3        1.088798e-02
        46         3        6.688395e-01
        47         3        1.385796e+00
        48         3       -2.065189e-03
        49         3        8.986196e-01
        50         3        1.039354e+00
        51         3        2.832010e-01
        52         3        2.133291e+00
        53         3       -8.402716e-01
        54         3       -5.954196e-01
        55         3        7.875289e-01
        56         3       -1.376038e-01
        57         3        1.058288e+00
        58         3        2.231979e-01
        59         3       -2.904433e-01
        60         3       -7.832578e-01
        61         3        4.825450e-01
        62         3        9.505030e-01
        63         3        1.640269e-01
        64         3        1.002283e+00
        65         3        4.017149e-01
        66         3        5.696701e-01
        67         3       -2.757750e-02
        68         3       -9.847088e-01
        69         3        2.047969e+00
        70         3        8.857094e-01
        71         3        1.735462e-01
        72         3        1.053281e+00
        73         3       -1.793095e+00
        74         3        7.951935e-01
        75         3        4.535383e-01
        76         3        2.112966e+00
        77         3       -7.109132e-01
        78         3       -2.143891e+00
        79         3       -1.076871e+00
        80         3        1.919602e+00
        81         3       -2.239678e+00
        82         3        1.315642e+00
        83         3        2.414330e+00
        84         3       -1.453653e+00
        85         3        4.182714e-01
        86         3       -4.452611e-01
        87         3       -7.218317e-02
        88         3       -1.796543e+00
        89         3        8.104599e-01
        90         3        2.170914e+00
        91         3       -3.206588e-01
        92         3        7.771528e-01
        93         3        9.862055e-01
        94         3        6.358558e-01
        95         3       -1.582626e-01
        96         3        2.389285e+00
        97         3        2.097337e-01
        98         3        9.386293e-01
        99         3        1.804668e+00
       100         3       -1.759625e+00
         1         4       -7.734697e-02
         2         4        1.594618e-01
         3         4        1.004326e+00
         4         4       -6.040116e-01
         5         4        5.852667e-01
         6         4       -8.973890e-01
         7         4        7.726916e-01
         8         4        4.147375e-01
         9         4        9.018381e-01
        10         4        1.622618e-02
        11         4       -8.297867e-02
        12         4        6.486777e-01
        13         4       -1.538458e+00
        14         4       -9.044002e-01
        15         4       -2.270447e-01
        16         4       -1.098631e+00
        17         4       -9.432035e-01
        18         4        4.506901e-02
        19         4        1.414922e+00
        20         4        2.122781e-01
        21         4       -3.477766e-01
        22         4        1.543124e+00
        23         4        1.570938e+00
        24         4       -1.777541e-01
        25         4        4.924767e-01
        26         4        1.614007e+00
        27         4       -7.743080e-02
        28         4       -4.797274e-01
        29         4        1.058633e+00
        30         4       -3.008570e-01
        31         4        5.348471e-01
        32         4       -9.941371e-02
        33         4        3.104108e-01
        34         4        2.110149e-01
        35         4       -1.496774e+00
        36         4       -1.113417e+00
        37         4        1.135807e+00
        38         4        6.814858e-01
        39         4       -7.738801e-01
        40         4        6.024004e-01
        41         4        1.013226e+00
        42         4        4.888402e-01
        43         4        4.835435e-02
        44         4        1.258509e+00
        45         4       -1.074079e+00
        46         4        3.554871e-01
        47         4        1.128506e+00
        48         4        3.284695e-01
        49         4       -3.871441e-01
        50         4        4.646095e-01
        51         4        9.930128e-02
        52         4       -6.889458e-01
        53         4       -9.829405e-02
        54         4        9.506966e-01
        55         4        1.142016e+00
        56         4       -6.752915e-01
        57         4        1.100560e-01
        58         4        4.329587e-01
        59         4        7.075659e-02
        60         4        2.309659e-01
        61         4        1.066007e-01
        62         4        6.909324e-01
        63         4       -9.162315e-03
        64         4        3.160200e-01
        65         4        1.877512e+00
        66         4       -1.153471e+00
        67         4       -1.966235e+00
        68         4        3.190758e-01
        69         4        1.890261e-01
        70         4        7.141212e-01
        71         4        3.445796e-01
        72         4       -1.478687e+00
        73         4       -1.178001e+00
        74         4       -1.762161e+00
        75         4        1.299125e+00
        76         4       -1.006043e+00
        77         4        2.347353e-01
        78         4       -7.471742e-01
        79         4        1.324528e+00
        80         4        8.396181e-01
        81         4        1.483247e+00
        82         4       -8.930324e-01
        83         4       -2.672136e-01
        84         4       -1.505151e+00
        85         4        1.949661e+00
        86         4        2.598869e+00
        87         4       -2.034849e-01
        88         4       -2.083731e-01
        89         4       -3.210565e-01
        90         4        3.181660e-02
        91         4        2.608415e-01
        92         4       -1.349272e+00
        93         4       -1.054588e-01
        94         4        1.818407e-01
        95         4       -1.858788e+00
        96         4        5.513352e-01
        97         4       -9.886322e-01
        98         4        4.101113e-01
        99         4        4.978654e-01
       100         4        1.905975e+00
         1         5       -1.118730e-01
         2         5       -1.159609e+00
         3         5        4.460647e-01
         4         5        4.511905e-02
         5         5        3.644433e-02
         6         5        1.638908e+00
         7         5        2.050989e+00
         8         5       -4.686482e-01
         9         5        7.810083e-02
        10         5       -6.462906e-01
        11         5       -5.192903e-01
        12         5       -1.321548e+00
        13         5       -8.861698e-02
        14         5        1.086962e+00
        15         5       -4.812682e-01
        16         5        1.734273e+00
        17         5        1.508025e+00
        18         5       -9.986106e-02
        19         5        1.417696e+00
        20         5       -8.052000e-01
        21         5       -4.621104e-01
        22         5        1.687396e+00
        23         5       -3.981826e-01
        24         5        3.184973e-01
        25         5       -3.924877e-01
        26         5       -7.147566e-01
        27         5       -5.960023e-01
        28         5       -1.735991e+00
        29         5       -2.186414e-01
        30         5       -6.964434e-01
        31         5        1.271555e+00
        32         5       -1.123019e+00
        33         5       -4.263523e-01
        34         5        2.105853e-01
        35         5       -2.232664e+00
        36         5       -8.398740e-01
        37         5        3.219504e-01
        38         5       -1.185272e-01
        39         5        5.658475e-01
        40         5       -2.480165e-01
        41         5       -5.616697e-01
        42         5        5.660681e-01
        43         5       -5.274749e-01
        44         5       -1.413295e-01
        45         5        4.769238e-01
        46         5       -1.849444e-01
        47         5       -3.544949e-01
        48         5        7.337590e-01
        49         5        3.770773e-03
        50         5       -2.075151e-02
        51         5        2.191881e-01
        52         5        2.107708e+00
        53         5       -1.891566e-01
        54         5       -5.052488e-01
        55         5       -4.135945e-01
        56         5       -8.345613e-01
        57         5       -5.488239e-02
        58         5        1.025262e+00
        59         5        4.138105e-02
        60         5       -2.256794e-01
        61         5       -4.187755e-01
        62         5        6.639554e-02
        63         5       -1.052223e+00
        64         5        4.182303e-02
        65         5       -2.561547e-01
        66         5       -6.869284e-01
        67         5        1.194478e+00
        68         5        1.332084e+00
        69         5        8.951462e-01
        70         5        3.275493e-02
        71         5        1.534055e-01
        72         5       -2.337155e+00
        73         5        3.961306e-01
        74         5       -9.564430e-02
        75         5       -1.458243e-01
        76         5       -6.683922e-01
        77         5       -3.487915e-01
        78         5        9.989307e-01
        79         5        1.030857e+00
        80         5       -2.081222e+00
        81         5       -1.953957e+00
        82         5       -2.755767e-01
        83         5       -8.208243e-01
        84         5        2.535263e-01
        85         5       -2.176979e-01
        86         5        1.150867e-01
        87         5        4.260299e-01
        88         5       -1.141170e+00
        89         5        3.553635e-01
        90         5        8.393624e-02
        91         5       -3.483504e-01
        92         5        1.442930e+00
        93         5        2.961980e+00
        94         5        1.490584e+00
        95         5        8.580858e-01
        96         5        8.411938e-01
        97         5        8.836739e-01
        98         5       -6.440207e-01
        99         5       -5.526829e-01
       100         5        1.355954e-01
;
param X_Original:=
    1       -1.184041e+00
    2        6.438502e-02
    3        8.967319e-01
    4        6.067268e-01
    5       -2.123856e+00
    6       -9.060250e-01
    7        1.724329e+00
    8       -1.204211e+00
    9        1.206306e+00
   10        1.252991e+00
   11        1.565820e-01
   12        2.124642e+00
   13        2.019984e+00
   14       -9.321064e-01
   15       -6.477559e-01
   16       -1.611958e+00
   17        2.682167e+00
   18       -2.547508e-01
   19        4.022433e-01
   20        1.156976e-01
   21       -2.416356e-02
   22       -2.043727e-01
   23       -2.606318e-01
   24        2.849322e-01
   25       -9.173659e-02
   26        2.181692e+00
   27        1.882077e-01
   28       -1.309960e-01
   29        1.739474e+00
   30       -1.494739e+00
   31       -1.486178e+00
   32       -1.956391e+00
   33       -2.108864e-01
   34        1.219879e+00
   35       -8.087461e-01
   36        6.282331e-01
   37        1.150599e+00
   38       -5.344155e-01
   39        1.593332e+00
   40       -9.231617e-01
   41       -5.915281e-01
   42        1.373844e-01
   43       -6.418570e-01
   44       -1.039167e+00
   45       -1.139708e+00
   46       -3.647487e-02
   47        1.631276e+00
   48        5.703201e-01
   49        2.432648e+00
   50        1.160904e+00
   51        2.387833e-01
   52       -8.328633e-01
   53       -2.542980e+00
   54       -1.438863e+00
   55        9.122253e-01
   56        1.112442e+00
   57        2.358475e+00
   58       -5.999280e-01
   59        5.975635e-01
   60       -4.914537e-01
   61       -2.725920e-02
   62        4.130172e-02
   63       -7.536077e-02
   64        3.936055e-01
   65        1.764520e+00
   66        2.809108e+00
   67       -1.690092e+00
   68        4.980627e-01
   69        5.050583e-01
   70       -1.185029e+00
   71        3.764959e-01
   72        7.987299e-01
   73       -3.151344e+00
   74        4.221728e-02
   75       -1.803522e-01
   76       -2.732381e-01
   77       -1.029736e+00
   78       -3.896799e+00
   79        1.514117e+00
   80        1.021116e+00
   81       -1.242092e+00
   82       -1.532918e+00
   83        5.699498e-01
   84        1.921873e+00
   85       -8.097759e-01
   86       -2.168967e-01
   87        3.731624e-01
   88       -1.728981e+00
   89        2.913042e-01
   90        2.204818e+00
   91       -1.501593e+00
   92        3.611835e-02
   93        1.370294e+00
   94       -1.260349e+00
   95        7.538791e-01
   96        8.592724e-01
   97       -1.631116e+00
   98       -9.454627e-02
   99        7.279379e-01
  100        1.894243e+00
;
param outliervec_original :=
    1    0
    2    1
    3    1
    4    1
    5    0
    6    1
    7    1
    8    1
    9    1
   10    1
   11    1
   12    1
   13    0
   14    1
   15    1
   16    1
   17    1
   18    1
   19    1
   20    1
   21    1
   22    1
   23    1
   24    1
   25    1
   26    1
   27    1
   28    1
   29    1
   30    1
   31    1
   32    1
   33    1
   34    1
   35    1
   36    1
   37    1
   38    1
   39    1
   40    1
   41    1
   42    1
   43    1
   44    1
   45    0
   46    1
   47    1
   48    1
   49    0
   50    1
   51    1
   52    1
   53    0
   54    1
   55    1
   56    1
   57    0
   58    0
   59    1
   60    1
   61    1
   62    1
   63    1
   64    1
   65    1
   66    0
   67    1
   68    1
   69    1
   70    1
   71    1
   72    1
   73    0
   74    1
   75    0
   76    1
   77    1
   78    0
   79    1
   80    1
   81    0
   82    1
   83    1
   84    1
   85    1
   86    1
   87    1
   88    0
   89    1
   90    1
   91    0
   92    1
   93    1
   94    1
   95    1
   96    1
   97    1
   98    1
   99    1
  100    1
;
param d:= 74;
param r:=5;
param p:=0.840000;
param M:=1000;
param U:=
         1         1        1.001757e+00
         2         1       -7.729048e-01
         3         1        2.055475e-01
         4         1        2.796753e-01
         5         1        2.097981e-01
         6         1       -3.476323e-01
         7         1       -2.743822e-01
         8         1       -7.476155e-03
         9         1       -8.183149e-01
        10         1       -4.918229e-02
        11         1       -4.804581e-02
        12         1        9.174320e-01
        13         1       -1.823740e-01
        14         1       -6.530577e-01
        15         1       -2.669591e-01
        16         1       -9.449176e-01
        17         1        2.761042e-01
        18         1        8.364171e-01
        19         1        2.930131e-01
        20         1       -9.512154e-01
        21         1        2.861770e-01
        22         1        3.714828e-01
        23         1        1.211601e+00
        24         1       -4.607430e-01
        25         1       -1.455453e-01
        26         1        1.948373e+00
        27         1        9.840913e-01
        28         1        1.225594e+00
        29         1       -3.251944e-01
        30         1       -9.633232e-01
        31         1       -1.691563e+00
        32         1        1.146579e+00
        33         1        7.313176e-01
        34         1        2.748286e-01
        35         1       -2.065547e+00
        36         1       -4.063749e-01
        37         1       -1.614508e-01
        38         1       -2.200186e-01
        39         1       -1.621599e+00
        40         1       -4.307058e-01
        41         1        7.010335e-01
        42         1       -1.360475e-01
        43         1       -1.977396e-01
        44         1       -1.063461e+00
        45         1       -4.180733e-01
        46         1        2.643049e-01
        47         1       -1.964239e+00
        48         1        6.191949e-01
        49         1        2.586292e-03
        50         1        3.026162e-01
        51         1        5.563700e-01
        52         1       -9.834603e-01
        53         1        8.581420e-01
        54         1       -3.297531e-01
        55         1       -1.943394e-01
        56         1       -5.695350e-01
        57         1        1.019665e+00
        58         1       -1.282999e+00
        59         1        1.217154e+00
        60         1       -3.711780e-01
        61         1        1.085168e-01
        62         1       -4.226633e-01
        63         1       -2.399823e+00
        64         1       -9.338323e-01
        65         1       -3.481890e-01
        66         1        2.598021e-01
        67         1       -5.774062e-01
        68         1        1.340312e+00
        69         1       -1.102061e+00
        70         1        1.156533e-01
        71         1       -9.858631e-01
        72         1       -6.634760e-01
        73         1        7.550036e-01
        74         1       -4.062542e-01
         1         2        5.311015e-01
         2         2        1.013914e+00
         3         2       -5.747426e-01
         4         2       -2.692045e-01
         5         2        1.210586e+00
         6         2        4.616239e-01
         7         2        1.854220e-01
         8         2        1.109802e+00
         9         2       -6.649986e-01
        10         2        6.236805e-01
        11         2       -4.140563e-01
        12         2        3.303157e-01
        13         2        8.377922e-01
        14         2        8.370878e-01
        15         2        9.175683e-02
        16         2        5.561380e-01
        17         2       -3.533018e-01
        18         2        5.504714e-01
        19         2       -1.379237e+00
        20         2        4.074575e-02
        21         2        6.458111e-01
        22         2       -1.441230e+00
        23         2       -3.028419e-01
        24         2        9.167151e-02
        25         2        8.329281e-01
        26         2        3.825857e-01
        27         2        1.213767e-01
        28         2        1.348854e+00
        29         2        4.613958e-01
        30         2        1.396482e+00
        31         2        2.804775e-01
        32         2       -8.477712e-01
        33         2        1.084155e+00
        34         2        6.915439e-01
        35         2       -1.351360e+00
        36         2        9.759990e-01
        37         2        1.931078e-01
        38         2        1.414992e+00
        39         2        1.760820e+00
        40         2       -4.774205e-01
        41         2        6.116819e-01
        42         2       -9.692079e-01
        43         2        8.396818e-01
        44         2        3.421690e-01
        45         2        2.403475e+00
        46         2        1.136709e+00
        47         2       -7.681944e-01
        48         2        1.958691e-01
        49         2        2.805222e-01
        50         2        1.674568e+00
        51         2       -2.019978e-01
        52         2        1.966072e+00
        53         2        6.821298e-01
        54         2       -1.185840e+00
        55         2       -1.716687e-01
        56         2        2.948954e-01
        57         2        1.606888e+00
        58         2       -5.816539e-01
        59         2        1.873087e-01
        60         2        1.165852e+00
        61         2        3.868865e-01
        62         2        7.268211e-01
        63         2       -2.185508e+00
        64         2       -2.595236e+00
        65         2       -1.326222e+00
        66         2        1.471865e-01
        67         2       -8.620093e-01
        68         2        8.781714e-01
        69         2        1.645915e-01
        70         2        9.590212e-01
        71         2        1.187328e+00
        72         2        5.512554e-01
        73         2        1.313741e+00
        74         2        1.237743e+00
         1         3       -4.907565e-01
         2         3        6.820323e-02
         3         3       -1.278986e-01
         4         3        6.041667e-01
         5         3       -1.322964e-01
         6         3       -2.963608e-01
         7         3       -2.403710e-01
         8         3        2.301784e-01
         9         3       -5.640480e-01
        10         3        1.318858e+00
        11         3       -5.155485e-01
        12         3       -1.521044e+00
        13         3        5.477367e-01
        14         3        9.044255e-01
        15         3        3.659370e-02
        16         3        1.204646e+00
        17         3       -9.943611e-02
        18         3        8.635133e-01
        19         3       -1.138443e-01
        20         3       -1.734937e-01
        21         3       -1.571152e-01
        22         3       -6.194269e-03
        23         3        2.767019e-01
        24         3       -5.144218e-02
        25         3       -4.282368e-01
        26         3        6.881675e-01
        27         3        1.177365e+00
        28         3        3.833832e-01
        29         3        2.319781e-01
        30         3        8.147173e-01
        31         3       -4.799099e-01
        32         3       -5.681034e-01
        33         3        4.599872e-01
        34         3        2.062204e-01
        35         3       -9.254849e-01
        36         3        1.088798e-02
        37         3        6.688395e-01
        38         3        1.385796e+00
        39         3       -2.065189e-03
        40         3        8.986196e-01
        41         3        1.039354e+00
        42         3        2.832010e-01
        43         3       -8.402716e-01
        44         3       -5.954196e-01
        45         3        7.875289e-01
        46         3       -1.376038e-01
        47         3        1.058288e+00
        48         3        2.231979e-01
        49         3       -2.904433e-01
        50         3       -7.832578e-01
        51         3        4.825450e-01
        52         3        1.640269e-01
        53         3        1.002283e+00
        54         3        4.017149e-01
        55         3        5.696701e-01
        56         3       -2.757750e-02
        57         3        1.735462e-01
        58         3        1.053281e+00
        59         3       -1.793095e+00
        60         3        7.951935e-01
        61         3        4.535383e-01
        62         3       -7.109132e-01
        63         3       -2.143891e+00
        64         3       -2.239678e+00
        65         3       -4.452611e-01
        66         3       -7.218317e-02
        67         3       -1.796543e+00
        68         3        8.104599e-01
        69         3        2.170914e+00
        70         3       -3.206588e-01
        71         3        7.771528e-01
        72         3        9.862055e-01
        73         3        6.358558e-01
        74         3        2.097337e-01
         1         4       -7.734697e-02
         2         4        1.594618e-01
         3         4        1.004326e+00
         4         4       -6.040116e-01
         5         4        5.852667e-01
         6         4       -8.973890e-01
         7         4        4.147375e-01
         8         4        9.018381e-01
         9         4       -8.297867e-02
        10         4        6.486777e-01
        11         4       -9.044002e-01
        12         4       -2.270447e-01
        13         4       -1.098631e+00
        14         4        4.506901e-02
        15         4        1.414922e+00
        16         4        2.122781e-01
        17         4       -3.477766e-01
        18         4        1.543124e+00
        19         4        1.570938e+00
        20         4       -1.777541e-01
        21         4        4.924767e-01
        22         4        1.614007e+00
        23         4       -7.743080e-02
        24         4        1.058633e+00
        25         4       -9.941371e-02
        26         4        3.104108e-01
        27         4        2.110149e-01
        28         4       -1.496774e+00
        29         4       -1.113417e+00
        30         4        1.135807e+00
        31         4        6.814858e-01
        32         4        6.024004e-01
        33         4        1.013226e+00
        34         4        4.888402e-01
        35         4        1.258509e+00
        36         4       -1.074079e+00
        37         4        3.554871e-01
        38         4        1.128506e+00
        39         4        3.284695e-01
        40         4       -3.871441e-01
        41         4        4.646095e-01
        42         4        9.930128e-02
        43         4       -9.829405e-02
        44         4        9.506966e-01
        45         4        1.142016e+00
        46         4       -6.752915e-01
        47         4        1.100560e-01
        48         4        4.329587e-01
        49         4        7.075659e-02
        50         4        2.309659e-01
        51         4        1.066007e-01
        52         4       -9.162315e-03
        53         4        3.160200e-01
        54         4        1.877512e+00
        55         4       -1.153471e+00
        56         4       -1.966235e+00
        57         4        3.445796e-01
        58         4       -1.478687e+00
        59         4       -1.178001e+00
        60         4       -1.762161e+00
        61         4        1.299125e+00
        62         4        2.347353e-01
        63         4       -7.471742e-01
        64         4        1.483247e+00
        65         4        2.598869e+00
        66         4       -2.034849e-01
        67         4       -2.083731e-01
        68         4       -3.210565e-01
        69         4        3.181660e-02
        70         4        2.608415e-01
        71         4       -1.349272e+00
        72         4       -1.054588e-01
        73         4        1.818407e-01
        74         4       -9.886322e-01
         1         5       -1.118730e-01
         2         5       -1.159609e+00
         3         5        4.460647e-01
         4         5        4.511905e-02
         5         5        3.644433e-02
         6         5        1.638908e+00
         7         5       -4.686482e-01
         8         5        7.810083e-02
         9         5       -5.192903e-01
        10         5       -1.321548e+00
        11         5        1.086962e+00
        12         5       -4.812682e-01
        13         5        1.734273e+00
        14         5       -9.986106e-02
        15         5        1.417696e+00
        16         5       -8.052000e-01
        17         5       -4.621104e-01
        18         5        1.687396e+00
        19         5       -3.981826e-01
        20         5        3.184973e-01
        21         5       -3.924877e-01
        22         5       -7.147566e-01
        23         5       -5.960023e-01
        24         5       -2.186414e-01
        25         5       -1.123019e+00
        26         5       -4.263523e-01
        27         5        2.105853e-01
        28         5       -2.232664e+00
        29         5       -8.398740e-01
        30         5        3.219504e-01
        31         5       -1.185272e-01
        32         5       -2.480165e-01
        33         5       -5.616697e-01
        34         5        5.660681e-01
        35         5       -1.413295e-01
        36         5        4.769238e-01
        37         5       -1.849444e-01
        38         5       -3.544949e-01
        39         5        7.337590e-01
        40         5        3.770773e-03
        41         5       -2.075151e-02
        42         5        2.191881e-01
        43         5       -1.891566e-01
        44         5       -5.052488e-01
        45         5       -4.135945e-01
        46         5       -8.345613e-01
        47         5       -5.488239e-02
        48         5        1.025262e+00
        49         5        4.138105e-02
        50         5       -2.256794e-01
        51         5       -4.187755e-01
        52         5       -1.052223e+00
        53         5        4.182303e-02
        54         5       -2.561547e-01
        55         5       -6.869284e-01
        56         5        1.194478e+00
        57         5        1.534055e-01
        58         5       -2.337155e+00
        59         5        3.961306e-01
        60         5       -9.564430e-02
        61         5       -1.458243e-01
        62         5       -3.487915e-01
        63         5        9.989307e-01
        64         5       -1.953957e+00
        65         5        1.150867e-01
        66         5        4.260299e-01
        67         5       -1.141170e+00
        68         5        3.553635e-01
        69         5        8.393624e-02
        70         5       -3.483504e-01
        71         5        1.442930e+00
        72         5        2.961980e+00
        73         5        1.490584e+00
        74         5        8.836739e-01
;

param theta:=
    1        5.037108e-01
    2       -1.148553e+00
    3        2.164849e+00
    4       -6.968195e-01
    5       -1.067247e+00
;
param X_true:=
    1       -1.184041e+00
    2       -3.259807e-01
    3       -6.509410e-01
    4        2.189514e+00
    5       -2.123856e+00
    6       -2.569116e+00
    7       -6.532610e-01
    8       -1.572972e+00
    9       -3.659475e-01
   10        2.904718e+00
   11       -1.176175e+00
   12       -2.661288e+00
   13       -8.993987e-01
   14        6.338784e-01
   15       -2.679237e+00
   16        2.167310e+00
   17        1.197622e+00
   18       -1.234818e+00
   19        7.445931e-01
   20       -1.076480e+00
   21       -8.898026e-01
   22        1.533477e+00
   23        2.361682e+00
   24       -9.957265e-01
   25       -6.271328e-01
   26        2.376451e+00
   27        2.473098e+00
   28        3.252548e+00
   29        1.377878e+00
   30       -1.540413e+00
   31       -2.608623e+00
   32        1.323053e-01
   33        8.105386e-03
   34       -1.108170e+00
   35       -2.344639e+00
   36       -1.139708e+00
   37        1.125565e+00
   38        8.579673e-01
   39       -3.736746e+00
   40        2.432648e+00
   41        1.477109e+00
   42        1.599993e+00
   43       -2.542980e+00
   44       -2.298350e+00
   45       -1.548374e+00
   46       -1.370501e-01
   47        2.358475e+00
   48       -5.999280e-01
   49       -9.725756e-01
   50       -3.404357e+00
   51        1.951674e+00
   52       -1.258819e+00
   53        1.476957e+00
   54        1.108420e+00
   55        2.809108e+00
   56       -7.834229e-01
   57       -1.311197e+00
   58        5.865540e+00
   59       -3.151344e+00
   60        1.524093e+00
   61       -1.803522e-01
   62       -2.433466e+00
   63       -3.896799e+00
   64       -1.242092e+00
   65       -1.640370e+00
   66       -4.428677e-01
   67       -1.728981e+00
   68        1.411363e+00
   69        3.934838e+00
   70       -1.501593e+00
   71       -6.657081e-01
   72       -2.000184e+00
   73       -1.569288e+00
   74       -1.373745e+00
;
param X:=
    1       -1.184041e+00
    2        6.438502e-02
    3        8.967319e-01
    4        6.067268e-01
    5       -2.123856e+00
    6       -9.060250e-01
    7       -1.204211e+00
    8        1.206306e+00
    9        1.565820e-01
   10        2.124642e+00
   11       -9.321064e-01
   12       -6.477559e-01
   13       -1.611958e+00
   14       -2.547508e-01
   15        4.022433e-01
   16        1.156976e-01
   17       -2.416356e-02
   18       -2.043727e-01
   19       -2.606318e-01
   20        2.849322e-01
   21       -9.173659e-02
   22        2.181692e+00
   23        1.882077e-01
   24        1.739474e+00
   25       -1.956391e+00
   26       -2.108864e-01
   27        1.219879e+00
   28       -8.087461e-01
   29        6.282331e-01
   30        1.150599e+00
   31       -5.344155e-01
   32       -9.231617e-01
   33       -5.915281e-01
   34        1.373844e-01
   35       -1.039167e+00
   36       -1.139708e+00
   37       -3.647487e-02
   38        1.631276e+00
   39        5.703201e-01
   40        2.432648e+00
   41        1.160904e+00
   42        2.387833e-01
   43       -2.542980e+00
   44       -1.438863e+00
   45        9.122253e-01
   46        1.112442e+00
   47        2.358475e+00
   48       -5.999280e-01
   49        5.975635e-01
   50       -4.914537e-01
   51       -2.725920e-02
   52       -7.536077e-02
   53        3.936055e-01
   54        1.764520e+00
   55        2.809108e+00
   56       -1.690092e+00
   57        3.764959e-01
   58        7.987299e-01
   59       -3.151344e+00
   60        4.221728e-02
   61       -1.803522e-01
   62       -1.029736e+00
   63       -3.896799e+00
   64       -1.242092e+00
   65       -2.168967e-01
   66        3.731624e-01
   67       -1.728981e+00
   68        2.913042e-01
   69        2.204818e+00
   70       -1.501593e+00
   71        3.611835e-02
   72        1.370294e+00
   73       -1.260349e+00
   74       -1.631116e+00
;
param outliervec:=
    1    0
    2    1
    3    1
    4    1
    5    0
    6    1
    7    1
    8    1
    9    1
   10    1
   11    1
   12    1
   13    1
   14    1
   15    1
   16    1
   17    1
   18    1
   19    1
   20    1
   21    1
   22    1
   23    1
   24    1
   25    1
   26    1
   27    1
   28    1
   29    1
   30    1
   31    1
   32    1
   33    1
   34    1
   35    1
   36    0
   37    1
   38    1
   39    1
   40    0
   41    1
   42    1
   43    0
   44    1
   45    1
   46    1
   47    0
   48    0
   49    1
   50    1
   51    1
   52    1
   53    1
   54    1
   55    0
   56    1
   57    1
   58    1
   59    0
   60    1
   61    0
   62    1
   63    0
   64    0
   65    1
   66    1
   67    0
   68    1
   69    1
   70    0
   71    1
   72    1
   73    1
   74    1
;