data;


param FN:= 0;
param D:= 100;
param U_Original:=
         1         1        4.885664e-01
         2         1       -1.179350e+00
         3         1       -2.794390e-01
         4         1        4.874430e-01
         5         1       -2.903811e-01
         6         1        1.084212e+00
         7         1        1.351268e+00
         8         1        1.271224e+00
         9         1        2.075321e+00
        10         1       -5.455848e-01
        11         1        4.919482e-01
        12         1       -5.593102e-01
        13         1       -7.603085e-02
        14         1       -2.138986e-01
        15         1        8.010094e-02
        16         1       -1.941215e+00
        17         1       -1.004531e+00
        18         1        1.246388e+00
        19         1       -1.182569e+00
        20         1        3.697182e-01
        21         1       -7.323827e-01
        22         1        7.569592e-01
        23         1       -8.821307e-01
        24         1        2.953049e-01
        25         1        4.533502e-01
        26         1       -1.988905e+00
        27         1        2.162679e+00
        28         1       -1.769901e+00
        29         1        7.094901e-01
        30         1       -3.662978e-01
        31         1       -7.900986e-03
        32         1        5.266541e-01
        33         1        1.506864e+00
        34         1        6.747648e-01
        35         1       -8.024814e-01
        36         1       -1.817066e+00
        37         1       -2.550337e-01
        38         1        9.662810e-02
        39         1        8.296684e-01
        40         1        4.602137e-01
        41         1        1.443951e-01
        42         1       -1.365224e+00
        43         1       -1.351312e+00
        44         1       -8.059569e-01
        45         1       -1.528838e-01
        46         1        4.073721e-01
        47         1        3.846873e-01
        48         1        1.247653e+00
        49         1       -1.155127e+00
        50         1        3.404694e-02
        51         1        2.121210e-01
        52         1       -1.096965e+00
        53         1       -1.776581e-01
        54         1       -5.813929e-01
        55         1        6.757785e-01
        56         1        1.735045e-01
        57         1       -1.683421e+00
        58         1        4.000678e-01
        59         1       -8.229899e-02
        60         1        1.708731e+00
        61         1        1.325776e+00
        62         1        2.144493e+00
        63         1       -1.976319e-01
        64         1        1.522615e+00
        65         1        1.802091e-02
        66         1       -1.196903e+00
        67         1       -1.742332e+00
        68         1        7.638689e-01
        69         1        8.993959e-02
        70         1        8.115839e-01
        71         1        2.694102e+00
        72         1       -1.779955e+00
        73         1        6.244699e-01
        74         1       -3.887088e-01
        75         1        5.972428e-01
        76         1       -1.089388e+00
        77         1       -6.339510e-02
        78         1        9.752781e-01
        79         1        2.658899e+00
        80         1       -7.447571e-01
        81         1        6.723784e-01
        82         1        1.888814e-01
        83         1        1.739689e+00
        84         1        2.212613e-02
        85         1       -9.787991e-01
        86         1       -9.052076e-01
        87         1       -9.090111e-01
        88         1       -1.376608e+00
        89         1        1.380773e-01
        90         1       -4.150095e-01
        91         1        1.628541e-01
        92         1        3.520431e-02
        93         1        7.270809e-01
        94         1        8.753214e-02
        95         1        1.174179e+00
        96         1        1.227739e-01
        97         1       -2.342787e-01
        98         1       -2.221936e-01
        99         1        1.509011e-01
       100         1       -5.092382e-01
         1         2       -1.577543e-01
         2         2       -4.446335e-01
         3         2        1.885586e+00
         4         2        4.321709e-01
         5         2        1.572887e-01
         6         2        1.114829e+00
         7         2       -5.801299e-01
         8         2        1.459764e+00
         9         2       -1.021329e+00
        10         2       -1.557224e+00
        11         2        1.664780e-01
        12         2        1.763733e-01
        13         2        1.240777e+00
        14         2       -5.409825e-01
        15         2        2.348260e+00
        16         2        9.547454e-01
        17         2       -2.799292e-01
        18         2       -8.891392e-01
        19         2        5.026860e-01
        20         2        2.012376e+00
        21         2        1.427390e-01
        22         2        2.044591e-01
        23         2       -1.060127e+00
        24         2       -3.295931e-01
        25         2        6.021360e-01
        26         2       -1.318386e+00
        27         2        1.236622e+00
        28         2       -5.476677e-01
        29         2       -2.704276e-01
        30         2        1.050631e+00
        31         2        1.450519e+00
        32         2        4.304900e-01
        33         2        1.520562e+00
        34         2       -5.158216e-01
        35         2       -2.828881e+00
        36         2       -1.320239e+00
        37         2       -4.735013e-01
        38         2       -6.949532e-01
        39         2        1.389569e+00
        40         2       -1.085193e+00
        41         2       -4.616414e-01
        42         2       -1.222404e+00
        43         2       -6.832323e-01
        44         2        3.436805e-02
        45         2       -1.002134e+00
        46         2        2.538877e-01
        47         2       -1.991441e-01
        48         2       -1.902498e+00
        49         2        1.877749e-02
        50         2       -4.516997e-01
        51         2        8.235819e-01
        52         2       -7.311654e-01
        53         2        1.068877e+00
        54         2        1.510681e+00
        55         2       -1.929783e-01
        56         2        3.131712e-01
        57         2        9.683669e-01
        58         2        1.239149e+00
        59         2        1.942828e-01
        60         2       -1.036858e-01
        61         2       -1.852055e+00
        62         2       -3.693128e-01
        63         2        2.017635e+00
        64         2       -1.534589e+00
        65         2       -2.974065e-02
        66         2       -1.246046e+00
        67         2       -1.121496e-01
        68         2       -1.741979e+00
        69         2       -1.087975e-01
        70         2       -3.487906e-01
        71         2       -2.613810e+00
        72         2       -5.493246e-01
        73         2        1.223726e+00
        74         2       -2.912268e+00
        75         2       -7.272810e-01
        76         2       -5.157244e-01
        77         2       -1.870511e-01
        78         2        8.314781e-01
        79         2        4.344535e-01
        80         2        1.319403e+00
        81         2        6.387404e-01
        82         2        8.162859e-01
        83         2       -4.382692e-01
        84         2        7.565130e-01
        85         2       -1.134385e+00
        86         2       -3.630649e-01
        87         2       -1.050284e+00
        88         2       -2.374604e-01
        89         2       -9.933026e-01
        90         2        4.983288e-01
        91         2       -1.119414e+00
        92         2       -3.641431e-01
        93         2       -1.026743e+00
        94         2        4.933965e-01
        95         2        8.019705e-01
        96         2       -1.367494e+00
        97         2       -4.572370e-02
        98         2       -1.365677e+00
        99         2       -1.881545e-01
       100         2        1.835476e-01
         1         3       -2.220279e+00
         2         3       -3.729516e-01
         3         3       -9.742758e-02
         4         3        8.866454e-01
         5         3       -2.326379e+00
         6         3        2.971841e+00
         7         3        2.977355e-01
         8         3        5.074888e-01
         9         3       -7.483548e-01
        10         3        2.745632e-01
        11         3        1.091544e+00
        12         3        1.102899e+00
        13         3        7.403162e-02
        14         3       -9.313962e-01
        15         3       -9.061132e-02
        16         3        5.345098e-01
        17         3       -1.501740e-02
        18         3       -1.113211e+00
        19         3        2.258656e+00
        20         3       -2.857111e-01
        21         3       -3.515798e-01
        22         3        5.698422e-01
        23         3       -2.332290e-01
        24         3       -2.312789e-01
        25         3        1.285280e+00
        26         3        6.465662e-01
        27         3        1.637085e+00
        28         3       -9.878687e-01
        29         3        1.232099e+00
        30         3       -9.805219e-01
        31         3       -6.502324e-01
        32         3        1.244053e+00
        33         3        8.899181e-01
        34         3        3.234974e-01
        35         3        9.258724e-02
        36         3       -1.636666e+00
        37         3       -9.005196e-02
        38         3       -2.913105e-01
        39         3        9.050050e-01
        40         3        5.100755e-01
        41         3       -4.454883e-01
        42         3        1.053562e-01
        43         3       -1.053751e-01
        44         3       -4.993838e-01
        45         3        1.038821e+00
        46         3       -5.641615e-01
        47         3       -3.129422e-01
        48         3        5.171207e-01
        49         3       -5.608740e-01
        50         3       -4.186071e-02
        51         3       -2.028385e-01
        52         3       -7.339215e-01
        53         3       -1.198037e+00
        54         3        4.872084e-01
        55         3       -7.046344e-01
        56         3        1.268450e+00
        57         3        4.743496e-01
        58         3        2.520877e-01
        59         3        4.745709e-01
        60         3        1.000300e+00
        61         3        5.362856e-01
        62         3       -6.454488e-02
        63         3        1.437103e+00
        64         3        7.178051e-01
        65         3        1.991868e+00
        66         3       -8.990769e-01
        67         3        8.760487e-01
        68         3        3.628411e-01
        69         3        1.309459e-01
        70         3       -4.224107e-01
        71         3       -2.419941e-01
        72         3       -6.858065e-02
        73         3       -3.318855e-01
        74         3        1.553028e-01
        75         3        6.136002e-01
        76         3       -6.563666e-01
        77         3       -1.386601e+00
        78         3       -8.477682e-02
        79         3        2.947722e+00
        80         3       -9.024278e-01
        81         3       -7.787874e-01
        82         3        1.859537e-01
        83         3        1.250520e+00
        84         3        2.645800e+00
        85         3       -9.472815e-02
        86         3       -8.323159e-01
        87         3       -5.453495e-01
        88         3        9.086871e-01
        89         3       -2.668313e-01
        90         3       -1.312117e+00
        91         3        8.923922e-01
        92         3        7.985160e-01
        93         3       -5.700107e-01
        94         3        9.060553e-01
        95         3        4.642866e-01
        96         3       -1.353395e+00
        97         3       -5.288889e-01
        98         3       -4.354877e-01
        99         3       -5.092856e-01
       100         3       -2.337189e-01
         1         4       -2.532262e+00
         2         4       -7.226062e-01
         3         4        3.547017e-01
         4         4        1.186944e+00
         5         4       -1.144348e+00
         6         4        1.887207e+00
         7         4       -1.634117e+00
         8         4       -1.290727e-01
         9         4       -1.043718e+00
        10         4       -8.816474e-01
        11         4        1.877972e+00
        12         4        9.398531e-01
        13         4       -3.595259e-01
        14         4       -5.487113e-01
        15         4       -1.132435e+00
        16         4       -5.299314e-01
        17         4        2.014622e+00
        18         4        1.123583e+00
        19         4       -2.136760e+00
        20         4       -6.409878e-01
        21         4        1.015680e+00
        22         4       -2.353230e-01
        23         4       -1.125992e+00
        24         4        6.667151e-01
        25         4       -9.261889e-02
        26         4       -2.936740e-01
        27         4        3.640446e-01
        28         4        2.205858e-01
        29         4       -1.875126e-01
        30         4       -1.413284e+00
        31         4       -4.375670e-01
        32         4       -1.962462e+00
        33         4       -4.783666e-02
        34         4        4.766087e-01
        35         4       -4.925546e-01
        36         4       -6.257802e-01
        37         4       -1.325257e+00
        38         4       -7.760357e-02
        39         4        1.119423e-01
        40         4        7.344374e-02
        41         4        5.312998e-01
        42         4       -1.126642e+00
        43         4        1.836561e-01
        44         4       -1.962716e+00
        45         4       -4.408603e-01
        46         4       -1.016278e+00
        47         4       -2.401564e-02
        48         4        4.623087e-01
        49         4        2.264275e-01
        50         4       -6.500442e-01
        51         4       -1.643288e+00
        52         4       -2.091642e-01
        53         4        9.162098e-01
        54         4        1.930762e-01
        55         4       -6.761512e-01
        56         4       -5.792768e-03
        57         4       -6.525837e-01
        58         4       -1.781371e+00
        59         4        9.920011e-01
        60         4        6.336500e-01
        61         4       -1.109941e-01
        62         4        5.798399e-01
        63         4       -5.493005e-01
        64         4        3.650822e-02
        65         4        1.212115e+00
        66         4       -1.436485e-01
        67         4        9.177816e-01
        68         4        1.957160e-02
        69         4       -5.692583e-01
        70         4       -3.294218e-01
        71         4        5.045955e-01
        72         4       -2.283966e+00
        73         4       -1.232847e+00
        74         4        1.050012e+00
        75         4        2.996197e-02
        76         4        1.881302e-01
        77         4       -1.738775e-01
        78         4       -2.553692e+00
        79         4       -7.444625e-01
        80         4        3.498584e-01
        81         4       -3.742062e-01
        82         4       -1.971156e+00
        83         4       -2.469819e-01
        84         4        2.710854e-01
        85         4       -8.018488e-01
        86         4       -1.924352e+00
        87         4        1.101901e+00
        88         4       -5.444831e-01
        89         4       -1.442598e+00
        90         4        1.025543e-01
        91         4       -1.208487e+00
        92         4       -1.149827e+00
        93         4        7.163109e-01
        94         4        1.738218e+00
        95         4        1.217974e+00
        96         4        3.522832e-03
        97         4       -1.125039e+00
        98         4        1.650746e-02
        99         4       -7.703245e-01
       100         4       -8.742738e-02
         1         5       -1.087273e+00
         2         5        4.941185e-01
         3         5        1.499575e+00
         4         5       -7.679445e-01
         5         5       -1.127506e+00
         6         5        2.512871e-01
         7         5       -2.835403e+00
         8         5        8.203781e-03
         9         5        4.002512e-01
        10         5       -6.979694e-01
        11         5       -7.090229e-01
        12         5        1.815799e+00
        13         5        1.267934e-01
        14         5       -1.138327e+00
        15         5        1.182800e-01
        16         5        2.807379e-01
        17         5       -2.280164e+00
        18         5       -7.872157e-01
        19         5       -2.263598e-01
        20         5       -2.063613e+00
        21         5        4.232870e-01
        22         5       -8.013114e-01
        23         5        2.234252e-01
        24         5        4.323111e-02
        25         5        1.014842e-01
        26         5        1.750246e+00
        27         5        1.797567e+00
        28         5       -9.694596e-01
        29         5       -4.645399e-01
        30         5        1.079506e+00
        31         5       -8.139622e-02
        32         5        1.830023e+00
        33         5        5.936201e-01
        34         5       -4.313507e-01
        35         5        1.095048e+00
        36         5        1.460116e+00
        37         5       -5.844404e-01
        38         5       -9.854448e-01
        39         5       -2.995033e-01
        40         5        1.273103e+00
        41         5       -1.942959e-01
        42         5       -1.053551e+00
        43         5       -1.266492e+00
        44         5       -2.902841e-01
        45         5        6.397290e-01
        46         5        7.719231e-01
        47         5        1.853026e+00
        48         5        1.916673e+00
        49         5        6.609968e-01
        50         5       -1.024785e+00
        51         5        1.306360e+00
        52         5       -3.632005e-01
        53         5       -3.991582e-01
        54         5       -7.258331e-02
        55         5       -1.111593e+00
        56         5        7.260601e-01
        57         5       -1.745442e+00
        58         5        7.912661e-01
        59         5        2.998993e-01
        60         5       -1.040897e+00
        61         5       -1.750579e+00
        62         5       -1.465064e+00
        63         5        8.596808e-01
        64         5       -1.629727e+00
        65         5       -4.009062e-01
        66         5        5.923056e-02
        67         5       -1.231064e+00
        68         5        1.644554e+00
        69         5        5.275179e-01
        70         5        1.319290e+00
        71         5        1.399814e+00
        72         5       -3.064455e-01
        73         5       -2.519869e+00
        74         5        1.721701e-01
        75         5       -2.666387e-01
        76         5        1.426300e+00
        77         5        6.521105e-02
        78         5        4.224429e-01
        79         5        6.183873e-01
        80         5       -4.296037e-01
        81         5        1.286487e-01
        82         5        1.986692e+00
        83         5        1.310595e+00
        84         5        1.472990e+00
        85         5       -1.063485e+00
        86         5        2.211851e+00
        87         5        5.290650e-02
        88         5        3.539402e-01
        89         5        1.338313e+00
        90         5       -6.159425e-01
        91         5        8.670436e-01
        92         5       -2.885920e+00
        93         5       -6.393694e-01
        94         5       -5.260860e-01
        95         5       -5.307786e-01
        96         5        3.257085e+00
        97         5       -5.852829e-01
        98         5       -5.502745e-01
        99         5        3.495417e-01
       100         5        1.983403e+00
;
param X_Original:=
    1        8.333688e-01
    2       -2.337337e-01
    3        8.894525e-01
    4        1.037800e+00
    5        3.014069e-01
    6       -2.636476e-01
    7        5.763150e-02
    8        7.084730e-01
    9       -1.290433e+00
   10        1.722698e+00
   11       -2.622556e+00
   12        5.110561e-01
   13       -9.860535e-03
   14        9.346636e-01
   15        2.812363e-01
   16        2.742853e-01
   17        5.961636e-01
   18       -1.345243e-01
   19        1.620911e+00
   20       -3.218976e+00
   21        9.958339e-01
   22       -4.465679e-01
   23       -1.604456e+00
   24        1.115634e+00
   25        1.124769e+00
   26        8.816043e-01
   27        5.323978e-01
   28       -2.008392e-01
   29       -1.142386e+00
   30        6.972870e-02
   31        8.329316e-01
   32       -1.000451e+00
   33        1.109064e+00
   34       -2.910716e-01
   35        1.213839e+00
   36        2.552806e-01
   37       -4.884523e-01
   38        1.131944e+00
   39        7.833958e-01
   40        9.175529e-01
   41        3.698318e-01
   42       -5.957188e-01
   43        2.337636e+00
   44       -1.056766e+00
   45       -8.051368e-01
   46        1.065127e+00
   47        8.427891e-02
   48       -1.811153e-01
   49        1.639470e+00
   50       -1.031744e+00
   51        9.989625e-01
   52        2.806193e+00
   53        4.366481e-01
   54       -3.816179e-01
   55       -1.916248e-01
   56       -4.308737e-01
   57       -6.117824e-01
   58        6.860097e-01
   59        1.372812e+00
   60       -1.133615e+00
   61       -1.143572e+00
   62        7.299552e-01
   63        1.013708e+00
   64       -2.702509e-01
   65       -2.946963e+00
   66        8.313058e-02
   67       -2.086143e+00
   68        1.630134e+00
   69        6.041883e-01
   70        6.191632e-01
   71       -1.095572e+00
   72        9.858125e-01
   73       -4.481607e-02
   74        5.935123e-01
   75        1.485651e-01
   76       -1.466179e-01
   77       -6.103183e-01
   78       -5.149958e-01
   79       -9.091046e-01
   80        1.192921e+00
   81        1.005299e+00
   82       -1.426157e+00
   83        6.159719e-01
   84        1.596730e+00
   85        7.386614e-01
   86        2.173133e+00
   87        1.543565e+00
   88       -7.981452e-01
   89        3.079654e-01
   90       -4.449887e-01
   91        1.767685e-01
   92       -1.578459e-01
   93        1.427985e+00
   94        3.697343e-01
   95        7.815131e-01
   96       -8.238902e-01
   97       -1.347972e-01
   98        5.651538e-01
   99        7.146033e-01
  100       -7.641412e-01
;
param outliervec_original :=
    1    0
    2    1
    3    0
    4    1
    5    1
    6    1
    7    1
    8    1
    9    1
   10    1
   11    1
   12    0
   13    1
   14    1
   15    1
   16    1
   17    1
   18    1
   19    1
   20    1
   21    1
   22    1
   23    1
   24    1
   25    1
   26    1
   27    0
   28    1
   29    0
   30    1
   31    1
   32    1
   33    1
   34    0
   35    1
   36    1
   37    0
   38    1
   39    1
   40    1
   41    0
   42    1
   43    1
   44    1
   45    1
   46    0
   47    1
   48    1
   49    1
   50    1
   51    0
   52    1
   53    0
   54    1
   55    0
   56    0
   57    1
   58    1
   59    1
   60    0
   61    1
   62    1
   63    1
   64    1
   65    1
   66    1
   67    0
   68    0
   69    1
   70    1
   71    1
   72    1
   73    1
   74    0
   75    1
   76    1
   77    1
   78    1
   79    1
   80    1
   81    1
   82    1
   83    0
   84    1
   85    1
   86    0
   87    1
   88    0
   89    1
   90    1
   91    0
   92    1
   93    1
   94    1
   95    1
   96    1
   97    1
   98    1
   99    0
  100    1
;
param d:= 76;
param r:=5;
param p:=0.780000;
param M:=1000;
param U:=
         1         1        4.885664e-01
         2         1       -1.179350e+00
         3         1       -2.794390e-01
         4         1       -2.903811e-01
         5         1        1.084212e+00
         6         1        1.271224e+00
         7         1        4.919482e-01
         8         1       -5.593102e-01
         9         1       -7.603085e-02
        10         1       -2.138986e-01
        11         1        8.010094e-02
        12         1        1.246388e+00
        13         1        3.697182e-01
        14         1       -7.323827e-01
        15         1        7.569592e-01
        16         1       -8.821307e-01
        17         1        2.953049e-01
        18         1       -1.988905e+00
        19         1        2.162679e+00
        20         1       -1.769901e+00
        21         1        7.094901e-01
        22         1       -3.662978e-01
        23         1       -7.900986e-03
        24         1        5.266541e-01
        25         1        1.506864e+00
        26         1        6.747648e-01
        27         1       -8.024814e-01
        28         1       -1.817066e+00
        29         1       -2.550337e-01
        30         1        9.662810e-02
        31         1        8.296684e-01
        32         1        4.602137e-01
        33         1        1.443951e-01
        34         1       -1.365224e+00
        35         1       -8.059569e-01
        36         1       -1.528838e-01
        37         1        4.073721e-01
        38         1       -1.155127e+00
        39         1        3.404694e-02
        40         1        2.121210e-01
        41         1       -1.776581e-01
        42         1       -5.813929e-01
        43         1        6.757785e-01
        44         1        1.735045e-01
        45         1        4.000678e-01
        46         1       -8.229899e-02
        47         1        1.708731e+00
        48         1        1.325776e+00
        49         1        2.144493e+00
        50         1        1.522615e+00
        51         1        1.802091e-02
        52         1       -1.196903e+00
        53         1       -1.742332e+00
        54         1        7.638689e-01
        55         1        8.993959e-02
        56         1        8.115839e-01
        57         1       -3.887088e-01
        58         1        5.972428e-01
        59         1       -1.089388e+00
        60         1        9.752781e-01
        61         1        2.658899e+00
        62         1       -7.447571e-01
        63         1        6.723784e-01
        64         1        1.739689e+00
        65         1       -9.052076e-01
        66         1       -9.090111e-01
        67         1       -1.376608e+00
        68         1        1.380773e-01
        69         1       -4.150095e-01
        70         1        1.628541e-01
        71         1        7.270809e-01
        72         1        8.753214e-02
        73         1        1.174179e+00
        74         1       -2.342787e-01
        75         1       -2.221936e-01
        76         1        1.509011e-01
         1         2       -1.577543e-01
         2         2       -4.446335e-01
         3         2        1.885586e+00
         4         2        1.572887e-01
         5         2        1.114829e+00
         6         2        1.459764e+00
         7         2        1.664780e-01
         8         2        1.763733e-01
         9         2        1.240777e+00
        10         2       -5.409825e-01
        11         2        2.348260e+00
        12         2       -8.891392e-01
        13         2        2.012376e+00
        14         2        1.427390e-01
        15         2        2.044591e-01
        16         2       -1.060127e+00
        17         2       -3.295931e-01
        18         2       -1.318386e+00
        19         2        1.236622e+00
        20         2       -5.476677e-01
        21         2       -2.704276e-01
        22         2        1.050631e+00
        23         2        1.450519e+00
        24         2        4.304900e-01
        25         2        1.520562e+00
        26         2       -5.158216e-01
        27         2       -2.828881e+00
        28         2       -1.320239e+00
        29         2       -4.735013e-01
        30         2       -6.949532e-01
        31         2        1.389569e+00
        32         2       -1.085193e+00
        33         2       -4.616414e-01
        34         2       -1.222404e+00
        35         2        3.436805e-02
        36         2       -1.002134e+00
        37         2        2.538877e-01
        38         2        1.877749e-02
        39         2       -4.516997e-01
        40         2        8.235819e-01
        41         2        1.068877e+00
        42         2        1.510681e+00
        43         2       -1.929783e-01
        44         2        3.131712e-01
        45         2        1.239149e+00
        46         2        1.942828e-01
        47         2       -1.036858e-01
        48         2       -1.852055e+00
        49         2       -3.693128e-01
        50         2       -1.534589e+00
        51         2       -2.974065e-02
        52         2       -1.246046e+00
        53         2       -1.121496e-01
        54         2       -1.741979e+00
        55         2       -1.087975e-01
        56         2       -3.487906e-01
        57         2       -2.912268e+00
        58         2       -7.272810e-01
        59         2       -5.157244e-01
        60         2        8.314781e-01
        61         2        4.344535e-01
        62         2        1.319403e+00
        63         2        6.387404e-01
        64         2       -4.382692e-01
        65         2       -3.630649e-01
        66         2       -1.050284e+00
        67         2       -2.374604e-01
        68         2       -9.933026e-01
        69         2        4.983288e-01
        70         2       -1.119414e+00
        71         2       -1.026743e+00
        72         2        4.933965e-01
        73         2        8.019705e-01
        74         2       -4.572370e-02
        75         2       -1.365677e+00
        76         2       -1.881545e-01
         1         3       -2.220279e+00
         2         3       -3.729516e-01
         3         3       -9.742758e-02
         4         3       -2.326379e+00
         5         3        2.971841e+00
         6         3        5.074888e-01
         7         3        1.091544e+00
         8         3        1.102899e+00
         9         3        7.403162e-02
        10         3       -9.313962e-01
        11         3       -9.061132e-02
        12         3       -1.113211e+00
        13         3       -2.857111e-01
        14         3       -3.515798e-01
        15         3        5.698422e-01
        16         3       -2.332290e-01
        17         3       -2.312789e-01
        18         3        6.465662e-01
        19         3        1.637085e+00
        20         3       -9.878687e-01
        21         3        1.232099e+00
        22         3       -9.805219e-01
        23         3       -6.502324e-01
        24         3        1.244053e+00
        25         3        8.899181e-01
        26         3        3.234974e-01
        27         3        9.258724e-02
        28         3       -1.636666e+00
        29         3       -9.005196e-02
        30         3       -2.913105e-01
        31         3        9.050050e-01
        32         3        5.100755e-01
        33         3       -4.454883e-01
        34         3        1.053562e-01
        35         3       -4.993838e-01
        36         3        1.038821e+00
        37         3       -5.641615e-01
        38         3       -5.608740e-01
        39         3       -4.186071e-02
        40         3       -2.028385e-01
        41         3       -1.198037e+00
        42         3        4.872084e-01
        43         3       -7.046344e-01
        44         3        1.268450e+00
        45         3        2.520877e-01
        46         3        4.745709e-01
        47         3        1.000300e+00
        48         3        5.362856e-01
        49         3       -6.454488e-02
        50         3        7.178051e-01
        51         3        1.991868e+00
        52         3       -8.990769e-01
        53         3        8.760487e-01
        54         3        3.628411e-01
        55         3        1.309459e-01
        56         3       -4.224107e-01
        57         3        1.553028e-01
        58         3        6.136002e-01
        59         3       -6.563666e-01
        60         3       -8.477682e-02
        61         3        2.947722e+00
        62         3       -9.024278e-01
        63         3       -7.787874e-01
        64         3        1.250520e+00
        65         3       -8.323159e-01
        66         3       -5.453495e-01
        67         3        9.086871e-01
        68         3       -2.668313e-01
        69         3       -1.312117e+00
        70         3        8.923922e-01
        71         3       -5.700107e-01
        72         3        9.060553e-01
        73         3        4.642866e-01
        74         3       -5.288889e-01
        75         3       -4.354877e-01
        76         3       -5.092856e-01
         1         4       -2.532262e+00
         2         4       -7.226062e-01
         3         4        3.547017e-01
         4         4       -1.144348e+00
         5         4        1.887207e+00
         6         4       -1.290727e-01
         7         4        1.877972e+00
         8         4        9.398531e-01
         9         4       -3.595259e-01
        10         4       -5.487113e-01
        11         4       -1.132435e+00
        12         4        1.123583e+00
        13         4       -6.409878e-01
        14         4        1.015680e+00
        15         4       -2.353230e-01
        16         4       -1.125992e+00
        17         4        6.667151e-01
        18         4       -2.936740e-01
        19         4        3.640446e-01
        20         4        2.205858e-01
        21         4       -1.875126e-01
        22         4       -1.413284e+00
        23         4       -4.375670e-01
        24         4       -1.962462e+00
        25         4       -4.783666e-02
        26         4        4.766087e-01
        27         4       -4.925546e-01
        28         4       -6.257802e-01
        29         4       -1.325257e+00
        30         4       -7.760357e-02
        31         4        1.119423e-01
        32         4        7.344374e-02
        33         4        5.312998e-01
        34         4       -1.126642e+00
        35         4       -1.962716e+00
        36         4       -4.408603e-01
        37         4       -1.016278e+00
        38         4        2.264275e-01
        39         4       -6.500442e-01
        40         4       -1.643288e+00
        41         4        9.162098e-01
        42         4        1.930762e-01
        43         4       -6.761512e-01
        44         4       -5.792768e-03
        45         4       -1.781371e+00
        46         4        9.920011e-01
        47         4        6.336500e-01
        48         4       -1.109941e-01
        49         4        5.798399e-01
        50         4        3.650822e-02
        51         4        1.212115e+00
        52         4       -1.436485e-01
        53         4        9.177816e-01
        54         4        1.957160e-02
        55         4       -5.692583e-01
        56         4       -3.294218e-01
        57         4        1.050012e+00
        58         4        2.996197e-02
        59         4        1.881302e-01
        60         4       -2.553692e+00
        61         4       -7.444625e-01
        62         4        3.498584e-01
        63         4       -3.742062e-01
        64         4       -2.469819e-01
        65         4       -1.924352e+00
        66         4        1.101901e+00
        67         4       -5.444831e-01
        68         4       -1.442598e+00
        69         4        1.025543e-01
        70         4       -1.208487e+00
        71         4        7.163109e-01
        72         4        1.738218e+00
        73         4        1.217974e+00
        74         4       -1.125039e+00
        75         4        1.650746e-02
        76         4       -7.703245e-01
         1         5       -1.087273e+00
         2         5        4.941185e-01
         3         5        1.499575e+00
         4         5       -1.127506e+00
         5         5        2.512871e-01
         6         5        8.203781e-03
         7         5       -7.090229e-01
         8         5        1.815799e+00
         9         5        1.267934e-01
        10         5       -1.138327e+00
        11         5        1.182800e-01
        12         5       -7.872157e-01
        13         5       -2.063613e+00
        14         5        4.232870e-01
        15         5       -8.013114e-01
        16         5        2.234252e-01
        17         5        4.323111e-02
        18         5        1.750246e+00
        19         5        1.797567e+00
        20         5       -9.694596e-01
        21         5       -4.645399e-01
        22         5        1.079506e+00
        23         5       -8.139622e-02
        24         5        1.830023e+00
        25         5        5.936201e-01
        26         5       -4.313507e-01
        27         5        1.095048e+00
        28         5        1.460116e+00
        29         5       -5.844404e-01
        30         5       -9.854448e-01
        31         5       -2.995033e-01
        32         5        1.273103e+00
        33         5       -1.942959e-01
        34         5       -1.053551e+00
        35         5       -2.902841e-01
        36         5        6.397290e-01
        37         5        7.719231e-01
        38         5        6.609968e-01
        39         5       -1.024785e+00
        40         5        1.306360e+00
        41         5       -3.991582e-01
        42         5       -7.258331e-02
        43         5       -1.111593e+00
        44         5        7.260601e-01
        45         5        7.912661e-01
        46         5        2.998993e-01
        47         5       -1.040897e+00
        48         5       -1.750579e+00
        49         5       -1.465064e+00
        50         5       -1.629727e+00
        51         5       -4.009062e-01
        52         5        5.923056e-02
        53         5       -1.231064e+00
        54         5        1.644554e+00
        55         5        5.275179e-01
        56         5        1.319290e+00
        57         5        1.721701e-01
        58         5       -2.666387e-01
        59         5        1.426300e+00
        60         5        4.224429e-01
        61         5        6.183873e-01
        62         5       -4.296037e-01
        63         5        1.286487e-01
        64         5        1.310595e+00
        65         5        2.211851e+00
        66         5        5.290650e-02
        67         5        3.539402e-01
        68         5        1.338313e+00
        69         5       -6.159425e-01
        70         5        8.670436e-01
        71         5       -6.393694e-01
        72         5       -5.260860e-01
        73         5       -5.307786e-01
        74         5       -5.852829e-01
        75         5       -5.502745e-01
        76         5        3.495417e-01
;

param theta:=
    1        2.665054e-01
    2       -2.033104e-01
    3       -7.998926e-01
    4        8.081840e-02
    5        8.273042e-01
;
param X_true:=
    1        8.333688e-01
    2        4.222937e-01
    3        8.894525e-01
    4        7.268917e-01
    5       -1.955259e+00
    6       -3.702188e-01
    7       -1.209444e+00
    8        5.110561e-01
    9       -2.565021e-01
   10       -1.880380e-01
   11       -3.774478e-01
   12        8.433476e-01
   13       -1.839468e+00
   14        4.893906e-01
   15       -9.779657e-01
   16        2.620684e-01
   17        4.200676e-01
   18        6.453138e-01
   19        5.323978e-01
   20       -3.523344e-01
   21       -1.142386e+00
   22        1.252164e+00
   23        1.217825e-01
   24        4.123620e-01
   25       -1.304669e-01
   26       -2.910716e-01
   27        1.154717e+00
   28        2.249813e+00
   29       -4.884523e-01
   30       -4.217174e-01
   31       -1.024051e+00
   32        9.958707e-01
   33        3.698318e-01
   34       -1.163068e+00
   35       -2.222876e-01
   36       -1.741483e-01
   37        1.065127e+00
   38        7.017860e-01
   39       -7.657719e-01
   40        9.989625e-01
   41        4.366481e-01
   42       -8.987535e-01
   43       -1.916248e-01
   44       -4.308737e-01
   45        1.650860e-01
   46       -1.137916e-01
   47       -1.133615e+00
   48       -1.155113e+00
   49       -4.660416e-01
   50       -1.200514e+00
   51       -1.817238e+00
   52        6.910112e-01
   53       -2.086143e+00
   54        1.630134e+00
   55        3.311404e-01
   56        1.690316e+00
   57        5.935123e-01
   58       -4.018462e-01
   59        1.535113e+00
   60        3.008322e-01
   61       -1.284838e+00
   62       -7.035728e-02
   63        7.490922e-01
   64        6.159719e-01
   65        2.173133e+00
   66        5.410137e-01
   67       -7.981452e-01
   68        1.443724e+00
   69        3.362864e-01
   70        1.767685e-01
   71        3.884058e-01
   72       -1.096758e+00
   73       -5.626073e-01
   74       -2.044844e-01
   75        1.131252e-01
   76        7.146033e-01
;
param X:=
    1        8.333688e-01
    2       -2.337337e-01
    3        8.894525e-01
    4        3.014069e-01
    5       -2.636476e-01
    6        7.084730e-01
    7       -2.622556e+00
    8        5.110561e-01
    9       -9.860535e-03
   10        9.346636e-01
   11        2.812363e-01
   12       -1.345243e-01
   13       -3.218976e+00
   14        9.958339e-01
   15       -4.465679e-01
   16       -1.604456e+00
   17        1.115634e+00
   18        8.816043e-01
   19        5.323978e-01
   20       -2.008392e-01
   21       -1.142386e+00
   22        6.972870e-02
   23        8.329316e-01
   24       -1.000451e+00
   25        1.109064e+00
   26       -2.910716e-01
   27        1.213839e+00
   28        2.552806e-01
   29       -4.884523e-01
   30        1.131944e+00
   31        7.833958e-01
   32        9.175529e-01
   33        3.698318e-01
   34       -5.957188e-01
   35       -1.056766e+00
   36       -8.051368e-01
   37        1.065127e+00
   38        1.639470e+00
   39       -1.031744e+00
   40        9.989625e-01
   41        4.366481e-01
   42       -3.816179e-01
   43       -1.916248e-01
   44       -4.308737e-01
   45        6.860097e-01
   46        1.372812e+00
   47       -1.133615e+00
   48       -1.143572e+00
   49        7.299552e-01
   50       -2.702509e-01
   51       -2.946963e+00
   52        8.313058e-02
   53       -2.086143e+00
   54        1.630134e+00
   55        6.041883e-01
   56        6.191632e-01
   57        5.935123e-01
   58        1.485651e-01
   59       -1.466179e-01
   60       -5.149958e-01
   61       -9.091046e-01
   62        1.192921e+00
   63        1.005299e+00
   64        6.159719e-01
   65        2.173133e+00
   66        1.543565e+00
   67       -7.981452e-01
   68        3.079654e-01
   69       -4.449887e-01
   70        1.767685e-01
   71        1.427985e+00
   72        3.697343e-01
   73        7.815131e-01
   74       -1.347972e-01
   75        5.651538e-01
   76        7.146033e-01
;
param outliervec:=
    1    0
    2    1
    3    0
    4    1
    5    1
    6    1
    7    1
    8    0
    9    1
   10    1
   11    1
   12    1
   13    1
   14    1
   15    1
   16    1
   17    1
   18    1
   19    0
   20    1
   21    0
   22    1
   23    1
   24    1
   25    1
   26    0
   27    1
   28    1
   29    0
   30    1
   31    1
   32    1
   33    0
   34    1
   35    1
   36    1
   37    0
   38    1
   39    1
   40    0
   41    0
   42    1
   43    0
   44    0
   45    1
   46    1
   47    0
   48    1
   49    1
   50    1
   51    1
   52    1
   53    0
   54    0
   55    1
   56    1
   57    0
   58    1
   59    1
   60    1
   61    1
   62    1
   63    1
   64    0
   65    0
   66    1
   67    0
   68    1
   69    1
   70    0
   71    1
   72    1
   73    1
   74    1
   75    1
   76    0
;