data;


param FN:= 0;
param D:= 100;
param U_Original:=
         1         1       -4.560874e-01
         2         1       -2.260303e+00
         3         1       -7.515377e-01
         4         1        3.974118e-01
         5         1       -6.957418e-01
         6         1       -5.707416e-01
         7         1       -1.326269e+00
         8         1       -2.303361e-01
         9         1       -3.308147e-01
        10         1        2.769291e+00
        11         1       -2.433421e-01
        12         1       -1.096485e-01
        13         1       -1.618563e+00
        14         1        2.977211e-01
        15         1        2.177320e-01
        16         1        4.022560e-01
        17         1       -1.341774e+00
        18         1       -2.737143e-01
        19         1        1.680721e+00
        20         1        1.408153e+00
        21         1        3.402591e-01
        22         1        4.821192e-01
        23         1       -3.643169e-01
        24         1        8.927680e-01
        25         1        1.259049e+00
        26         1        1.048214e+00
        27         1        1.543712e+00
        28         1        5.777305e-01
        29         1        4.205008e-01
        30         1        3.378006e-01
        31         1        6.536903e-01
        32         1        1.114102e-01
        33         1        1.415674e-01
        34         1        2.279585e-01
        35         1       -3.208481e-01
        36         1        9.566723e-02
        37         1       -7.176151e-01
        38         1       -1.344476e+00
        39         1       -7.505291e-01
        40         1       -9.416788e-01
        41         1        1.432355e+00
        42         1        2.532666e-02
        43         1        1.975287e+00
        44         1       -1.626127e-02
        45         1       -1.783924e+00
        46         1        4.397747e-01
        47         1       -6.770624e-01
        48         1       -2.660098e-01
        49         1        3.634810e-01
        50         1        4.481630e-02
        51         1       -9.475311e-01
        52         1        4.020968e-01
        53         1        4.631418e-01
        54         1       -1.849013e-01
        55         1        3.618376e-01
        56         1        2.171103e-01
        57         1       -1.677823e+00
        58         1       -6.222846e-01
        59         1       -5.296833e-01
        60         1        1.403415e+00
        61         1        3.774430e-01
        62         1        2.110868e-01
        63         1        1.410034e+00
        64         1        1.007874e+00
        65         1        1.562201e+00
        66         1        4.349041e-01
        67         1        3.240320e-02
        68         1       -5.449103e-02
        69         1       -8.733125e-01
        70         1        1.216155e-01
        71         1        7.451240e-01
        72         1       -2.935145e+00
        73         1        4.637477e-02
        74         1        1.335182e+00
        75         1        6.442554e-01
        76         1        1.676680e+00
        77         1       -7.959506e-01
        78         1        8.633649e-01
        79         1        8.794539e-01
        80         1        1.026502e+00
        81         1       -1.091070e+00
        82         1       -8.628585e-01
        83         1       -4.522124e-01
        84         1        1.029924e+00
        85         1       -2.692508e-01
        86         1        8.377563e-01
        87         1        2.497469e+00
        88         1        6.243297e-01
        89         1       -1.465644e+00
        90         1       -1.006678e-01
        91         1       -1.735469e-01
        92         1       -1.027115e+00
        93         1        1.231885e+00
        94         1       -1.562330e-01
        95         1        4.369484e-02
        96         1       -3.157820e-01
        97         1       -7.210386e-02
        98         1       -4.742554e-01
        99         1       -1.287902e+00
       100         1       -7.703914e-01
         1         2        7.307084e-01
         2         2       -8.960346e-01
         3         2       -6.001642e-03
         4         2       -1.088468e+00
         5         2       -1.023090e+00
         6         2       -1.082413e+00
         7         2        1.272814e-01
         8         2        1.504569e+00
         9         2        1.949283e-01
        10         2       -1.353240e+00
        11         2        1.052197e+00
        12         2        8.353696e-01
        13         2        2.203941e+00
        14         2        2.443078e-01
        15         2        2.296516e+00
        16         2       -3.858159e-01
        17         2       -3.914292e-01
        18         2        1.108805e+00
        19         2        5.548024e-01
        20         2        1.097460e-01
        21         2       -1.431164e+00
        22         2        1.521626e+00
        23         2       -4.653381e-01
        24         2        1.129977e+00
        25         2        9.895138e-02
        26         2       -7.917951e-01
        27         2        7.970108e-02
        28         2        1.634317e+00
        29         2        7.530340e-01
        30         2       -1.991032e-01
        31         2       -2.686351e-01
        32         2        5.846892e-01
        33         2       -1.992969e+00
        34         2       -8.120701e-01
        35         2        1.103656e+00
        36         2        5.912394e-02
        37         2        5.141803e-01
        38         2        5.136884e-01
        39         2        4.809199e-02
        40         2        2.897629e-01
        41         2        1.409592e+00
        42         2       -1.264373e+00
        43         2       -1.582009e-01
        44         2        2.526386e+00
        45         2        8.888800e-01
        46         2        4.566385e-01
        47         2        1.706714e-01
        48         2        2.417289e+00
        49         2       -1.440996e-01
        50         2        2.053623e+00
        51         2       -1.276343e+00
        52         2       -1.368454e+00
        53         2       -6.711717e-02
        54         2        6.353635e-01
        55         2        1.242628e+00
        56         2        9.800244e-01
        57         2        2.376789e-01
        58         2        1.472723e-01
        59         2       -1.093973e-01
        60         2        1.134233e+00
        61         2        1.028944e+00
        62         2        2.488946e-02
        63         2        7.856965e-01
        64         2        1.205695e+00
        65         2        1.164720e+00
        66         2        1.932237e+00
        67         2       -2.364444e-01
        68         2       -3.172785e-01
        69         2       -3.320937e-01
        70         2        6.770079e-01
        71         2        4.018868e-01
        72         2       -2.100663e+00
        73         2        1.409864e+00
        74         2       -1.380315e-01
        75         2       -1.213784e+00
        76         2       -8.829318e-01
        77         2        2.145789e-01
        78         2        3.960203e-01
        79         2       -1.059928e+00
        80         2       -1.155303e+00
        81         2       -1.467875e-01
        82         2       -4.404145e-01
        83         2       -7.709891e-03
        84         2        1.007696e+00
        85         2       -2.587645e-03
        86         2       -6.641053e-02
        87         2       -1.440210e+00
        88         2       -2.202124e+00
        89         2       -1.179621e+00
        90         2       -1.627297e+00
        91         2       -2.087728e+00
        92         2       -9.703017e-01
        93         2       -1.609954e-01
        94         2       -7.236762e-01
        95         2        5.968829e-01
        96         2        9.440173e-01
        97         2       -2.044580e+00
        98         2        3.223563e-01
        99         2       -8.080148e-01
       100         2        1.067844e-01
         1         3       -8.158178e-01
         2         3        5.756698e-01
         3         3       -1.268766e+00
         4         3       -8.328077e-01
         5         3        1.209335e+00
         6         3       -6.095161e-01
         7         3        1.127350e+00
         8         3        5.357436e-01
         9         3        7.735004e-01
        10         3       -2.872386e-01
        11         3        8.755270e-01
        12         3        9.909178e-02
        13         3       -2.263356e+00
        14         3       -4.816446e-01
        15         3        1.251828e+00
        16         3        1.093756e+00
        17         3        2.917683e-01
        18         3        6.386796e-01
        19         3        7.302076e-03
        20         3       -8.549531e-01
        21         3       -3.614172e-01
        22         3       -1.466277e+00
        23         3       -3.355077e-01
        24         3        9.204590e-01
        25         3        1.809773e+00
        26         3       -3.453785e-01
        27         3       -1.373506e+00
        28         3       -1.774583e+00
        29         3       -7.495338e-01
        30         3        8.228798e-01
        31         3       -6.538872e-01
        32         3       -3.995350e-01
        33         3        1.548630e+00
        34         3       -4.149662e-01
        35         3        1.152325e+00
        36         3        1.381560e-01
        37         3       -1.395055e+00
        38         3        9.539201e-02
        39         3       -9.811002e-01
        40         3       -3.298118e-01
        41         3       -9.503537e-01
        42         3       -1.361133e+00
        43         3       -1.965848e-02
        44         3       -4.563035e-01
        45         3       -1.998537e-01
        46         3       -2.582923e+00
        47         3        5.158142e-01
        48         3       -2.013797e+00
        49         3        1.305876e+00
        50         3        9.880856e-02
        51         3        2.710830e-01
        52         3       -1.331002e+00
        53         3       -6.790631e-02
        54         3       -5.112539e-01
        55         3        5.126578e-01
        56         3        8.663708e-01
        57         3        5.634151e-02
        58         3       -3.926502e-01
        59         3       -1.191213e+00
        60         3       -9.539265e-02
        61         3        8.559716e-01
        62         3        8.426938e-01
        63         3        1.388859e+00
        64         3        2.148985e-01
        65         3       -6.011220e-01
        66         3        4.712410e-01
        67         3        1.305947e+00
        68         3       -5.379311e-01
        69         3        5.337248e-01
        70         3        1.592394e+00
        71         3        2.234001e-01
        72         3        1.716137e+00
        73         3        7.929706e-01
        74         3        3.140456e-01
        75         3       -3.188120e-01
        76         3        5.196021e-01
        77         3       -1.431365e+00
        78         3        1.440442e+00
        79         3        2.310024e+00
        80         3        1.190076e+00
        81         3        3.284507e-01
        82         3        1.911248e-01
        83         3       -6.244734e-01
        84         3        6.385467e-01
        85         3        3.136194e-01
        86         3        2.358421e+00
        87         3        9.513862e-01
        88         3       -7.142479e-01
        89         3        1.850914e-01
        90         3        2.619830e-01
        91         3       -1.022622e+00
        92         3       -6.032252e-01
        93         3        5.179648e-01
        94         3       -1.460576e+00
        95         3        1.664110e+00
        96         3       -1.445421e+00
        97         3       -2.132917e+00
        98         3       -3.344804e-01
        99         3        2.983783e-01
       100         3        4.768166e-01
         1         4       -1.233645e+00
         2         4        1.099127e-01
         3         4        1.733994e+00
         4         4       -6.842288e-01
         5         4       -7.089947e-01
         6         4       -2.635960e-01
         7         4       -9.943132e-01
         8         4       -9.146827e-01
         9         4       -6.880171e-01
        10         4        2.007552e+00
        11         4        9.818589e-01
        12         4       -1.526657e-01
        13         4        1.921540e+00
        14         4        4.035002e-01
        15         4        6.138229e-01
        16         4       -7.115808e-01
        17         4        2.105873e-01
        18         4       -4.020239e-02
        19         4        1.117277e+00
        20         4       -8.261663e-01
        21         4       -6.720597e-02
        22         4        1.949387e-01
        23         4        9.057838e-01
        24         4       -9.811535e-01
        25         4       -4.496542e-01
        26         4        3.768964e-01
        27         4       -8.135184e-01
        28         4       -3.597576e-01
        29         4       -4.461625e-01
        30         4        1.684255e+00
        31         4       -9.743402e-01
        32         4       -1.268937e+00
        33         4       -1.581721e+00
        34         4        4.247786e-01
        35         4        5.341853e-01
        36         4       -1.277005e+00
        37         4       -3.335883e-01
        38         4       -1.212337e+00
        39         4        5.248635e-02
        40         4        2.649577e-01
        41         4       -1.629933e+00
        42         4        5.305618e-01
        43         4        5.617004e-01
        44         4        1.125067e-01
        45         4        1.535471e+00
        46         4        4.776597e-02
        47         4       -4.850358e-01
        48         4       -1.665668e+00
        49         4       -1.133000e+00
        50         4        3.056578e-01
        51         4       -2.990382e-01
        52         4        6.083163e-01
        53         4       -5.589365e-01
        54         4       -1.632695e+00
        55         4       -1.296588e+00
        56         4       -1.293272e+00
        57         4        7.044925e-02
        58         4        1.781607e-01
        59         4        1.380535e+00
        60         4        3.358094e-02
        61         4       -6.624640e-01
        62         4        1.262334e+00
        63         4       -1.069894e-01
        64         4       -4.097744e-01
        65         4        1.554823e+00
        66         4       -1.958011e+00
        67         4       -7.769031e-01
        68         4        3.784187e-03
        69         4        1.284026e+00
        70         4       -1.557149e+00
        71         4       -6.879639e-01
        72         4       -1.171876e+00
        73         4        9.880098e-01
        74         4        1.018891e+00
        75         4       -1.414103e+00
        76         4       -7.195995e-01
        77         4        2.485022e-01
        78         4        1.800315e-01
        79         4       -1.367008e+00
        80         4       -1.113967e+00
        81         4       -1.656411e+00
        82         4        1.800715e-01
        83         4       -7.393744e-01
        84         4        4.393946e-02
        85         4       -6.155978e-02
        86         4       -4.139394e-01
        87         4        8.697295e-02
        88         4        6.332368e-01
        89         4       -8.786972e-01
        90         4       -9.799740e-01
        91         4        2.702551e+00
        92         4       -5.941521e-01
        93         4        5.411171e-01
        94         4       -3.276743e-01
        95         4        1.041590e+00
        96         4        5.689894e-01
        97         4        1.018283e+00
        98         4        9.167586e-01
        99         4        4.110204e-01
       100         4        1.924855e-01
         1         5        2.070619e-01
         2         5       -3.911312e-01
         3         5        2.157780e-01
         4         5        6.499348e-01
         5         5       -3.251783e-01
         6         5       -9.731948e-01
         7         5        1.080533e-01
         8         5       -1.098768e+00
         9         5       -1.779155e-01
        10         5        9.953754e-01
        11         5        2.450873e-01
        12         5       -7.400575e-02
        13         5       -1.512684e-01
        14         5        1.005639e+00
        15         5       -1.161654e+00
        16         5        9.551797e-01
        17         5        1.231901e+00
        18         5        3.769131e-01
        19         5        1.876881e+00
        20         5       -8.561361e-01
        21         5       -2.003717e-02
        22         5       -1.831144e+00
        23         5        7.017138e-01
        24         5        1.015829e+00
        25         5        1.211059e+00
        26         5       -3.292195e-01
        27         5        3.395881e-01
        28         5       -2.529925e+00
        29         5        1.603882e+00
        30         5        2.375092e-01
        31         5       -1.654020e-01
        32         5        1.684581e+00
        33         5        1.697381e-01
        34         5        5.419388e-02
        35         5        2.668031e-01
        36         5       -5.427348e-01
        37         5        4.912795e-01
        38         5        5.918163e-01
        39         5        1.910151e-02
        40         5        1.405137e+00
        41         5       -1.259463e+00
        42         5        1.121381e+00
        43         5       -1.681912e+00
        44         5       -8.291297e-01
        45         5       -1.197910e-01
        46         5        2.778838e-02
        47         5        2.380980e-01
        48         5        2.162513e-01
        49         5        6.812026e-02
        50         5        8.467503e-01
        51         5        8.294362e-02
        52         5        9.302894e-01
        53         5       -1.197476e+00
        54         5        1.445167e-01
        55         5        6.971135e-01
        56         5       -2.575772e-02
        57         5        5.313965e-01
        58         5        1.421362e-02
        59         5        9.026908e-01
        60         5       -1.075146e+00
        61         5        8.716710e-01
        62         5       -9.479275e-01
        63         5        1.114921e+00
        64         5       -2.494726e+00
        65         5        3.363811e-01
        66         5        4.865621e-03
        67         5       -2.392247e-01
        68         5       -1.041605e+00
        69         5       -1.049816e+00
        70         5       -1.052589e-01
        71         5        2.203156e+00
        72         5        7.651549e-01
        73         5       -5.424955e-01
        74         5       -8.657478e-01
        75         5        1.758034e+00
        76         5       -9.837074e-03
        77         5        1.170045e+00
        78         5        5.330742e-01
        79         5        2.876464e-01
        80         5       -8.916309e-02
        81         5       -3.397361e-01
        82         5        3.123922e-01
        83         5       -1.704600e-01
        84         5        1.121658e+00
        85         5        2.313105e-02
        86         5        1.560385e+00
        87         5        6.905333e-01
        88         5       -1.333835e-01
        89         5        2.667441e+00
        90         5       -3.262504e-01
        91         5        1.351845e+00
        92         5       -5.450645e-02
        93         5       -5.628568e-01
        94         5        7.449607e-01
        95         5       -6.628185e-01
        96         5        1.066066e-01
        97         5        3.783408e-01
        98         5       -7.842306e-01
        99         5        4.777767e-01
       100         5       -2.616724e-01
;
param X_Original:=
    1        1.531083e+00
    2       -2.300377e-01
    3        9.408031e-01
    4       -1.293648e+00
    5        5.548034e-01
    6        7.513820e-01
    7        2.921251e+00
    8       -1.502226e+00
    9        9.592660e-01
   10       -2.913165e-01
   11        6.124509e-01
   12       -6.921517e-01
   13        4.050159e+00
   14        1.725570e-01
   15        2.126250e-01
   16       -9.830438e-01
   17        2.157244e+00
   18        1.103093e+00
   19        9.745000e-02
   20        1.609259e+00
   21        9.394185e-01
   22        2.558046e-01
   23        3.619583e-01
   24       -8.188557e-01
   25       -7.405135e-02
   26       -2.602481e+00
   27        8.078963e-02
   28        4.561333e-01
   29        7.256555e-02
   30        2.037784e+00
   31       -9.878608e-01
   32        5.479011e-01
   33       -1.666273e+00
   34       -1.053425e+00
   35        9.307862e-01
   36       -1.548976e+00
   37        9.880523e-01
   38        3.332805e+00
   39        1.078589e+00
   40        1.807675e+00
   41       -1.114811e+00
   42        3.383953e-01
   43        9.441552e-02
   44        1.643577e+00
   45        3.498824e+00
   46        3.738889e-01
   47        1.532459e+00
   48       -2.254866e-01
   49       -1.349693e+00
   50        2.127353e-01
   51        4.114087e-01
   52       -1.791862e+00
   53       -6.005210e-01
   54       -8.692991e-01
   55        3.846157e-01
   56        5.513677e-01
   57        1.619945e+00
   58       -1.021422e+00
   59       -3.235366e-01
   60       -1.965776e+00
   61       -1.061093e+00
   62        2.879554e-01
   63       -2.543955e+00
   64       -8.554498e-01
   65        9.930062e-01
   66        9.837321e-01
   67       -1.066594e+00
   68       -2.547637e-02
   69        1.092253e+00
   70       -1.167204e+00
   71        6.886961e-01
   72       -1.221294e+00
   73        7.517211e-01
   74       -7.400387e-01
   75       -1.619651e+00
   76       -3.613204e+00
   77       -5.678904e-01
   78       -1.088091e+00
   79       -2.598962e-01
   80        7.770085e-01
   81        1.117083e+00
   82        1.310375e+00
   83       -1.907004e+00
   84        1.640563e+00
   85        1.235706e+00
   86       -1.970390e+00
   87       -5.991369e+00
   88        8.443119e-01
   89        2.192892e+00
   90       -1.025065e+00
   91       -1.959647e+00
   92        2.502651e-01
   93       -2.719780e+00
   94       -2.547911e-01
   95       -2.238786e+00
   96       -7.654799e-01
   97       -1.266204e+00
   98        3.071276e-01
   99        1.809446e+00
  100        2.965489e-01
;
param outliervec_original :=
    1    1
    2    1
    3    0
    4    1
    5    1
    6    0
    7    0
    8    1
    9    0
   10    1
   11    0
   12    1
   13    0
   14    1
   15    1
   16    0
   17    0
   18    0
   19    1
   20    1
   21    1
   22    0
   23    1
   24    1
   25    1
   26    0
   27    1
   28    0
   29    1
   30    1
   31    0
   32    1
   33    1
   34    0
   35    0
   36    1
   37    1
   38    0
   39    1
   40    0
   41    0
   42    1
   43    1
   44    0
   45    0
   46    1
   47    0
   48    1
   49    1
   50    1
   51    1
   52    0
   53    0
   54    1
   55    0
   56    0
   57    1
   58    1
   59    1
   60    0
   61    1
   62    1
   63    0
   64    0
   65    1
   66    0
   67    1
   68    1
   69    0
   70    1
   71    1
   72    1
   73    1
   74    1
   75    0
   76    0
   77    1
   78    1
   79    1
   80    1
   81    1
   82    0
   83    1
   84    1
   85    1
   86    0
   87    0
   88    1
   89    0
   90    1
   91    0
   92    1
   93    0
   94    1
   95    1
   96    1
   97    0
   98    1
   99    0
  100    1
;
param d:= 82;
param r:=5;
param p:=0.600000;
param M:=1000;
param U:=
         1         1       -4.560874e-01
         2         1       -7.515377e-01
         3         1        3.974118e-01
         4         1       -6.957418e-01
         5         1       -5.707416e-01
         6         1       -1.326269e+00
         7         1       -3.308147e-01
         8         1       -2.433421e-01
         9         1       -1.096485e-01
        10         1       -1.618563e+00
        11         1        2.977211e-01
        12         1        2.177320e-01
        13         1        4.022560e-01
        14         1       -1.341774e+00
        15         1       -2.737143e-01
        16         1        4.821192e-01
        17         1       -3.643169e-01
        18         1        8.927680e-01
        19         1        1.259049e+00
        20         1        1.048214e+00
        21         1        5.777305e-01
        22         1        4.205008e-01
        23         1        6.536903e-01
        24         1        1.114102e-01
        25         1        1.415674e-01
        26         1        2.279585e-01
        27         1       -3.208481e-01
        28         1        9.566723e-02
        29         1       -7.176151e-01
        30         1       -1.344476e+00
        31         1       -7.505291e-01
        32         1       -9.416788e-01
        33         1        1.432355e+00
        34         1        2.532666e-02
        35         1       -1.626127e-02
        36         1       -1.783924e+00
        37         1        4.397747e-01
        38         1       -6.770624e-01
        39         1        3.634810e-01
        40         1        4.481630e-02
        41         1       -9.475311e-01
        42         1        4.020968e-01
        43         1        4.631418e-01
        44         1       -1.849013e-01
        45         1        3.618376e-01
        46         1        2.171103e-01
        47         1       -1.677823e+00
        48         1       -5.296833e-01
        49         1        1.403415e+00
        50         1        3.774430e-01
        51         1        2.110868e-01
        52         1        1.410034e+00
        53         1        1.007874e+00
        54         1        4.349041e-01
        55         1        3.240320e-02
        56         1       -5.449103e-02
        57         1       -8.733125e-01
        58         1        1.216155e-01
        59         1        7.451240e-01
        60         1        4.637477e-02
        61         1        1.335182e+00
        62         1        6.442554e-01
        63         1        1.676680e+00
        64         1       -7.959506e-01
        65         1        8.633649e-01
        66         1        8.794539e-01
        67         1       -1.091070e+00
        68         1       -8.628585e-01
        69         1       -2.692508e-01
        70         1        8.377563e-01
        71         1        2.497469e+00
        72         1       -1.465644e+00
        73         1       -1.006678e-01
        74         1       -1.735469e-01
        75         1       -1.027115e+00
        76         1        1.231885e+00
        77         1       -1.562330e-01
        78         1       -3.157820e-01
        79         1       -7.210386e-02
        80         1       -4.742554e-01
        81         1       -1.287902e+00
        82         1       -7.703914e-01
         1         2        7.307084e-01
         2         2       -6.001642e-03
         3         2       -1.088468e+00
         4         2       -1.023090e+00
         5         2       -1.082413e+00
         6         2        1.272814e-01
         7         2        1.949283e-01
         8         2        1.052197e+00
         9         2        8.353696e-01
        10         2        2.203941e+00
        11         2        2.443078e-01
        12         2        2.296516e+00
        13         2       -3.858159e-01
        14         2       -3.914292e-01
        15         2        1.108805e+00
        16         2        1.521626e+00
        17         2       -4.653381e-01
        18         2        1.129977e+00
        19         2        9.895138e-02
        20         2       -7.917951e-01
        21         2        1.634317e+00
        22         2        7.530340e-01
        23         2       -2.686351e-01
        24         2        5.846892e-01
        25         2       -1.992969e+00
        26         2       -8.120701e-01
        27         2        1.103656e+00
        28         2        5.912394e-02
        29         2        5.141803e-01
        30         2        5.136884e-01
        31         2        4.809199e-02
        32         2        2.897629e-01
        33         2        1.409592e+00
        34         2       -1.264373e+00
        35         2        2.526386e+00
        36         2        8.888800e-01
        37         2        4.566385e-01
        38         2        1.706714e-01
        39         2       -1.440996e-01
        40         2        2.053623e+00
        41         2       -1.276343e+00
        42         2       -1.368454e+00
        43         2       -6.711717e-02
        44         2        6.353635e-01
        45         2        1.242628e+00
        46         2        9.800244e-01
        47         2        2.376789e-01
        48         2       -1.093973e-01
        49         2        1.134233e+00
        50         2        1.028944e+00
        51         2        2.488946e-02
        52         2        7.856965e-01
        53         2        1.205695e+00
        54         2        1.932237e+00
        55         2       -2.364444e-01
        56         2       -3.172785e-01
        57         2       -3.320937e-01
        58         2        6.770079e-01
        59         2        4.018868e-01
        60         2        1.409864e+00
        61         2       -1.380315e-01
        62         2       -1.213784e+00
        63         2       -8.829318e-01
        64         2        2.145789e-01
        65         2        3.960203e-01
        66         2       -1.059928e+00
        67         2       -1.467875e-01
        68         2       -4.404145e-01
        69         2       -2.587645e-03
        70         2       -6.641053e-02
        71         2       -1.440210e+00
        72         2       -1.179621e+00
        73         2       -1.627297e+00
        74         2       -2.087728e+00
        75         2       -9.703017e-01
        76         2       -1.609954e-01
        77         2       -7.236762e-01
        78         2        9.440173e-01
        79         2       -2.044580e+00
        80         2        3.223563e-01
        81         2       -8.080148e-01
        82         2        1.067844e-01
         1         3       -8.158178e-01
         2         3       -1.268766e+00
         3         3       -8.328077e-01
         4         3        1.209335e+00
         5         3       -6.095161e-01
         6         3        1.127350e+00
         7         3        7.735004e-01
         8         3        8.755270e-01
         9         3        9.909178e-02
        10         3       -2.263356e+00
        11         3       -4.816446e-01
        12         3        1.251828e+00
        13         3        1.093756e+00
        14         3        2.917683e-01
        15         3        6.386796e-01
        16         3       -1.466277e+00
        17         3       -3.355077e-01
        18         3        9.204590e-01
        19         3        1.809773e+00
        20         3       -3.453785e-01
        21         3       -1.774583e+00
        22         3       -7.495338e-01
        23         3       -6.538872e-01
        24         3       -3.995350e-01
        25         3        1.548630e+00
        26         3       -4.149662e-01
        27         3        1.152325e+00
        28         3        1.381560e-01
        29         3       -1.395055e+00
        30         3        9.539201e-02
        31         3       -9.811002e-01
        32         3       -3.298118e-01
        33         3       -9.503537e-01
        34         3       -1.361133e+00
        35         3       -4.563035e-01
        36         3       -1.998537e-01
        37         3       -2.582923e+00
        38         3        5.158142e-01
        39         3        1.305876e+00
        40         3        9.880856e-02
        41         3        2.710830e-01
        42         3       -1.331002e+00
        43         3       -6.790631e-02
        44         3       -5.112539e-01
        45         3        5.126578e-01
        46         3        8.663708e-01
        47         3        5.634151e-02
        48         3       -1.191213e+00
        49         3       -9.539265e-02
        50         3        8.559716e-01
        51         3        8.426938e-01
        52         3        1.388859e+00
        53         3        2.148985e-01
        54         3        4.712410e-01
        55         3        1.305947e+00
        56         3       -5.379311e-01
        57         3        5.337248e-01
        58         3        1.592394e+00
        59         3        2.234001e-01
        60         3        7.929706e-01
        61         3        3.140456e-01
        62         3       -3.188120e-01
        63         3        5.196021e-01
        64         3       -1.431365e+00
        65         3        1.440442e+00
        66         3        2.310024e+00
        67         3        3.284507e-01
        68         3        1.911248e-01
        69         3        3.136194e-01
        70         3        2.358421e+00
        71         3        9.513862e-01
        72         3        1.850914e-01
        73         3        2.619830e-01
        74         3       -1.022622e+00
        75         3       -6.032252e-01
        76         3        5.179648e-01
        77         3       -1.460576e+00
        78         3       -1.445421e+00
        79         3       -2.132917e+00
        80         3       -3.344804e-01
        81         3        2.983783e-01
        82         3        4.768166e-01
         1         4       -1.233645e+00
         2         4        1.733994e+00
         3         4       -6.842288e-01
         4         4       -7.089947e-01
         5         4       -2.635960e-01
         6         4       -9.943132e-01
         7         4       -6.880171e-01
         8         4        9.818589e-01
         9         4       -1.526657e-01
        10         4        1.921540e+00
        11         4        4.035002e-01
        12         4        6.138229e-01
        13         4       -7.115808e-01
        14         4        2.105873e-01
        15         4       -4.020239e-02
        16         4        1.949387e-01
        17         4        9.057838e-01
        18         4       -9.811535e-01
        19         4       -4.496542e-01
        20         4        3.768964e-01
        21         4       -3.597576e-01
        22         4       -4.461625e-01
        23         4       -9.743402e-01
        24         4       -1.268937e+00
        25         4       -1.581721e+00
        26         4        4.247786e-01
        27         4        5.341853e-01
        28         4       -1.277005e+00
        29         4       -3.335883e-01
        30         4       -1.212337e+00
        31         4        5.248635e-02
        32         4        2.649577e-01
        33         4       -1.629933e+00
        34         4        5.305618e-01
        35         4        1.125067e-01
        36         4        1.535471e+00
        37         4        4.776597e-02
        38         4       -4.850358e-01
        39         4       -1.133000e+00
        40         4        3.056578e-01
        41         4       -2.990382e-01
        42         4        6.083163e-01
        43         4       -5.589365e-01
        44         4       -1.632695e+00
        45         4       -1.296588e+00
        46         4       -1.293272e+00
        47         4        7.044925e-02
        48         4        1.380535e+00
        49         4        3.358094e-02
        50         4       -6.624640e-01
        51         4        1.262334e+00
        52         4       -1.069894e-01
        53         4       -4.097744e-01
        54         4       -1.958011e+00
        55         4       -7.769031e-01
        56         4        3.784187e-03
        57         4        1.284026e+00
        58         4       -1.557149e+00
        59         4       -6.879639e-01
        60         4        9.880098e-01
        61         4        1.018891e+00
        62         4       -1.414103e+00
        63         4       -7.195995e-01
        64         4        2.485022e-01
        65         4        1.800315e-01
        66         4       -1.367008e+00
        67         4       -1.656411e+00
        68         4        1.800715e-01
        69         4       -6.155978e-02
        70         4       -4.139394e-01
        71         4        8.697295e-02
        72         4       -8.786972e-01
        73         4       -9.799740e-01
        74         4        2.702551e+00
        75         4       -5.941521e-01
        76         4        5.411171e-01
        77         4       -3.276743e-01
        78         4        5.689894e-01
        79         4        1.018283e+00
        80         4        9.167586e-01
        81         4        4.110204e-01
        82         4        1.924855e-01
         1         5        2.070619e-01
         2         5        2.157780e-01
         3         5        6.499348e-01
         4         5       -3.251783e-01
         5         5       -9.731948e-01
         6         5        1.080533e-01
         7         5       -1.779155e-01
         8         5        2.450873e-01
         9         5       -7.400575e-02
        10         5       -1.512684e-01
        11         5        1.005639e+00
        12         5       -1.161654e+00
        13         5        9.551797e-01
        14         5        1.231901e+00
        15         5        3.769131e-01
        16         5       -1.831144e+00
        17         5        7.017138e-01
        18         5        1.015829e+00
        19         5        1.211059e+00
        20         5       -3.292195e-01
        21         5       -2.529925e+00
        22         5        1.603882e+00
        23         5       -1.654020e-01
        24         5        1.684581e+00
        25         5        1.697381e-01
        26         5        5.419388e-02
        27         5        2.668031e-01
        28         5       -5.427348e-01
        29         5        4.912795e-01
        30         5        5.918163e-01
        31         5        1.910151e-02
        32         5        1.405137e+00
        33         5       -1.259463e+00
        34         5        1.121381e+00
        35         5       -8.291297e-01
        36         5       -1.197910e-01
        37         5        2.778838e-02
        38         5        2.380980e-01
        39         5        6.812026e-02
        40         5        8.467503e-01
        41         5        8.294362e-02
        42         5        9.302894e-01
        43         5       -1.197476e+00
        44         5        1.445167e-01
        45         5        6.971135e-01
        46         5       -2.575772e-02
        47         5        5.313965e-01
        48         5        9.026908e-01
        49         5       -1.075146e+00
        50         5        8.716710e-01
        51         5       -9.479275e-01
        52         5        1.114921e+00
        53         5       -2.494726e+00
        54         5        4.865621e-03
        55         5       -2.392247e-01
        56         5       -1.041605e+00
        57         5       -1.049816e+00
        58         5       -1.052589e-01
        59         5        2.203156e+00
        60         5       -5.424955e-01
        61         5       -8.657478e-01
        62         5        1.758034e+00
        63         5       -9.837074e-03
        64         5        1.170045e+00
        65         5        5.330742e-01
        66         5        2.876464e-01
        67         5       -3.397361e-01
        68         5        3.123922e-01
        69         5        2.313105e-02
        70         5        1.560385e+00
        71         5        6.905333e-01
        72         5        2.667441e+00
        73         5       -3.262504e-01
        74         5        1.351845e+00
        75         5       -5.450645e-02
        76         5       -5.628568e-01
        77         5        7.449607e-01
        78         5        1.066066e-01
        79         5        3.783408e-01
        80         5       -7.842306e-01
        81         5        4.777767e-01
        82         5       -2.616724e-01
;

param theta:=
    1       -1.967513e+00
    2        5.979871e-01
    3       -1.125417e-01
    4       -3.766742e-01
    5       -1.107935e-01
;
param X_true:=
    1        1.867867e+00
    2        9.408031e-01
    3       -1.153355e+00
    4        9.240737e-01
    5        7.513820e-01
    6        2.921251e+00
    7        9.592660e-01
    8        6.124509e-01
    9        7.698276e-01
   10        4.050159e+00
   11       -6.488785e-01
   12        7.015060e-01
   13       -9.830438e-01
   14        2.157244e+00
   15        1.103093e+00
   16        2.558046e-01
   17        5.736004e-02
   18       -9.273832e-01
   19       -2.586503e+00
   20       -2.602481e+00
   21        4.561333e-01
   22       -3.023244e-01
   23       -9.878608e-01
   24        4.667349e-01
   25       -1.067603e+00
   26       -1.053425e+00
   27        9.307862e-01
   28        3.727268e-01
   29        1.947616e+00
   30        3.332805e+00
   31        1.593962e+00
   32        1.807675e+00
   33       -1.114811e+00
   34       -9.768157e-01
   35        1.643577e+00
   36        3.498824e+00
   37       -3.225830e-01
   38        1.532459e+00
   39       -5.290646e-01
   40        9.197954e-01
   41        1.173986e+00
   42       -1.791862e+00
   43       -6.005210e-01
   44        1.400255e+00
   45        3.846157e-01
   46        5.513677e-01
   47        3.351516e+00
   48        4.907777e-01
   49       -1.965776e+00
   50       -7.070388e-02
   51       -8.657348e-01
   52       -2.543955e+00
   53       -8.554498e-01
   54        9.837321e-01
   55       -3.297395e-02
   56        9.200077e-02
   57        1.092253e+00
   58        5.845508e-01
   59       -1.235817e+00
   60        3.505421e-01
   61       -3.032743e+00
   62       -1.619651e+00
   63       -3.613204e+00
   64        1.632209e+00
   65       -1.750851e+00
   66       -2.141087e+00
   67        2.683520e+00
   68        1.310375e+00
   69        5.135371e-01
   70       -1.970390e+00
   71       -5.991369e+00
   72        2.192892e+00
   73       -3.992439e-01
   74       -1.959647e+00
   75        1.738364e+00
   76       -2.719780e+00
   77        7.990674e-02
   78        1.122351e+00
   79       -1.266204e+00
   80        9.050800e-01
   81        1.809446e+00
   82        1.482437e+00
;
param X:=
    1        1.531083e+00
    2        9.408031e-01
    3       -1.293648e+00
    4        5.548034e-01
    5        7.513820e-01
    6        2.921251e+00
    7        9.592660e-01
    8        6.124509e-01
    9       -6.921517e-01
   10        4.050159e+00
   11        1.725570e-01
   12        2.126250e-01
   13       -9.830438e-01
   14        2.157244e+00
   15        1.103093e+00
   16        2.558046e-01
   17        3.619583e-01
   18       -8.188557e-01
   19       -7.405135e-02
   20       -2.602481e+00
   21        4.561333e-01
   22        7.256555e-02
   23       -9.878608e-01
   24        5.479011e-01
   25       -1.666273e+00
   26       -1.053425e+00
   27        9.307862e-01
   28       -1.548976e+00
   29        9.880523e-01
   30        3.332805e+00
   31        1.078589e+00
   32        1.807675e+00
   33       -1.114811e+00
   34        3.383953e-01
   35        1.643577e+00
   36        3.498824e+00
   37        3.738889e-01
   38        1.532459e+00
   39       -1.349693e+00
   40        2.127353e-01
   41        4.114087e-01
   42       -1.791862e+00
   43       -6.005210e-01
   44       -8.692991e-01
   45        3.846157e-01
   46        5.513677e-01
   47        1.619945e+00
   48       -3.235366e-01
   49       -1.965776e+00
   50       -1.061093e+00
   51        2.879554e-01
   52       -2.543955e+00
   53       -8.554498e-01
   54        9.837321e-01
   55       -1.066594e+00
   56       -2.547637e-02
   57        1.092253e+00
   58       -1.167204e+00
   59        6.886961e-01
   60        7.517211e-01
   61       -7.400387e-01
   62       -1.619651e+00
   63       -3.613204e+00
   64       -5.678904e-01
   65       -1.088091e+00
   66       -2.598962e-01
   67        1.117083e+00
   68        1.310375e+00
   69        1.235706e+00
   70       -1.970390e+00
   71       -5.991369e+00
   72        2.192892e+00
   73       -1.025065e+00
   74       -1.959647e+00
   75        2.502651e-01
   76       -2.719780e+00
   77       -2.547911e-01
   78       -7.654799e-01
   79       -1.266204e+00
   80        3.071276e-01
   81        1.809446e+00
   82        2.965489e-01
;
param outliervec:=
    1    1
    2    0
    3    1
    4    1
    5    0
    6    0
    7    0
    8    0
    9    1
   10    0
   11    1
   12    1
   13    0
   14    0
   15    0
   16    0
   17    1
   18    1
   19    1
   20    0
   21    0
   22    1
   23    0
   24    1
   25    1
   26    0
   27    0
   28    1
   29    1
   30    0
   31    1
   32    0
   33    0
   34    1
   35    0
   36    0
   37    1
   38    0
   39    1
   40    1
   41    1
   42    0
   43    0
   44    1
   45    0
   46    0
   47    1
   48    1
   49    0
   50    1
   51    1
   52    0
   53    0
   54    0
   55    1
   56    1
   57    0
   58    1
   59    1
   60    1
   61    1
   62    0
   63    0
   64    1
   65    1
   66    1
   67    1
   68    0
   69    1
   70    0
   71    0
   72    0
   73    1
   74    0
   75    1
   76    0
   77    1
   78    1
   79    0
   80    1
   81    0
   82    1
;