data;


param FN:= 0;
param D:= 100;
param U_Original:=
         1         1       -4.331821e-01
         2         1        7.123754e-01
         3         1        2.554492e-02
         4         1       -4.459295e-01
         5         1        2.557393e-02
         6         1        4.261372e-01
         7         1        2.345295e+00
         8         1        8.402416e-01
         9         1       -3.765425e-01
        10         1        1.023558e+00
        11         1        6.137479e-01
        12         1        1.777443e+00
        13         1        5.017054e-01
        14         1        1.257625e+00
        15         1        1.955994e+00
        16         1       -7.579589e-01
        17         1        3.502183e-01
        18         1        8.368937e-01
        19         1        1.224663e+00
        20         1       -4.562526e-01
        21         1       -4.284502e-01
        22         1        2.214668e-01
        23         1       -3.697078e-01
        24         1        3.866193e-01
        25         1        4.176944e-01
        26         1       -1.298128e+00
        27         1        1.283622e+00
        28         1        9.483801e-01
        29         1       -7.793956e-01
        30         1       -7.247101e-01
        31         1        1.660524e+00
        32         1       -9.878790e-01
        33         1        1.865855e+00
        34         1        1.110617e+00
        35         1       -2.607291e-01
        36         1        1.055776e-01
        37         1       -8.567273e-01
        38         1       -7.806811e-01
        39         1       -1.046785e+00
        40         1        3.066030e-01
        41         1       -1.410831e+00
        42         1        2.586279e+00
        43         1       -1.656901e-01
        44         1       -6.180047e-01
        45         1       -2.639884e-01
        46         1       -3.036536e-01
        47         1        2.423111e-01
        48         1        1.293063e+00
        49         1       -7.627326e-01
        50         1        1.005585e+00
        51         1        2.888814e-01
        52         1       -6.171799e-01
        53         1        1.735522e+00
        54         1        2.882946e-01
        55         1       -1.725907e+00
        56         1        1.838270e-01
        57         1        1.335704e-01
        58         1       -7.553425e-01
        59         1        8.482718e-02
        60         1       -3.210948e-01
        61         1        5.157459e-01
        62         1        5.050570e-01
        63         1        8.200712e-01
        64         1        1.193865e+00
        65         1       -6.221896e-01
        66         1        6.243409e-01
        67         1        5.401953e-01
        68         1        5.873511e-01
        69         1       -8.002505e-01
        70         1       -6.471820e-02
        71         1       -1.364050e-01
        72         1        8.240906e-01
        73         1       -8.236008e-01
        74         1        9.213280e-03
        75         1        5.161440e-01
        76         1       -2.243501e+00
        77         1        7.307213e-01
        78         1       -1.039446e+00
        79         1       -1.593094e+00
        80         1       -1.892603e-01
        81         1        2.746996e-01
        82         1        2.104616e+00
        83         1       -6.200255e-01
        84         1       -3.881461e-01
        85         1       -3.907252e-01
        86         1       -8.638177e-01
        87         1        1.302428e+00
        88         1        1.179798e+00
        89         1       -1.925534e-01
        90         1        1.583559e-01
        91         1       -3.344507e-01
        92         1        3.462552e-02
        93         1       -1.905629e-01
        94         1       -9.163416e-02
        95         1        1.533270e-01
        96         1        3.325079e-01
        97         1        6.848636e-01
        98         1        9.852952e-02
        99         1        5.649764e-01
       100         1        1.010901e-01
         1         2       -4.981666e-01
         2         2       -5.282878e-01
         3         2       -1.109600e+00
         4         2       -1.451032e-02
         5         2       -3.426253e-01
         6         2       -3.383785e-01
         7         2        3.749906e-01
         8         2       -5.557228e-01
         9         2       -2.240618e-01
        10         2       -1.148727e+00
        11         2        1.188593e+00
        12         2       -4.367753e-01
        13         2        9.941347e-01
        14         2       -1.232370e+00
        15         2       -5.981433e-01
        16         2        1.393388e+00
        17         2       -1.631686e+00
        18         2        1.135072e-01
        19         2       -3.302948e-01
        20         2        3.792001e-01
        21         2        3.482011e-01
        22         2        5.356406e-01
        23         2       -1.693623e+00
        24         2        1.325921e+00
        25         2        6.701355e-01
        26         2       -1.076527e+00
        27         2       -8.554537e-01
        28         2       -2.874453e-01
        29         2        3.099352e-01
        30         2        1.109819e+00
        31         2        1.781842e+00
        32         2       -3.359777e-02
        33         2        9.440581e-01
        34         2        2.812941e-01
        35         2        9.018215e-02
        36         2        5.396551e-01
        37         2        3.335954e-01
        38         2       -1.935199e+00
        39         2        1.577831e+00
        40         2        1.175671e+00
        41         2       -1.120877e+00
        42         2        4.522230e-01
        43         2       -7.106920e-01
        44         2       -1.311032e+00
        45         2       -4.751703e-01
        46         2        1.814060e-01
        47         2        1.764158e-01
        48         2       -1.252033e+00
        49         2        9.193361e-03
        50         2       -1.627466e+00
        51         2       -1.810346e+00
        52         2       -6.792777e-01
        53         2        1.108437e+00
        54         2       -1.009587e+00
        55         2        1.618783e+00
        56         2       -7.941884e-02
        57         2        1.332924e+00
        58         2        1.463212e+00
        59         2        1.338146e+00
        60         2       -1.153494e+00
        61         2        5.650101e-02
        62         2        1.106503e+00
        63         2       -1.361792e+00
        64         2        6.258354e-01
        65         2       -1.920344e+00
        66         2       -3.496838e-01
        67         2       -1.352355e+00
        68         2        3.064162e-01
        69         2       -9.477750e-01
        70         2       -1.687839e-01
        71         2        5.810624e-01
        72         2       -4.016422e-01
        73         2       -4.966100e-02
        74         2        1.161105e+00
        75         2        3.818670e-01
        76         2        7.628857e-01
        77         2       -7.724365e-01
        78         2        1.131400e+00
        79         2        6.262833e-01
        80         2       -1.085350e-01
        81         2        8.359658e-01
        82         2        1.569633e+00
        83         2       -1.413201e+00
        84         2       -2.418485e-01
        85         2        5.928976e-01
        86         2       -6.186307e-01
        87         2        1.214530e+00
        88         2        1.183803e+00
        89         2       -4.897768e-01
        90         2        9.537928e-01
        91         2       -3.501478e-01
        92         2       -1.358766e+00
        93         2       -1.653887e-02
        94         2        7.484123e-01
        95         2        4.419447e-01
        96         2        5.889039e-01
        97         2       -2.579379e-01
        98         2       -6.469737e-01
        99         2        9.669478e-01
       100         2        5.665385e-01
         1         3        1.555304e+00
         2         3       -4.388321e-01
         3         3        7.656746e-01
         4         3        3.672422e-01
         5         3       -2.932478e-01
         6         3       -8.668062e-01
         7         3        9.659853e-01
         8         3       -1.054171e+00
         9         3        1.333553e+00
        10         3       -7.772334e-01
        11         3        7.959834e-02
        12         3        9.649509e-01
        13         3       -9.927633e-01
        14         3        2.404830e+00
        15         3        4.553734e-01
        16         3        4.564845e-01
        17         3        1.603302e+00
        18         3        5.893061e-01
        19         3       -7.656705e-01
        20         3       -2.111059e+00
        21         3        8.379540e-01
        22         3        9.822992e-01
        23         3        9.165135e-01
        24         3       -3.251732e-01
        25         3        9.512731e-01
        26         3       -3.449349e-01
        27         3        6.578364e-01
        28         3       -7.327837e-01
        29         3       -2.009806e+00
        30         3        1.017426e+00
        31         3       -2.790628e-01
        32         3       -1.444068e+00
        33         3       -3.917390e-01
        34         3        3.230012e-01
        35         3       -6.185410e-01
        36         3        9.200452e-01
        37         3       -6.965611e-01
        38         3       -8.046713e-01
        39         3        1.213261e+00
        40         3       -6.943047e-01
        41         3        6.726219e-01
        42         3        2.006660e+00
        43         3       -9.577011e-01
        44         3       -4.905524e-01
        45         3        1.047829e+00
        46         3       -1.948886e+00
        47         3       -9.932202e-01
        48         3       -1.023905e+00
        49         3       -9.834608e-01
        50         3       -7.438964e-01
        51         3        2.031680e+00
        52         3       -4.160550e-01
        53         3       -1.808295e+00
        54         3       -4.407837e-01
        55         3       -6.785958e-01
        56         3        5.524268e-01
        57         3       -9.004710e-01
        58         3       -5.961965e-01
        59         3        1.202159e+00
        60         3        1.819368e+00
        61         3       -4.012378e-01
        62         3        5.073167e-01
        63         3        8.535084e-01
        64         3        8.564279e-01
        65         3       -6.262375e-01
        66         3        6.472094e-01
        67         3        9.040011e-01
        68         3        1.026325e+00
        69         3       -2.571319e-01
        70         3       -8.833121e-01
        71         3       -3.043940e-01
        72         3        1.508346e-01
        73         3       -3.506263e-01
        74         3       -4.598600e-01
        75         3       -8.838251e-01
        76         3       -1.468242e+00
        77         3       -3.037852e-01
        78         3       -2.624712e-01
        79         3        1.114994e+00
        80         3       -7.051268e-01
        81         3       -3.888483e-01
        82         3       -9.316373e-02
        83         3       -3.357580e-01
        84         3        2.887701e-01
        85         3       -1.689714e+00
        86         3        7.678415e-01
        87         3       -8.423425e-01
        88         3        2.688172e-01
        89         3       -1.787940e+00
        90         3       -1.196246e+00
        91         3       -2.175664e-01
        92         3        6.177386e-01
        93         3       -1.362579e-02
        94         3        2.009729e-01
        95         3        2.074082e+00
        96         3       -7.048712e-01
        97         3        1.302279e+00
        98         3       -7.014129e-01
        99         3       -2.631224e-01
       100         3       -1.358325e-01
         1         4       -7.504792e-01
         2         4        5.281212e-01
         3         4        8.629205e-02
         4         4       -2.295569e-01
         5         4        9.192734e-01
         6         4       -1.155724e+00
         7         4        1.027473e+00
         8         4       -1.106689e+00
         9         4        5.738752e-01
        10         4       -1.680557e+00
        11         4       -1.244058e+00
        12         4        4.219684e-01
        13         4       -1.073893e+00
        14         4       -3.937087e-01
        15         4       -2.700502e-01
        16         4        1.131807e+00
        17         4       -1.506417e-01
        18         4        8.972896e-01
        19         4        7.718437e-01
        20         4       -2.528648e-01
        21         4        1.531209e+00
        22         4        6.417648e-03
        23         4        9.294795e-02
        24         4       -2.699109e-01
        25         4       -1.539575e+00
        26         4        4.448577e-01
        27         4        1.059147e+00
        28         4        8.131224e-02
        29         4       -4.672032e-02
        30         4        1.403132e-02
        31         4        3.065230e-01
        32         4        2.020190e+00
        33         4        1.220839e+00
        34         4        7.236061e-01
        35         4       -9.055328e-01
        36         4       -2.845702e-01
        37         4        1.842167e-01
        38         4        9.131295e-01
        39         4        6.525629e-01
        40         4       -8.911628e-01
        41         4        7.586153e-01
        42         4        9.689090e-02
        43         4        2.161503e+00
        44         4        8.352446e-01
        45         4        4.085001e-01
        46         4       -1.912341e+00
        47         4       -3.064924e-01
        48         4        1.172389e+00
        49         4       -1.553657e+00
        50         4       -6.957905e-01
        51         4        1.605583e-01
        52         4       -2.325629e+00
        53         4        8.049132e-02
        54         4       -7.571790e-01
        55         4       -1.243214e+00
        56         4       -3.093033e-01
        57         4        2.922628e-01
        58         4        8.458836e-02
        59         4        4.399029e-01
        60         4       -5.563725e-01
        61         4       -1.029305e+00
        62         4       -1.420801e+00
        63         4       -1.015847e+00
        64         4       -1.713849e-01
        65         4        1.509503e+00
        66         4       -6.014888e-01
        67         4        5.142327e-01
        68         4       -1.910617e+00
        69         4       -2.719637e-01
        70         4       -1.778104e+00
        71         4        8.056497e-01
        72         4       -8.799602e-01
        73         4        1.321031e+00
        74         4        1.393299e+00
        75         4        1.889917e-01
        76         4        1.233159e+00
        77         4        6.380671e-01
        78         4        5.661795e-01
        79         4       -1.384373e+00
        80         4       -6.131694e-01
        81         4       -4.609374e-01
        82         4       -2.079930e+00
        83         4        1.000164e+00
        84         4        1.935914e-01
        85         4        3.894425e-01
        86         4       -1.004821e+00
        87         4        1.367942e+00
        88         4        1.243169e+00
        89         4        2.954784e-01
        90         4       -3.969694e-02
        91         4        1.564053e-01
        92         4       -4.638975e-01
        93         4       -1.070020e+00
        94         4        1.899320e+00
        95         4       -1.002006e+00
        96         4       -7.319170e-01
        97         4        5.722354e-01
        98         4        9.172184e-01
        99         4        4.893089e-01
       100         4       -8.568192e-01
         1         5       -8.518482e-01
         2         5       -1.388630e-01
         3         5        5.908706e-02
         4         5        9.125826e-01
         5         5       -1.578653e+00
         6         5        8.113269e-01
         7         5       -1.538969e+00
         8         5        1.050574e-01
         9         5       -9.431149e-02
        10         5        2.422944e-01
        11         5        1.478358e+00
        12         5        1.012433e-01
        13         5       -3.871648e-01
        14         5       -1.871967e+00
        15         5       -4.936381e-02
        16         5        3.332314e-01
        17         5       -6.435596e-01
        18         5       -5.953019e-01
        19         5       -2.616857e-01
        20         5       -9.135024e-01
        21         5       -7.935441e-01
        22         5       -6.356350e-01
        23         5        1.165391e+00
        24         5       -4.691918e-02
        25         5       -1.440040e+00
        26         5       -1.650187e-01
        27         5       -8.406685e-01
        28         5       -2.193230e+00
        29         5        9.255128e-01
        30         5       -5.097826e-01
        31         5        6.188643e-01
        32         5        6.694165e-01
        33         5       -1.420928e+00
        34         5        4.141023e-01
        35         5        1.833870e-01
        36         5        1.813447e-01
        37         5        3.994737e-01
        38         5        3.144315e-01
        39         5        1.081727e+00
        40         5       -1.452298e-01
        41         5        8.503554e-02
        42         5        4.069697e-01
        43         5       -3.985446e-01
        44         5       -1.840886e+00
        45         5        1.607672e+00
        46         5        8.361402e-01
        47         5       -1.377544e+00
        48         5        1.047711e-02
        49         5       -6.874461e-01
        50         5       -1.706546e+00
        51         5       -1.820959e-02
        52         5       -2.966772e-01
        53         5       -6.474901e-01
        54         5        2.398072e-01
        55         5        5.472983e-01
        56         5       -1.398991e+00
        57         5        1.283156e-01
        58         5       -9.197281e-01
        59         5       -6.149055e-01
        60         5        3.648416e-01
        61         5       -5.732161e-01
        62         5       -4.226621e-01
        63         5        6.254368e-01
        64         5       -1.374796e+00
        65         5        5.116123e-03
        66         5        2.967065e-01
        67         5        1.190788e+00
        68         5        1.500043e+00
        69         5        1.232819e+00
        70         5        1.482844e+00
        71         5        2.539623e-01
        72         5        1.271611e+00
        73         5        1.946646e-01
        74         5        2.799451e-01
        75         5       -8.652748e-01
        76         5       -9.085487e-01
        77         5        1.036045e+00
        78         5       -1.023124e+00
        79         5       -1.084567e+00
        80         5        9.461725e-02
        81         5       -2.612471e-01
        82         5        1.765960e-01
        83         5       -8.899366e-01
        84         5        1.538036e+00
        85         5       -1.200414e+00
        86         5       -1.739147e+00
        87         5        1.480239e+00
        88         5        4.899788e-01
        89         5        1.779820e+00
        90         5        7.700527e-01
        91         5        1.416671e-01
        92         5       -7.373963e-01
        93         5        8.516292e-01
        94         5        1.588300e+00
        95         5        1.198770e+00
        96         5        7.539097e-01
        97         5        3.916608e-01
        98         5        3.381085e-01
        99         5       -4.878970e-01
       100         5        1.195603e+00
;
param X_Original:=
    1        1.647302e+00
    2       -9.047054e-01
    3        3.760576e-01
    4       -1.076202e+00
    5        1.865465e+00
    6       -1.240260e-01
    7       -6.811918e-01
    8        1.171547e-01
    9       -7.392366e-01
   10        1.572346e+00
   11        3.812613e-01
   12        2.245853e-01
   13        1.266882e-01
   14        1.675240e+00
   15       -7.068091e-02
   16        2.866575e-01
   17        5.341978e-01
   18        9.968682e-02
   19       -6.079009e-01
   20        3.651323e-01
   21        5.931075e-01
   22       -2.755523e-01
   23        3.149088e-01
   24       -2.718768e+00
   25       -1.422806e+00
   26       -8.160752e-01
   27       -4.276576e-01
   28       -7.812371e-01
   29       -9.757779e-02
   30       -2.388020e-01
   31       -3.965422e-01
   32        1.995284e+00
   33       -7.493847e-01
   34       -5.102436e-01
   35       -6.440928e-01
   36       -1.433340e+00
   37       -4.511999e-02
   38        4.322207e+00
   39       -2.056735e+00
   40       -2.132250e-01
   41        2.827706e+00
   42       -3.269994e-01
   43        3.203724e+00
   44        3.866836e+00
   45        4.632327e-01
   46        3.673013e-01
   47       -1.041468e+00
   48        1.181383e+00
   49       -3.355908e-01
   50        2.108812e+00
   51        2.697635e+00
   52        2.429744e-01
   53       -1.876779e+00
   54        1.245803e+00
   55       -3.217871e+00
   56       -5.933506e-02
   57       -7.144383e-01
   58       -8.818615e-01
   59        1.446003e-01
   60        5.161173e-01
   61       -5.867457e-01
   62       -3.131940e+00
   63       -3.990867e-01
   64       -3.369590e-01
   65        9.088784e-01
   66        3.366826e-01
   67        2.014108e+00
   68       -2.439736e-01
   69       -5.222699e-01
   70       -5.272681e-01
   71       -1.160779e+00
   72        3.230558e-01
   73        1.304158e+00
   74       -1.213131e+00
   75        9.970098e-01
   76       -6.479896e-01
   77        3.495770e-01
   78       -7.707448e-01
   79       -3.444820e-01
   80       -4.559351e-01
   81       -1.415938e-01
   82       -5.184855e+00
   83        3.812378e+00
   84        1.067844e-01
   85       -7.903504e-01
   86       -4.114613e-01
   87       -4.382301e-01
   88       -1.837963e+00
   89        9.911174e-01
   90       -1.911736e+00
   91       -4.061363e-01
   92        7.125261e-01
   93        1.441857e+00
   94       -5.238841e-01
   95       -4.190302e-02
   96       -2.373868e-01
   97       -7.074143e-01
   98        8.098868e-02
   99       -1.266728e+00
  100       -2.292120e+00
;
param outliervec_original :=
    1    1
    2    1
    3    1
    4    1
    5    0
    6    1
    7    0
    8    0
    9    1
   10    1
   11    1
   12    0
   13    1
   14    0
   15    0
   16    1
   17    1
   18    0
   19    1
   20    1
   21    0
   22    1
   23    1
   24    0
   25    1
   26    1
   27    1
   28    1
   29    0
   30    1
   31    1
   32    0
   33    1
   34    1
   35    0
   36    0
   37    0
   38    0
   39    1
   40    1
   41    0
   42    1
   43    0
   44    0
   45    0
   46    1
   47    1
   48    1
   49    0
   50    1
   51    0
   52    1
   53    0
   54    0
   55    0
   56    0
   57    1
   58    1
   59    1
   60    1
   61    0
   62    0
   63    1
   64    1
   65    1
   66    1
   67    0
   68    1
   69    1
   70    1
   71    1
   72    1
   73    0
   74    0
   75    1
   76    1
   77    1
   78    0
   79    1
   80    1
   81    1
   82    0
   83    0
   84    0
   85    1
   86    1
   87    1
   88    0
   89    0
   90    0
   91    1
   92    1
   93    1
   94    0
   95    1
   96    1
   97    1
   98    1
   99    0
  100    0
;
param d:= 82;
param r:=5;
param p:=0.600000;
param M:=1000;
param U:=
         1         1       -4.331821e-01
         2         1        2.554492e-02
         3         1       -4.459295e-01
         4         1        2.557393e-02
         5         1        4.261372e-01
         6         1        2.345295e+00
         7         1        8.402416e-01
         8         1       -3.765425e-01
         9         1        1.023558e+00
        10         1        1.777443e+00
        11         1        1.257625e+00
        12         1        1.955994e+00
        13         1        3.502183e-01
        14         1        8.368937e-01
        15         1        1.224663e+00
        16         1       -4.562526e-01
        17         1       -4.284502e-01
        18         1        2.214668e-01
        19         1        3.866193e-01
        20         1        4.176944e-01
        21         1       -7.793956e-01
        22         1       -7.247101e-01
        23         1       -9.878790e-01
        24         1        1.865855e+00
        25         1        1.110617e+00
        26         1       -2.607291e-01
        27         1        1.055776e-01
        28         1       -8.567273e-01
        29         1       -7.806811e-01
        30         1       -1.046785e+00
        31         1       -1.410831e+00
        32         1       -1.656901e-01
        33         1       -6.180047e-01
        34         1       -2.639884e-01
        35         1       -3.036536e-01
        36         1        2.423111e-01
        37         1        1.293063e+00
        38         1       -7.627326e-01
        39         1        1.005585e+00
        40         1        2.888814e-01
        41         1       -6.171799e-01
        42         1        1.735522e+00
        43         1        2.882946e-01
        44         1       -1.725907e+00
        45         1        1.838270e-01
        46         1        1.335704e-01
        47         1       -7.553425e-01
        48         1       -3.210948e-01
        49         1        5.157459e-01
        50         1        5.050570e-01
        51         1        8.200712e-01
        52         1        1.193865e+00
        53         1        6.243409e-01
        54         1        5.401953e-01
        55         1       -6.471820e-02
        56         1       -1.364050e-01
        57         1        8.240906e-01
        58         1       -8.236008e-01
        59         1        9.213280e-03
        60         1        5.161440e-01
        61         1        7.307213e-01
        62         1       -1.039446e+00
        63         1       -1.593094e+00
        64         1       -1.892603e-01
        65         1        2.746996e-01
        66         1        2.104616e+00
        67         1       -6.200255e-01
        68         1       -3.881461e-01
        69         1       -3.907252e-01
        70         1       -8.638177e-01
        71         1        1.302428e+00
        72         1        1.179798e+00
        73         1       -1.925534e-01
        74         1        1.583559e-01
        75         1       -3.344507e-01
        76         1        3.462552e-02
        77         1       -9.163416e-02
        78         1        3.325079e-01
        79         1        6.848636e-01
        80         1        9.852952e-02
        81         1        5.649764e-01
        82         1        1.010901e-01
         1         2       -4.981666e-01
         2         2       -1.109600e+00
         3         2       -1.451032e-02
         4         2       -3.426253e-01
         5         2       -3.383785e-01
         6         2        3.749906e-01
         7         2       -5.557228e-01
         8         2       -2.240618e-01
         9         2       -1.148727e+00
        10         2       -4.367753e-01
        11         2       -1.232370e+00
        12         2       -5.981433e-01
        13         2       -1.631686e+00
        14         2        1.135072e-01
        15         2       -3.302948e-01
        16         2        3.792001e-01
        17         2        3.482011e-01
        18         2        5.356406e-01
        19         2        1.325921e+00
        20         2        6.701355e-01
        21         2        3.099352e-01
        22         2        1.109819e+00
        23         2       -3.359777e-02
        24         2        9.440581e-01
        25         2        2.812941e-01
        26         2        9.018215e-02
        27         2        5.396551e-01
        28         2        3.335954e-01
        29         2       -1.935199e+00
        30         2        1.577831e+00
        31         2       -1.120877e+00
        32         2       -7.106920e-01
        33         2       -1.311032e+00
        34         2       -4.751703e-01
        35         2        1.814060e-01
        36         2        1.764158e-01
        37         2       -1.252033e+00
        38         2        9.193361e-03
        39         2       -1.627466e+00
        40         2       -1.810346e+00
        41         2       -6.792777e-01
        42         2        1.108437e+00
        43         2       -1.009587e+00
        44         2        1.618783e+00
        45         2       -7.941884e-02
        46         2        1.332924e+00
        47         2        1.463212e+00
        48         2       -1.153494e+00
        49         2        5.650101e-02
        50         2        1.106503e+00
        51         2       -1.361792e+00
        52         2        6.258354e-01
        53         2       -3.496838e-01
        54         2       -1.352355e+00
        55         2       -1.687839e-01
        56         2        5.810624e-01
        57         2       -4.016422e-01
        58         2       -4.966100e-02
        59         2        1.161105e+00
        60         2        3.818670e-01
        61         2       -7.724365e-01
        62         2        1.131400e+00
        63         2        6.262833e-01
        64         2       -1.085350e-01
        65         2        8.359658e-01
        66         2        1.569633e+00
        67         2       -1.413201e+00
        68         2       -2.418485e-01
        69         2        5.928976e-01
        70         2       -6.186307e-01
        71         2        1.214530e+00
        72         2        1.183803e+00
        73         2       -4.897768e-01
        74         2        9.537928e-01
        75         2       -3.501478e-01
        76         2       -1.358766e+00
        77         2        7.484123e-01
        78         2        5.889039e-01
        79         2       -2.579379e-01
        80         2       -6.469737e-01
        81         2        9.669478e-01
        82         2        5.665385e-01
         1         3        1.555304e+00
         2         3        7.656746e-01
         3         3        3.672422e-01
         4         3       -2.932478e-01
         5         3       -8.668062e-01
         6         3        9.659853e-01
         7         3       -1.054171e+00
         8         3        1.333553e+00
         9         3       -7.772334e-01
        10         3        9.649509e-01
        11         3        2.404830e+00
        12         3        4.553734e-01
        13         3        1.603302e+00
        14         3        5.893061e-01
        15         3       -7.656705e-01
        16         3       -2.111059e+00
        17         3        8.379540e-01
        18         3        9.822992e-01
        19         3       -3.251732e-01
        20         3        9.512731e-01
        21         3       -2.009806e+00
        22         3        1.017426e+00
        23         3       -1.444068e+00
        24         3       -3.917390e-01
        25         3        3.230012e-01
        26         3       -6.185410e-01
        27         3        9.200452e-01
        28         3       -6.965611e-01
        29         3       -8.046713e-01
        30         3        1.213261e+00
        31         3        6.726219e-01
        32         3       -9.577011e-01
        33         3       -4.905524e-01
        34         3        1.047829e+00
        35         3       -1.948886e+00
        36         3       -9.932202e-01
        37         3       -1.023905e+00
        38         3       -9.834608e-01
        39         3       -7.438964e-01
        40         3        2.031680e+00
        41         3       -4.160550e-01
        42         3       -1.808295e+00
        43         3       -4.407837e-01
        44         3       -6.785958e-01
        45         3        5.524268e-01
        46         3       -9.004710e-01
        47         3       -5.961965e-01
        48         3        1.819368e+00
        49         3       -4.012378e-01
        50         3        5.073167e-01
        51         3        8.535084e-01
        52         3        8.564279e-01
        53         3        6.472094e-01
        54         3        9.040011e-01
        55         3       -8.833121e-01
        56         3       -3.043940e-01
        57         3        1.508346e-01
        58         3       -3.506263e-01
        59         3       -4.598600e-01
        60         3       -8.838251e-01
        61         3       -3.037852e-01
        62         3       -2.624712e-01
        63         3        1.114994e+00
        64         3       -7.051268e-01
        65         3       -3.888483e-01
        66         3       -9.316373e-02
        67         3       -3.357580e-01
        68         3        2.887701e-01
        69         3       -1.689714e+00
        70         3        7.678415e-01
        71         3       -8.423425e-01
        72         3        2.688172e-01
        73         3       -1.787940e+00
        74         3       -1.196246e+00
        75         3       -2.175664e-01
        76         3        6.177386e-01
        77         3        2.009729e-01
        78         3       -7.048712e-01
        79         3        1.302279e+00
        80         3       -7.014129e-01
        81         3       -2.631224e-01
        82         3       -1.358325e-01
         1         4       -7.504792e-01
         2         4        8.629205e-02
         3         4       -2.295569e-01
         4         4        9.192734e-01
         5         4       -1.155724e+00
         6         4        1.027473e+00
         7         4       -1.106689e+00
         8         4        5.738752e-01
         9         4       -1.680557e+00
        10         4        4.219684e-01
        11         4       -3.937087e-01
        12         4       -2.700502e-01
        13         4       -1.506417e-01
        14         4        8.972896e-01
        15         4        7.718437e-01
        16         4       -2.528648e-01
        17         4        1.531209e+00
        18         4        6.417648e-03
        19         4       -2.699109e-01
        20         4       -1.539575e+00
        21         4       -4.672032e-02
        22         4        1.403132e-02
        23         4        2.020190e+00
        24         4        1.220839e+00
        25         4        7.236061e-01
        26         4       -9.055328e-01
        27         4       -2.845702e-01
        28         4        1.842167e-01
        29         4        9.131295e-01
        30         4        6.525629e-01
        31         4        7.586153e-01
        32         4        2.161503e+00
        33         4        8.352446e-01
        34         4        4.085001e-01
        35         4       -1.912341e+00
        36         4       -3.064924e-01
        37         4        1.172389e+00
        38         4       -1.553657e+00
        39         4       -6.957905e-01
        40         4        1.605583e-01
        41         4       -2.325629e+00
        42         4        8.049132e-02
        43         4       -7.571790e-01
        44         4       -1.243214e+00
        45         4       -3.093033e-01
        46         4        2.922628e-01
        47         4        8.458836e-02
        48         4       -5.563725e-01
        49         4       -1.029305e+00
        50         4       -1.420801e+00
        51         4       -1.015847e+00
        52         4       -1.713849e-01
        53         4       -6.014888e-01
        54         4        5.142327e-01
        55         4       -1.778104e+00
        56         4        8.056497e-01
        57         4       -8.799602e-01
        58         4        1.321031e+00
        59         4        1.393299e+00
        60         4        1.889917e-01
        61         4        6.380671e-01
        62         4        5.661795e-01
        63         4       -1.384373e+00
        64         4       -6.131694e-01
        65         4       -4.609374e-01
        66         4       -2.079930e+00
        67         4        1.000164e+00
        68         4        1.935914e-01
        69         4        3.894425e-01
        70         4       -1.004821e+00
        71         4        1.367942e+00
        72         4        1.243169e+00
        73         4        2.954784e-01
        74         4       -3.969694e-02
        75         4        1.564053e-01
        76         4       -4.638975e-01
        77         4        1.899320e+00
        78         4       -7.319170e-01
        79         4        5.722354e-01
        80         4        9.172184e-01
        81         4        4.893089e-01
        82         4       -8.568192e-01
         1         5       -8.518482e-01
         2         5        5.908706e-02
         3         5        9.125826e-01
         4         5       -1.578653e+00
         5         5        8.113269e-01
         6         5       -1.538969e+00
         7         5        1.050574e-01
         8         5       -9.431149e-02
         9         5        2.422944e-01
        10         5        1.012433e-01
        11         5       -1.871967e+00
        12         5       -4.936381e-02
        13         5       -6.435596e-01
        14         5       -5.953019e-01
        15         5       -2.616857e-01
        16         5       -9.135024e-01
        17         5       -7.935441e-01
        18         5       -6.356350e-01
        19         5       -4.691918e-02
        20         5       -1.440040e+00
        21         5        9.255128e-01
        22         5       -5.097826e-01
        23         5        6.694165e-01
        24         5       -1.420928e+00
        25         5        4.141023e-01
        26         5        1.833870e-01
        27         5        1.813447e-01
        28         5        3.994737e-01
        29         5        3.144315e-01
        30         5        1.081727e+00
        31         5        8.503554e-02
        32         5       -3.985446e-01
        33         5       -1.840886e+00
        34         5        1.607672e+00
        35         5        8.361402e-01
        36         5       -1.377544e+00
        37         5        1.047711e-02
        38         5       -6.874461e-01
        39         5       -1.706546e+00
        40         5       -1.820959e-02
        41         5       -2.966772e-01
        42         5       -6.474901e-01
        43         5        2.398072e-01
        44         5        5.472983e-01
        45         5       -1.398991e+00
        46         5        1.283156e-01
        47         5       -9.197281e-01
        48         5        3.648416e-01
        49         5       -5.732161e-01
        50         5       -4.226621e-01
        51         5        6.254368e-01
        52         5       -1.374796e+00
        53         5        2.967065e-01
        54         5        1.190788e+00
        55         5        1.482844e+00
        56         5        2.539623e-01
        57         5        1.271611e+00
        58         5        1.946646e-01
        59         5        2.799451e-01
        60         5       -8.652748e-01
        61         5        1.036045e+00
        62         5       -1.023124e+00
        63         5       -1.084567e+00
        64         5        9.461725e-02
        65         5       -2.612471e-01
        66         5        1.765960e-01
        67         5       -8.899366e-01
        68         5        1.538036e+00
        69         5       -1.200414e+00
        70         5       -1.739147e+00
        71         5        1.480239e+00
        72         5        4.899788e-01
        73         5        1.779820e+00
        74         5        7.700527e-01
        75         5        1.416671e-01
        76         5       -7.373963e-01
        77         5        1.588300e+00
        78         5        7.539097e-01
        79         5        3.916608e-01
        80         5        3.381085e-01
        81         5       -4.878970e-01
        82         5        1.195603e+00
;

param theta:=
    1       -3.483527e-01
    2       -1.795527e+00
    3       -1.981568e-01
    4        7.065870e-01
    5       -3.323094e-01
;
param X_true:=
    1        3.959217e-01
    2        1.875246e+00
    3       -3.771492e-01
    4        1.865465e+00
    5       -6.447459e-01
    6       -6.811918e-01
    7        1.171547e-01
    8        7.567774e-01
    9        6.034812e-01
   10        2.245853e-01
   11        1.675240e+00
   12       -7.068091e-02
   13        2.628051e+00
   14        9.968682e-02
   15        9.448476e-01
   16       -3.744967e-04
   17        5.931075e-01
   18       -1.200215e+00
   19       -2.718768e+00
   20       -2.296246e+00
   21       -9.757779e-02
   22       -1.804443e+00
   23        1.995284e+00
   24       -9.588031e-01
   25       -6.623557e-01
   26       -6.440928e-01
   27       -1.433340e+00
   28       -4.511999e-02
   29        4.322207e+00
   30       -2.469763e+00
   31        2.827706e+00
   32        3.203724e+00
   33        3.866836e+00
   34        4.632327e-01
   35       -1.468229e+00
   36        3.112235e-02
   37        2.703402e+00
   38       -3.355908e-01
   39        2.840152e+00
   40        2.697635e+00
   41        5.705299e-04
   42       -1.876779e+00
   43        1.245803e+00
   44       -3.217871e+00
   45       -5.933506e-02
   46       -2.175769e+00
   47       -1.885497e+00
   48        1.229675e+00
   49       -5.867457e-01
   50       -3.131940e+00
   51        1.178168e+00
   52       -1.525186e+00
   53       -1.188655e-01
   54        2.014108e+00
   55       -1.239668e+00
   56       -5.899433e-01
   57       -7.840955e-01
   58        1.304158e+00
   59       -1.213131e+00
   60       -2.328055e-01
   61        1.243512e+00
   62       -7.707448e-01
   63       -1.357136e+00
   64       -9.788163e-02
   65       -1.809435e+00
   66       -5.184855e+00
   67        3.812378e+00
   68        1.067844e-01
   69        1.973406e-02
   70        1.171538e+00
   71       -1.928012e+00
   72       -1.837963e+00
   73        9.911174e-01
   74       -1.911736e+00
   75        9.794539e-01
   76        2.283560e+00
   77       -5.238841e-01
   78       -1.760727e+00
   79        9.695160e-02
   80        1.947109e+00
   81       -1.266728e+00
   82       -2.292120e+00
;
param X:=
    1        1.647302e+00
    2        3.760576e-01
    3       -1.076202e+00
    4        1.865465e+00
    5       -1.240260e-01
    6       -6.811918e-01
    7        1.171547e-01
    8       -7.392366e-01
    9        1.572346e+00
   10        2.245853e-01
   11        1.675240e+00
   12       -7.068091e-02
   13        5.341978e-01
   14        9.968682e-02
   15       -6.079009e-01
   16        3.651323e-01
   17        5.931075e-01
   18       -2.755523e-01
   19       -2.718768e+00
   20       -1.422806e+00
   21       -9.757779e-02
   22       -2.388020e-01
   23        1.995284e+00
   24       -7.493847e-01
   25       -5.102436e-01
   26       -6.440928e-01
   27       -1.433340e+00
   28       -4.511999e-02
   29        4.322207e+00
   30       -2.056735e+00
   31        2.827706e+00
   32        3.203724e+00
   33        3.866836e+00
   34        4.632327e-01
   35        3.673013e-01
   36       -1.041468e+00
   37        1.181383e+00
   38       -3.355908e-01
   39        2.108812e+00
   40        2.697635e+00
   41        2.429744e-01
   42       -1.876779e+00
   43        1.245803e+00
   44       -3.217871e+00
   45       -5.933506e-02
   46       -7.144383e-01
   47       -8.818615e-01
   48        5.161173e-01
   49       -5.867457e-01
   50       -3.131940e+00
   51       -3.990867e-01
   52       -3.369590e-01
   53        3.366826e-01
   54        2.014108e+00
   55       -5.272681e-01
   56       -1.160779e+00
   57        3.230558e-01
   58        1.304158e+00
   59       -1.213131e+00
   60        9.970098e-01
   61        3.495770e-01
   62       -7.707448e-01
   63       -3.444820e-01
   64       -4.559351e-01
   65       -1.415938e-01
   66       -5.184855e+00
   67        3.812378e+00
   68        1.067844e-01
   69       -7.903504e-01
   70       -4.114613e-01
   71       -4.382301e-01
   72       -1.837963e+00
   73        9.911174e-01
   74       -1.911736e+00
   75       -4.061363e-01
   76        7.125261e-01
   77       -5.238841e-01
   78       -2.373868e-01
   79       -7.074143e-01
   80        8.098868e-02
   81       -1.266728e+00
   82       -2.292120e+00
;
param outliervec:=
    1    1
    2    1
    3    1
    4    0
    5    1
    6    0
    7    0
    8    1
    9    1
   10    0
   11    0
   12    0
   13    1
   14    0
   15    1
   16    1
   17    0
   18    1
   19    0
   20    1
   21    0
   22    1
   23    0
   24    1
   25    1
   26    0
   27    0
   28    0
   29    0
   30    1
   31    0
   32    0
   33    0
   34    0
   35    1
   36    1
   37    1
   38    0
   39    1
   40    0
   41    1
   42    0
   43    0
   44    0
   45    0
   46    1
   47    1
   48    1
   49    0
   50    0
   51    1
   52    1
   53    1
   54    0
   55    1
   56    1
   57    1
   58    0
   59    0
   60    1
   61    1
   62    0
   63    1
   64    1
   65    1
   66    0
   67    0
   68    0
   69    1
   70    1
   71    1
   72    0
   73    0
   74    0
   75    1
   76    1
   77    0
   78    1
   79    1
   80    1
   81    0
   82    0
;