data;


param FN:= 0;
param D:= 100;
param U_Original:=
         1         1        1.752424e+00
         2         1       -3.710615e-01
         3         1       -4.610617e-01
         4         1        4.546618e-01
         5         1       -4.788992e-01
         6         1        7.154075e-01
         7         1        9.137136e-01
         8         1        3.933847e-01
         9         1        4.334652e-01
        10         1       -2.176724e-01
        11         1        1.811486e+00
        12         1        6.625101e-01
        13         1        9.796627e-01
        14         1       -6.838452e-01
        15         1       -6.237153e-01
        16         1        1.574462e+00
        17         1       -1.362391e+00
        18         1       -1.049312e+00
        19         1       -6.449994e-01
        20         1       -8.902300e-01
        21         1        5.681485e-01
        22         1        2.577558e-01
        23         1       -1.389229e+00
        24         1        1.659076e+00
        25         1        3.801210e-01
        26         1        7.584938e-01
        27         1       -6.512602e-01
        28         1       -3.501244e-01
        29         1        9.947250e-01
        30         1       -1.421784e-01
        31         1        1.318977e-01
        32         1       -5.803541e-01
        33         1       -2.733879e-01
        34         1        1.695727e-01
        35         1       -8.683333e-01
        36         1       -2.354136e-01
        37         1       -4.755578e-02
        38         1       -1.273282e+00
        39         1       -7.565102e-01
        40         1        8.536382e-01
        41         1       -1.193994e+00
        42         1       -1.347062e-01
        43         1       -1.616878e+00
        44         1        7.294441e-01
        45         1        3.517155e-03
        46         1        8.748674e-01
        47         1       -2.244847e-01
        48         1        5.008101e-01
        49         1       -1.155562e+00
        50         1        1.310865e+00
        51         1       -2.032048e+00
        52         1        1.782881e-01
        53         1       -4.520665e-01
        54         1        4.293308e-01
        55         1       -9.053085e-01
        56         1        1.982654e+00
        57         1        2.987908e-01
        58         1       -1.292002e+00
        59         1        1.195757e+00
        60         1        3.715346e-01
        61         1        3.088191e-02
        62         1       -7.712864e-01
        63         1        1.488620e+00
        64         1       -7.531392e-01
        65         1       -1.104050e+00
        66         1        1.536789e+00
        67         1        9.369196e-02
        68         1       -1.615545e+00
        69         1       -1.262522e+00
        70         1       -2.149578e-01
        71         1        3.850582e-01
        72         1       -2.352389e+00
        73         1        3.843366e-01
        74         1        7.161215e-01
        75         1        2.027422e-01
        76         1       -6.705824e-01
        77         1        5.760859e-01
        78         1        8.156635e-02
        79         1       -1.245878e+00
        80         1        1.866825e+00
        81         1       -1.642192e+00
        82         1       -6.462780e-01
        83         1       -2.692018e-01
        84         1       -2.212528e-01
        85         1        1.770063e+00
        86         1        6.510860e-01
        87         1        7.133509e-01
        88         1       -9.031962e-02
        89         1       -1.811342e+00
        90         1       -1.305657e-01
        91         1       -9.355994e-01
        92         1       -5.838752e-01
        93         1        1.083243e+00
        94         1        1.747322e+00
        95         1       -1.498545e+00
        96         1       -5.291818e-01
        97         1       -1.808611e+00
        98         1        4.817485e-01
        99         1        3.265807e-01
       100         1       -1.630635e+00
         1         2        9.038003e-01
         2         2        1.275269e-01
         3         2        1.161469e+00
         4         2       -4.317952e-01
         5         2        4.063922e-01
         6         2       -2.461576e+00
         7         2       -3.169803e-01
         8         2        1.843153e-01
         9         2       -9.276516e-01
        10         2        4.317877e-01
        11         2       -3.454138e-02
        12         2       -1.073984e+00
        13         2        9.208025e-01
        14         2       -9.506938e-01
        15         2        1.098313e+00
        16         2       -3.254836e-01
        17         2       -1.804813e-01
        18         2        1.287734e+00
        19         2       -2.106716e-02
        20         2        6.456569e-01
        21         2       -5.735089e-01
        22         2       -1.139064e-01
        23         2        2.703529e-01
        24         2        3.784851e-01
        25         2       -2.600393e+00
        26         2        1.398050e-02
        27         2        4.108451e-01
        28         2        3.650601e-01
        29         2       -7.728623e-01
        30         2       -7.504597e-01
        31         2        7.882773e-01
        32         2       -1.439924e-01
        33         2       -2.334225e+00
        34         2        2.512459e-01
        35         2        1.291148e-01
        36         2       -3.014351e-01
        37         2        1.290564e+00
        38         2       -1.714451e+00
        39         2        7.204579e-01
        40         2        6.192387e-03
        41         2       -2.887336e-01
        42         2       -4.694864e-01
        43         2        1.807180e-01
        44         2       -9.725880e-03
        45         2        4.162341e-01
        46         2       -4.137253e-01
        47         2        6.827129e-01
        48         2        1.934503e+00
        49         2       -2.477627e+00
        50         2       -1.828454e-01
        51         2        7.818039e-01
        52         2       -1.878192e+00
        53         2        2.675457e-01
        54         2        5.493630e-01
        55         2        3.604849e-01
        56         2        5.974001e-01
        57         2        7.062002e-02
        58         2        7.832947e-01
        59         2       -1.335328e-01
        60         2        8.950537e-01
        61         2       -1.035110e+00
        62         2       -1.038452e+00
        63         2       -8.546988e-03
        64         2       -4.128599e-02
        65         2       -1.687632e+00
        66         2        1.096903e+00
        67         2       -7.313480e-01
        68         2        1.112910e+00
        69         2        3.153767e-01
        70         2        6.983674e-01
        71         2       -1.446459e+00
        72         2       -1.713586e-01
        73         2        5.202182e-01
        74         2        2.621821e-01
        75         2       -1.982349e-01
        76         2        8.427041e-01
        77         2        1.232206e-01
        78         2        1.803843e+00
        79         2        1.156720e+00
        80         2        1.201679e+00
        81         2       -4.384694e-02
        82         2        1.387851e+00
        83         2        2.123548e+00
        84         2        2.068976e+00
        85         2       -1.387735e-02
        86         2       -1.351935e-01
        87         2       -1.270682e-01
        88         2        8.527501e-02
        89         2       -5.999584e-01
        90         2       -1.006145e+00
        91         2       -1.481670e+00
        92         2        1.444599e-01
        93         2        1.300918e+00
        94         2       -1.235860e+00
        95         2       -4.644206e-01
        96         2       -1.711176e-01
        97         2       -1.983246e-01
        98         2       -6.097980e-01
        99         2       -2.733639e-01
       100         2       -3.006085e-01
         1         3       -1.183956e+00
         2         3        4.003364e-01
         3         3       -3.480184e-02
         4         3       -7.036011e-01
         5         3       -1.030491e+00
         6         3       -7.401908e-01
         7         3       -4.457130e-01
         8         3       -1.045220e+00
         9         3       -1.572755e+00
        10         3        6.410352e-02
        11         3       -5.281754e-01
        12         3        2.314374e+00
        13         3        4.369450e-01
        14         3        3.089448e-01
        15         3        2.726386e+00
        16         3        1.190394e-02
        17         3       -8.592551e-01
        18         3       -7.368806e-03
        19         3       -2.269111e-01
        20         3       -1.106681e+00
        21         3        1.141791e+00
        22         3        4.035970e-01
        23         3       -5.322434e-01
        24         3        1.778949e+00
        25         3        3.039870e-01
        26         3        7.966767e-02
        27         3       -2.351443e-01
        28         3        1.210547e+00
        29         3        4.045854e-01
        30         3        5.393902e-01
        31         3       -1.045518e+00
        32         3        9.963698e-01
        33         3        3.735272e-01
        34         3       -1.732406e+00
        35         3       -8.377611e-02
        36         3       -2.656782e-01
        37         3       -1.399389e-01
        38         3        2.930091e+00
        39         3       -1.650899e+00
        40         3       -6.484909e-02
        41         3       -3.087080e-02
        42         3       -3.513804e-01
        43         3       -7.699023e-01
        44         3       -8.897057e-01
        45         3        5.189330e-02
        46         3       -1.007843e+00
        47         3       -1.982308e-01
        48         3       -6.693566e-01
        49         3       -1.082793e-01
        50         3       -3.837962e-01
        51         3       -2.068643e+00
        52         3        7.279731e-02
        53         3       -4.795443e-01
        54         3        7.792788e-02
        55         3        1.144065e+00
        56         3        3.647228e-01
        57         3        1.556587e-01
        58         3       -8.870707e-01
        59         3       -1.540210e+00
        60         3       -6.200469e-01
        61         3        6.308705e-01
        62         3       -5.614191e-01
        63         3       -9.133744e-01
        64         3        1.497686e+00
        65         3       -6.896158e-01
        66         3        4.599215e-02
        67         3        4.021655e-02
        68         3       -7.297707e-01
        69         3        7.507559e-01
        70         3       -5.838806e-01
        71         3       -5.870565e-02
        72         3       -1.226221e+00
        73         3       -1.382421e+00
        74         3        8.737983e-01
        75         3        1.259465e+00
        76         3       -1.766841e+00
        77         3       -2.904133e-01
        78         3        5.471745e-01
        79         3        6.392965e-01
        80         3       -5.077577e-01
        81         3        2.570111e+00
        82         3       -1.316172e+00
        83         3        1.055563e+00
        84         3       -1.546682e-01
        85         3       -7.221763e-01
        86         3       -2.235817e+00
        87         3        6.908346e-01
        88         3        1.067367e-01
        89         3       -1.618734e-01
        90         3        6.971900e-01
        91         3        2.341198e-01
        92         3        7.325738e-01
        93         3       -2.724007e-01
        94         3       -3.624705e-01
        95         3       -8.085361e-01
        96         3       -5.105940e-02
        97         3        5.039335e-01
        98         3       -3.874699e-01
        99         3        2.084495e-01
       100         3       -4.639827e-01
         1         4        7.897359e-01
         2         4       -4.990094e-02
         3         4       -1.345339e+00
         4         4       -2.709450e-01
         5         4       -6.990502e-01
         6         4        7.229707e-01
         7         4       -5.204715e-02
         8         4       -4.482976e-02
         9         4        4.658887e-01
        10         4        1.273846e+00
        11         4       -9.913553e-01
        12         4       -1.769175e+00
        13         4        1.324652e+00
        14         4        1.886608e+00
        15         4       -8.596663e-01
        16         4       -5.694546e-01
        17         4       -3.098300e-01
        18         4       -1.353445e+00
        19         4       -1.306092e+00
        20         4        2.034451e+00
        21         4        9.868195e-01
        22         4        2.950620e+00
        23         4       -3.786700e-01
        24         4       -6.040627e-01
        25         4        5.340219e-01
        26         4        1.038473e-01
        27         4       -7.793917e-01
        28         4       -3.442047e-01
        29         4        5.684891e-01
        30         4        2.452896e-01
        31         4        1.271759e+00
        32         4       -1.663345e+00
        33         4       -2.907325e-01
        34         4        3.058878e-01
        35         4       -5.019967e-01
        36         4        1.757588e+00
        37         4        1.367281e-01
        38         4        1.859674e+00
        39         4        2.721118e-01
        40         4       -2.053968e+00
        41         4        8.912072e-01
        42         4        9.431361e-01
        43         4        5.343969e-01
        44         4       -1.232629e+00
        45         4       -8.713767e-01
        46         4        5.645770e-01
        47         4        6.396406e-01
        48         4        6.680746e-01
        49         4       -6.023075e-01
        50         4        1.155529e-01
        51         4        4.475909e-01
        52         4        4.417779e-01
        53         4       -7.535068e-01
        54         4        7.956926e-01
        55         4       -1.667433e-01
        56         4        8.498720e-01
        57         4       -2.598342e-01
        58         4       -7.503892e-01
        59         4        2.063271e+00
        60         4       -5.779321e-01
        61         4       -1.246486e+00
        62         4       -1.644780e+00
        63         4       -1.111123e+00
        64         4        6.427295e-01
        65         4       -3.631072e-02
        66         4       -9.995535e-02
        67         4        5.045058e-02
        68         4        1.583751e+00
        69         4       -1.670945e-01
        70         4       -1.205097e+00
        71         4       -5.294937e-01
        72         4       -2.076939e+00
        73         4       -1.576865e+00
        74         4        1.136099e+00
        75         4        1.288548e+00
        76         4       -2.409996e-01
        77         4        1.162915e-01
        78         4       -6.091162e-02
        79         4        1.973023e+00
        80         4       -8.077410e-01
        81         4       -6.570740e-01
        82         4        1.666750e-02
        83         4        3.463450e-01
        84         4       -1.485077e-01
        85         4        1.019507e+00
        86         4       -5.001297e-01
        87         4       -4.419635e-02
        88         4       -1.278752e+00
        89         4       -6.623396e-01
        90         4        1.351373e+00
        91         4       -1.897101e+00
        92         4       -1.596874e+00
        93         4        3.316869e-01
        94         4       -7.238005e-01
        95         4       -9.748529e-01
        96         4       -8.657177e-01
        97         4       -4.596872e-01
        98         4        5.098322e-01
        99         4       -1.251201e-02
       100         4       -2.588835e-01
         1         5        8.739073e-01
         2         5       -3.610440e-01
         3         5       -7.128738e-01
         4         5        5.864209e-01
         5         5        3.967134e-01
         6         5       -2.025939e-01
         7         5        3.141295e-01
         8         5        5.449714e-01
         9         5       -2.715581e-01
        10         5       -4.057191e-01
        11         5        1.368665e-01
        12         5        2.043391e+00
        13         5       -1.302886e-01
        14         5       -2.519075e-02
        15         5        3.492470e-01
        16         5        8.728087e-01
        17         5        6.446234e-01
        18         5        1.235415e+00
        19         5       -9.345281e-01
        20         5       -1.621377e-01
        21         5        1.792494e+00
        22         5        2.069759e+00
        23         5        2.735408e-01
        24         5        1.486856e+00
        25         5       -1.479609e+00
        26         5        8.000518e-01
        27         5        8.040554e-01
        28         5        4.170427e-01
        29         5        9.465732e-01
        30         5       -3.330317e-01
        31         5        2.065945e-01
        32         5       -1.806778e-01
        33         5       -3.347613e-01
        34         5        6.050417e-02
        35         5        3.625736e-01
        36         5        8.392235e-01
        37         5       -1.322304e+00
        38         5        5.180704e-01
        39         5       -6.836205e-01
        40         5       -2.291359e+00
        41         5       -2.709055e+00
        42         5       -1.536773e+00
        43         5       -1.680358e+00
        44         5        4.070908e-01
        45         5        1.046238e+00
        46         5        1.586613e-01
        47         5        2.194443e+00
        48         5        1.797372e+00
        49         5        8.055135e-01
        50         5        3.260501e-01
        51         5        9.924002e-01
        52         5       -1.415726e+00
        53         5       -2.451594e-01
        54         5       -1.506998e+00
        55         5        1.134119e+00
        56         5       -1.331371e-01
        57         5        9.531020e-01
        58         5       -3.731130e-01
        59         5       -5.620828e-01
        60         5        9.649636e-01
        61         5       -1.678771e+00
        62         5       -1.144190e+00
        63         5       -3.634814e-01
        64         5        3.172764e-01
        65         5       -4.129707e-01
        66         5        1.382792e+00
        67         5       -4.604166e-01
        68         5       -5.388334e-01
        69         5        6.889534e-01
        70         5       -2.502562e+00
        71         5       -3.917438e-01
        72         5       -1.872154e-01
        73         5        2.910726e-01
        74         5        3.140855e-01
        75         5       -7.677135e-01
        76         5       -1.152921e+00
        77         5        7.554582e-01
        78         5        8.531106e-01
        79         5       -7.395853e-02
        80         5        1.964494e+00
        81         5        4.086260e-02
        82         5       -9.039598e-01
        83         5        7.092767e-01
        84         5        8.409820e-01
        85         5       -1.020935e+00
        86         5       -9.715009e-01
        87         5        1.120723e+00
        88         5       -5.835161e-01
        89         5       -8.598381e-01
        90         5        1.284580e+00
        91         5        2.034477e-02
        92         5       -2.160761e+00
        93         5       -1.558435e+00
        94         5       -1.440246e+00
        95         5       -2.162421e-01
        96         5        9.430369e-01
        97         5       -4.257956e-01
        98         5        1.017017e+00
        99         5        1.300910e+00
       100         5       -4.546937e-01
;
param X_Original:=
    1        4.014207e-01
    2       -1.039949e+00
    3        8.359313e-01
    4        4.368366e-01
    5       -5.380878e-01
    6       -7.481714e-01
    7        5.031367e-01
    8        1.101423e+00
    9       -1.689333e+00
   10       -1.401101e-01
   11        1.869936e-01
   12       -3.554928e+00
   13       -1.289352e+00
   14       -8.034832e-02
   15       -1.416196e+00
   16       -1.070534e+00
   17        3.536985e-01
   18        1.976589e+00
   19        1.083135e-01
   20        7.158274e-01
   21       -2.694999e+00
   22       -2.088947e+00
   23        6.136201e-01
   24        4.762580e-01
   25        1.897527e-01
   26        1.945993e+00
   27       -9.586463e-02
   28        7.677371e-01
   29       -1.318572e+00
   30        1.490109e+00
   31        1.117705e+00
   32        3.616994e-01
   33       -3.764842e-01
   34       -2.647524e-01
   35        6.542640e-01
   36        1.422256e+00
   37        5.494535e-01
   38       -1.096611e-01
   39       -4.925874e-01
   40        1.534152e-01
   41        7.925533e-01
   42       -1.818855e-01
   43        2.153315e+00
   44       -1.686611e-01
   45        4.434400e-01
   46       -5.586945e-01
   47        9.699787e-02
   48       -3.197352e-01
   49        9.184522e-01
   50       -4.872851e-01
   51        3.917816e+00
   52        6.128982e-01
   53       -1.425914e+00
   54       -1.305977e+00
   55       -8.863631e-01
   56       -1.084534e+00
   57       -4.549167e-01
   58        2.587024e+00
   59        5.595212e-01
   60        2.053704e+00
   61       -9.060020e-01
   62        1.516261e+00
   63        6.636178e-01
   64       -1.749066e+00
   65        1.009344e+00
   66        1.223054e+00
   67       -3.085733e-01
   68        1.290373e+00
   69       -1.908071e-02
   70        2.007135e+00
   71        3.395089e-01
   72        3.347229e-01
   73        2.254154e+00
   74       -1.897331e+00
   75       -2.026942e+00
   76        1.866327e+00
   77       -9.580895e-02
   78       -1.103174e-01
   79        5.437163e-01
   80       -5.425512e-01
   81        1.373150e-01
   82        1.354731e+00
   83       -1.951984e-01
   84        1.120981e+00
   85        3.298475e-01
   86       -1.498216e+00
   87       -1.309168e+00
   88        1.584450e+00
   89        1.442987e+00
   90       -4.012405e-01
   91       -1.513296e+00
   92        1.413515e+00
   93        9.338768e-01
   94       -6.459319e-01
   95        1.020089e+00
   96        2.577120e+00
   97        7.899572e-01
   98       -4.021689e-01
   99       -7.946578e-01
  100       -2.194892e-01
;
param outliervec_original :=
    1    0
    2    1
    3    1
    4    0
    5    1
    6    0
    7    1
    8    0
    9    1
   10    0
   11    1
   12    0
   13    1
   14    1
   15    1
   16    0
   17    1
   18    1
   19    1
   20    1
   21    0
   22    0
   23    1
   24    1
   25    1
   26    1
   27    1
   28    1
   29    1
   30    1
   31    0
   32    1
   33    1
   34    1
   35    1
   36    1
   37    1
   38    1
   39    1
   40    1
   41    0
   42    1
   43    0
   44    1
   45    1
   46    1
   47    0
   48    1
   49    1
   50    0
   51    0
   52    1
   53    1
   54    1
   55    0
   56    1
   57    1
   58    0
   59    0
   60    1
   61    1
   62    0
   63    1
   64    0
   65    1
   66    1
   67    1
   68    1
   69    1
   70    0
   71    1
   72    1
   73    0
   74    0
   75    1
   76    1
   77    0
   78    0
   79    1
   80    1
   81    1
   82    1
   83    1
   84    0
   85    1
   86    1
   87    1
   88    1
   89    0
   90    1
   91    1
   92    1
   93    1
   94    0
   95    1
   96    1
   97    1
   98    0
   99    0
  100    1
;
param d:= 79;
param r:=5;
param p:=0.700000;
param M:=1000;
param U:=
         1         1        1.752424e+00
         2         1       -3.710615e-01
         3         1       -4.610617e-01
         4         1        4.546618e-01
         5         1        7.154075e-01
         6         1        9.137136e-01
         7         1        3.933847e-01
         8         1       -2.176724e-01
         9         1        1.811486e+00
        10         1        6.625101e-01
        11         1        9.796627e-01
        12         1       -6.838452e-01
        13         1       -6.237153e-01
        14         1        1.574462e+00
        15         1       -1.049312e+00
        16         1       -6.449994e-01
        17         1       -8.902300e-01
        18         1        5.681485e-01
        19         1        2.577558e-01
        20         1       -1.389229e+00
        21         1       -6.512602e-01
        22         1        9.947250e-01
        23         1        1.318977e-01
        24         1       -5.803541e-01
        25         1       -2.733879e-01
        26         1       -8.683333e-01
        27         1       -4.755578e-02
        28         1        8.536382e-01
        29         1       -1.193994e+00
        30         1       -1.347062e-01
        31         1       -1.616878e+00
        32         1        7.294441e-01
        33         1        3.517155e-03
        34         1        8.748674e-01
        35         1       -2.244847e-01
        36         1        5.008101e-01
        37         1       -1.155562e+00
        38         1        1.310865e+00
        39         1       -2.032048e+00
        40         1        4.293308e-01
        41         1       -9.053085e-01
        42         1        1.982654e+00
        43         1        2.987908e-01
        44         1       -1.292002e+00
        45         1        1.195757e+00
        46         1        3.715346e-01
        47         1        3.088191e-02
        48         1       -7.712864e-01
        49         1        1.488620e+00
        50         1       -7.531392e-01
        51         1       -1.104050e+00
        52         1        9.369196e-02
        53         1       -1.615545e+00
        54         1       -1.262522e+00
        55         1       -2.149578e-01
        56         1        3.850582e-01
        57         1        3.843366e-01
        58         1        7.161215e-01
        59         1        2.027422e-01
        60         1       -6.705824e-01
        61         1        5.760859e-01
        62         1        8.156635e-02
        63         1       -1.245878e+00
        64         1        1.866825e+00
        65         1       -6.462780e-01
        66         1       -2.692018e-01
        67         1       -2.212528e-01
        68         1        1.770063e+00
        69         1        7.133509e-01
        70         1       -9.031962e-02
        71         1       -1.811342e+00
        72         1       -1.305657e-01
        73         1       -5.838752e-01
        74         1        1.083243e+00
        75         1        1.747322e+00
        76         1       -1.498545e+00
        77         1       -1.808611e+00
        78         1        4.817485e-01
        79         1        3.265807e-01
         1         2        9.038003e-01
         2         2        1.275269e-01
         3         2        1.161469e+00
         4         2       -4.317952e-01
         5         2       -2.461576e+00
         6         2       -3.169803e-01
         7         2        1.843153e-01
         8         2        4.317877e-01
         9         2       -3.454138e-02
        10         2       -1.073984e+00
        11         2        9.208025e-01
        12         2       -9.506938e-01
        13         2        1.098313e+00
        14         2       -3.254836e-01
        15         2        1.287734e+00
        16         2       -2.106716e-02
        17         2        6.456569e-01
        18         2       -5.735089e-01
        19         2       -1.139064e-01
        20         2        2.703529e-01
        21         2        4.108451e-01
        22         2       -7.728623e-01
        23         2        7.882773e-01
        24         2       -1.439924e-01
        25         2       -2.334225e+00
        26         2        1.291148e-01
        27         2        1.290564e+00
        28         2        6.192387e-03
        29         2       -2.887336e-01
        30         2       -4.694864e-01
        31         2        1.807180e-01
        32         2       -9.725880e-03
        33         2        4.162341e-01
        34         2       -4.137253e-01
        35         2        6.827129e-01
        36         2        1.934503e+00
        37         2       -2.477627e+00
        38         2       -1.828454e-01
        39         2        7.818039e-01
        40         2        5.493630e-01
        41         2        3.604849e-01
        42         2        5.974001e-01
        43         2        7.062002e-02
        44         2        7.832947e-01
        45         2       -1.335328e-01
        46         2        8.950537e-01
        47         2       -1.035110e+00
        48         2       -1.038452e+00
        49         2       -8.546988e-03
        50         2       -4.128599e-02
        51         2       -1.687632e+00
        52         2       -7.313480e-01
        53         2        1.112910e+00
        54         2        3.153767e-01
        55         2        6.983674e-01
        56         2       -1.446459e+00
        57         2        5.202182e-01
        58         2        2.621821e-01
        59         2       -1.982349e-01
        60         2        8.427041e-01
        61         2        1.232206e-01
        62         2        1.803843e+00
        63         2        1.156720e+00
        64         2        1.201679e+00
        65         2        1.387851e+00
        66         2        2.123548e+00
        67         2        2.068976e+00
        68         2       -1.387735e-02
        69         2       -1.270682e-01
        70         2        8.527501e-02
        71         2       -5.999584e-01
        72         2       -1.006145e+00
        73         2        1.444599e-01
        74         2        1.300918e+00
        75         2       -1.235860e+00
        76         2       -4.644206e-01
        77         2       -1.983246e-01
        78         2       -6.097980e-01
        79         2       -2.733639e-01
         1         3       -1.183956e+00
         2         3        4.003364e-01
         3         3       -3.480184e-02
         4         3       -7.036011e-01
         5         3       -7.401908e-01
         6         3       -4.457130e-01
         7         3       -1.045220e+00
         8         3        6.410352e-02
         9         3       -5.281754e-01
        10         3        2.314374e+00
        11         3        4.369450e-01
        12         3        3.089448e-01
        13         3        2.726386e+00
        14         3        1.190394e-02
        15         3       -7.368806e-03
        16         3       -2.269111e-01
        17         3       -1.106681e+00
        18         3        1.141791e+00
        19         3        4.035970e-01
        20         3       -5.322434e-01
        21         3       -2.351443e-01
        22         3        4.045854e-01
        23         3       -1.045518e+00
        24         3        9.963698e-01
        25         3        3.735272e-01
        26         3       -8.377611e-02
        27         3       -1.399389e-01
        28         3       -6.484909e-02
        29         3       -3.087080e-02
        30         3       -3.513804e-01
        31         3       -7.699023e-01
        32         3       -8.897057e-01
        33         3        5.189330e-02
        34         3       -1.007843e+00
        35         3       -1.982308e-01
        36         3       -6.693566e-01
        37         3       -1.082793e-01
        38         3       -3.837962e-01
        39         3       -2.068643e+00
        40         3        7.792788e-02
        41         3        1.144065e+00
        42         3        3.647228e-01
        43         3        1.556587e-01
        44         3       -8.870707e-01
        45         3       -1.540210e+00
        46         3       -6.200469e-01
        47         3        6.308705e-01
        48         3       -5.614191e-01
        49         3       -9.133744e-01
        50         3        1.497686e+00
        51         3       -6.896158e-01
        52         3        4.021655e-02
        53         3       -7.297707e-01
        54         3        7.507559e-01
        55         3       -5.838806e-01
        56         3       -5.870565e-02
        57         3       -1.382421e+00
        58         3        8.737983e-01
        59         3        1.259465e+00
        60         3       -1.766841e+00
        61         3       -2.904133e-01
        62         3        5.471745e-01
        63         3        6.392965e-01
        64         3       -5.077577e-01
        65         3       -1.316172e+00
        66         3        1.055563e+00
        67         3       -1.546682e-01
        68         3       -7.221763e-01
        69         3        6.908346e-01
        70         3        1.067367e-01
        71         3       -1.618734e-01
        72         3        6.971900e-01
        73         3        7.325738e-01
        74         3       -2.724007e-01
        75         3       -3.624705e-01
        76         3       -8.085361e-01
        77         3        5.039335e-01
        78         3       -3.874699e-01
        79         3        2.084495e-01
         1         4        7.897359e-01
         2         4       -4.990094e-02
         3         4       -1.345339e+00
         4         4       -2.709450e-01
         5         4        7.229707e-01
         6         4       -5.204715e-02
         7         4       -4.482976e-02
         8         4        1.273846e+00
         9         4       -9.913553e-01
        10         4       -1.769175e+00
        11         4        1.324652e+00
        12         4        1.886608e+00
        13         4       -8.596663e-01
        14         4       -5.694546e-01
        15         4       -1.353445e+00
        16         4       -1.306092e+00
        17         4        2.034451e+00
        18         4        9.868195e-01
        19         4        2.950620e+00
        20         4       -3.786700e-01
        21         4       -7.793917e-01
        22         4        5.684891e-01
        23         4        1.271759e+00
        24         4       -1.663345e+00
        25         4       -2.907325e-01
        26         4       -5.019967e-01
        27         4        1.367281e-01
        28         4       -2.053968e+00
        29         4        8.912072e-01
        30         4        9.431361e-01
        31         4        5.343969e-01
        32         4       -1.232629e+00
        33         4       -8.713767e-01
        34         4        5.645770e-01
        35         4        6.396406e-01
        36         4        6.680746e-01
        37         4       -6.023075e-01
        38         4        1.155529e-01
        39         4        4.475909e-01
        40         4        7.956926e-01
        41         4       -1.667433e-01
        42         4        8.498720e-01
        43         4       -2.598342e-01
        44         4       -7.503892e-01
        45         4        2.063271e+00
        46         4       -5.779321e-01
        47         4       -1.246486e+00
        48         4       -1.644780e+00
        49         4       -1.111123e+00
        50         4        6.427295e-01
        51         4       -3.631072e-02
        52         4        5.045058e-02
        53         4        1.583751e+00
        54         4       -1.670945e-01
        55         4       -1.205097e+00
        56         4       -5.294937e-01
        57         4       -1.576865e+00
        58         4        1.136099e+00
        59         4        1.288548e+00
        60         4       -2.409996e-01
        61         4        1.162915e-01
        62         4       -6.091162e-02
        63         4        1.973023e+00
        64         4       -8.077410e-01
        65         4        1.666750e-02
        66         4        3.463450e-01
        67         4       -1.485077e-01
        68         4        1.019507e+00
        69         4       -4.419635e-02
        70         4       -1.278752e+00
        71         4       -6.623396e-01
        72         4        1.351373e+00
        73         4       -1.596874e+00
        74         4        3.316869e-01
        75         4       -7.238005e-01
        76         4       -9.748529e-01
        77         4       -4.596872e-01
        78         4        5.098322e-01
        79         4       -1.251201e-02
         1         5        8.739073e-01
         2         5       -3.610440e-01
         3         5       -7.128738e-01
         4         5        5.864209e-01
         5         5       -2.025939e-01
         6         5        3.141295e-01
         7         5        5.449714e-01
         8         5       -4.057191e-01
         9         5        1.368665e-01
        10         5        2.043391e+00
        11         5       -1.302886e-01
        12         5       -2.519075e-02
        13         5        3.492470e-01
        14         5        8.728087e-01
        15         5        1.235415e+00
        16         5       -9.345281e-01
        17         5       -1.621377e-01
        18         5        1.792494e+00
        19         5        2.069759e+00
        20         5        2.735408e-01
        21         5        8.040554e-01
        22         5        9.465732e-01
        23         5        2.065945e-01
        24         5       -1.806778e-01
        25         5       -3.347613e-01
        26         5        3.625736e-01
        27         5       -1.322304e+00
        28         5       -2.291359e+00
        29         5       -2.709055e+00
        30         5       -1.536773e+00
        31         5       -1.680358e+00
        32         5        4.070908e-01
        33         5        1.046238e+00
        34         5        1.586613e-01
        35         5        2.194443e+00
        36         5        1.797372e+00
        37         5        8.055135e-01
        38         5        3.260501e-01
        39         5        9.924002e-01
        40         5       -1.506998e+00
        41         5        1.134119e+00
        42         5       -1.331371e-01
        43         5        9.531020e-01
        44         5       -3.731130e-01
        45         5       -5.620828e-01
        46         5        9.649636e-01
        47         5       -1.678771e+00
        48         5       -1.144190e+00
        49         5       -3.634814e-01
        50         5        3.172764e-01
        51         5       -4.129707e-01
        52         5       -4.604166e-01
        53         5       -5.388334e-01
        54         5        6.889534e-01
        55         5       -2.502562e+00
        56         5       -3.917438e-01
        57         5        2.910726e-01
        58         5        3.140855e-01
        59         5       -7.677135e-01
        60         5       -1.152921e+00
        61         5        7.554582e-01
        62         5        8.531106e-01
        63         5       -7.395853e-02
        64         5        1.964494e+00
        65         5       -9.039598e-01
        66         5        7.092767e-01
        67         5        8.409820e-01
        68         5       -1.020935e+00
        69         5        1.120723e+00
        70         5       -5.835161e-01
        71         5       -8.598381e-01
        72         5        1.284580e+00
        73         5       -2.160761e+00
        74         5       -1.558435e+00
        75         5       -1.440246e+00
        76         5       -2.162421e-01
        77         5       -4.257956e-01
        78         5        1.017017e+00
        79         5        1.300910e+00
;

param theta:=
    1       -6.167673e-01
    2        4.221977e-01
    3       -1.282672e+00
    4       -3.465290e-01
    5       -1.651024e-01
;
param X_true:=
    1        4.014207e-01
    2       -1.538986e-01
    3        1.403273e+00
    4        4.368366e-01
    5       -7.481714e-01
    6       -1.595013e-01
    7        1.101423e+00
    8       -1.401101e-01
    9       -1.334368e-01
   10       -3.554928e+00
   11       -1.213440e+00
   12       -1.025488e+00
   13       -2.408428e+00
   14       -1.070534e+00
   15        1.465350e+00
   16        1.286864e+00
   17        1.562941e+00
   18       -2.694999e+00
   19       -2.088947e+00
   20        1.739725e+00
   21        1.014077e+00
   22       -1.812044e+00
   23        1.117705e+00
   24       -3.746374e-01
   25       -1.139983e+00
   26        8.116235e-01
   27        9.246348e-01
   28        6.493668e-01
   29        7.925533e-01
   30        2.624728e-01
   31        2.153315e+00
   32        1.047127e+00
   33        2.362227e-01
   34        3.566307e-01
   35        9.699787e-02
   36        8.381664e-01
   37       -1.187237e-01
   38       -4.872851e-01
   39        3.917816e+00
   40       -1.597350e-01
   41       -8.863631e-01
   42       -1.710959e+00
   43       -4.214471e-01
   44        2.587024e+00
   45        5.595212e-01
   46        9.850082e-01
   47       -5.561548e-01
   48        1.516261e+00
   49        6.948668e-01
   50       -1.749066e+00
   51        9.337431e-01
   52       -3.596109e-01
   53        1.942487e+00
   54       -1.069845e-01
   55        2.007135e+00
   56       -5.247200e-01
   57        2.254154e+00
   58       -1.897331e+00
   59       -2.143988e+00
   60        3.309522e+00
   61       -9.580895e-02
   62       -1.103174e-01
   63       -2.347253e-01
   64       -3.720123e-02
   65        2.816238e+00
   66       -5.284706e-01
   67        1.120981e+00
   68       -3.559909e-01
   69       -1.549452e+00
   70        4.942655e-01
   71        1.442987e+00
   72       -1.918907e+00
   73        3.915643e-01
   74        3.728989e-01
   75       -6.459319e-01
   76        2.138780e+00
   77        6.149733e-01
   78       -4.021689e-01
   79       -7.946578e-01
;
param X:=
    1        4.014207e-01
    2       -1.039949e+00
    3        8.359313e-01
    4        4.368366e-01
    5       -7.481714e-01
    6        5.031367e-01
    7        1.101423e+00
    8       -1.401101e-01
    9        1.869936e-01
   10       -3.554928e+00
   11       -1.289352e+00
   12       -8.034832e-02
   13       -1.416196e+00
   14       -1.070534e+00
   15        1.976589e+00
   16        1.083135e-01
   17        7.158274e-01
   18       -2.694999e+00
   19       -2.088947e+00
   20        6.136201e-01
   21       -9.586463e-02
   22       -1.318572e+00
   23        1.117705e+00
   24        3.616994e-01
   25       -3.764842e-01
   26        6.542640e-01
   27        5.494535e-01
   28        1.534152e-01
   29        7.925533e-01
   30       -1.818855e-01
   31        2.153315e+00
   32       -1.686611e-01
   33        4.434400e-01
   34       -5.586945e-01
   35        9.699787e-02
   36       -3.197352e-01
   37        9.184522e-01
   38       -4.872851e-01
   39        3.917816e+00
   40       -1.305977e+00
   41       -8.863631e-01
   42       -1.084534e+00
   43       -4.549167e-01
   44        2.587024e+00
   45        5.595212e-01
   46        2.053704e+00
   47       -9.060020e-01
   48        1.516261e+00
   49        6.636178e-01
   50       -1.749066e+00
   51        1.009344e+00
   52       -3.085733e-01
   53        1.290373e+00
   54       -1.908071e-02
   55        2.007135e+00
   56        3.395089e-01
   57        2.254154e+00
   58       -1.897331e+00
   59       -2.026942e+00
   60        1.866327e+00
   61       -9.580895e-02
   62       -1.103174e-01
   63        5.437163e-01
   64       -5.425512e-01
   65        1.354731e+00
   66       -1.951984e-01
   67        1.120981e+00
   68        3.298475e-01
   69       -1.309168e+00
   70        1.584450e+00
   71        1.442987e+00
   72       -4.012405e-01
   73        1.413515e+00
   74        9.338768e-01
   75       -6.459319e-01
   76        1.020089e+00
   77        7.899572e-01
   78       -4.021689e-01
   79       -7.946578e-01
;
param outliervec:=
    1    0
    2    1
    3    1
    4    0
    5    0
    6    1
    7    0
    8    0
    9    1
   10    0
   11    1
   12    1
   13    1
   14    0
   15    1
   16    1
   17    1
   18    0
   19    0
   20    1
   21    1
   22    1
   23    0
   24    1
   25    1
   26    1
   27    1
   28    1
   29    0
   30    1
   31    0
   32    1
   33    1
   34    1
   35    0
   36    1
   37    1
   38    0
   39    0
   40    1
   41    0
   42    1
   43    1
   44    0
   45    0
   46    1
   47    1
   48    0
   49    1
   50    0
   51    1
   52    1
   53    1
   54    1
   55    0
   56    1
   57    0
   58    0
   59    1
   60    1
   61    0
   62    0
   63    1
   64    1
   65    1
   66    1
   67    0
   68    1
   69    1
   70    1
   71    0
   72    1
   73    1
   74    1
   75    0
   76    1
   77    1
   78    0
   79    0
;