data;


param FN:= 0;
param D:= 100;
param U_Original:=
         1         1       -3.874164e-01
         2         1       -7.431739e-02
         3         1        5.087086e-01
         4         1       -7.657315e-01
         5         1       -1.948302e-01
         6         1       -6.715370e-01
         7         1        1.084086e+00
         8         1        9.901169e-01
         9         1        7.761390e-01
        10         1       -9.322685e-01
        11         1       -3.059786e-01
        12         1        9.161072e-01
        13         1        6.835038e-01
        14         1        9.185967e-01
        15         1       -4.660282e-01
        16         1        1.266721e+00
        17         1        7.803185e-01
        18         1       -1.049173e+00
        19         1        1.510913e-01
        20         1       -1.821826e-02
        21         1       -7.573091e-01
        22         1       -8.420213e-01
        23         1        1.486905e+00
        24         1        2.152726e+00
        25         1       -1.088317e+00
        26         1       -9.252428e-01
        27         1       -4.091331e-01
        28         1       -7.699482e-02
        29         1        1.085507e-02
        30         1        2.597984e+00
        31         1       -5.240601e-01
        32         1       -1.811858e+00
        33         1        7.342643e-01
        34         1        1.885625e+00
        35         1        3.756274e-01
        36         1       -1.436659e-02
        37         1       -2.795785e-01
        38         1       -9.787319e-01
        39         1        1.311400e+00
        40         1       -6.809898e-01
        41         1       -2.352985e-02
        42         1       -4.043074e-01
        43         1       -9.842242e-01
        44         1        1.419302e+00
        45         1        1.167929e+00
        46         1        3.343560e-01
        47         1        5.648741e-01
        48         1        1.468598e+00
        49         1        6.095723e-01
        50         1       -2.469779e-01
        51         1       -2.224325e+00
        52         1       -1.054688e+00
        53         1        1.449531e+00
        54         1        3.597202e-01
        55         1        1.084062e+00
        56         1        8.344617e-01
        57         1       -4.120435e-01
        58         1        9.670560e-01
        59         1        2.648356e-01
        60         1       -2.101456e+00
        61         1        1.917371e-01
        62         1        9.987926e-02
        63         1        2.910505e+00
        64         1       -4.367228e-01
        65         1       -6.346426e-01
        66         1        3.982995e-01
        67         1       -1.170248e+00
        68         1       -5.372397e-01
        69         1        3.163595e-01
        70         1       -2.059872e+00
        71         1        1.020747e+00
        72         1        2.464554e-01
        73         1       -6.444027e-01
        74         1       -4.310798e-01
        75         1        1.612464e+00
        76         1        7.094446e-01
        77         1        1.032024e+00
        78         1        1.173451e+00
        79         1        1.174868e+00
        80         1       -3.942009e-02
        81         1       -5.529541e-01
        82         1       -5.600834e-01
        83         1        5.948009e-01
        84         1        3.954175e-01
        85         1       -8.190857e-01
        86         1       -7.712884e-02
        87         1       -2.180069e+00
        88         1        1.540964e+00
        89         1       -2.311659e+00
        90         1        2.218676e+00
        91         1       -1.789928e+00
        92         1       -1.252928e-01
        93         1        3.933778e-01
        94         1       -3.666352e-01
        95         1        2.625755e-01
        96         1       -7.867598e-01
        97         1        5.366021e-01
        98         1       -1.333389e+00
        99         1        4.184505e-01
       100         1       -1.171808e+00
         1         2       -4.915287e-02
         2         2        4.278004e-01
         3         2        1.193328e-02
         4         2        1.277899e+00
         5         2        7.500264e-01
         6         2        1.032053e+00
         7         2        9.372547e-01
         8         2       -2.365707e+00
         9         2       -4.235466e-01
        10         2        1.121936e-01
        11         2        1.331949e+00
        12         2       -4.105226e-01
        13         2        2.589009e-01
        14         2       -1.529241e+00
        15         2        1.387121e-02
        16         2        1.620088e+00
        17         2        9.783388e-01
        18         2        1.363484e+00
        19         2       -8.301884e-01
        20         2       -5.545806e-01
        21         2       -9.498192e-01
        22         2        6.315862e-02
        23         2        5.125214e-01
        24         2       -1.131526e+00
        25         2        1.049533e+00
        26         2       -1.597400e-01
        27         2        8.591311e-02
        28         2        1.013061e+00
        29         2       -1.384108e+00
        30         2        6.584138e-01
        31         2       -4.122900e-01
        32         2        1.423081e+00
        33         2        1.202008e+00
        34         2       -4.694132e-01
        35         2       -3.599337e-01
        36         2       -5.370491e-01
        37         2        8.110951e-01
        38         2       -4.680356e-01
        39         2       -1.679601e+00
        40         2       -3.096146e-01
        41         2        5.203133e-01
        42         2       -3.179179e-01
        43         2        1.095670e+00
        44         2        3.014502e-01
        45         2        3.208870e-01
        46         2       -6.867270e-01
        47         2       -4.718622e-02
        48         2        6.939480e-01
        49         2       -1.480561e+00
        50         2        1.927598e-01
        51         2        2.164380e-01
        52         2       -4.943439e-01
        53         2       -7.117179e-01
        54         2        1.583733e+00
        55         2        1.518915e-01
        56         2        3.232246e-01
        57         2       -2.765111e-01
        58         2        2.078272e+00
        59         2        1.755219e-01
        60         2        1.887157e+00
        61         2        7.089872e-02
        62         2       -5.094166e-02
        63         2       -7.633893e-01
        64         2       -6.154832e-01
        65         2        6.702321e-01
        66         2       -2.917590e-01
        67         2       -6.293571e-01
        68         2        5.254360e-01
        69         2        8.531931e-02
        70         2       -1.996037e+00
        71         2        6.665181e-01
        72         2        5.674101e-01
        73         2        1.148548e+00
        74         2        8.067621e-01
        75         2       -2.252694e-01
        76         2        5.946524e-02
        77         2        8.123195e-01
        78         2        7.667204e-01
        79         2       -1.449599e-01
        80         2       -4.803539e-02
        81         2        4.511210e-01
        82         2        5.237030e-02
        83         2        1.084303e+00
        84         2        4.821808e-01
        85         2        1.749408e+00
        86         2       -3.626930e-01
        87         2       -4.024373e-02
        88         2        1.076496e-01
        89         2       -6.051151e-01
        90         2       -6.664923e-01
        91         2        8.291609e-01
        92         2        1.450965e+00
        93         2        1.214675e+00
        94         2        4.507852e-01
        95         2       -4.564286e-01
        96         2       -1.297049e+00
        97         2       -1.151459e+00
        98         2       -1.558597e+00
        99         2        4.582617e-01
       100         2        2.086790e+00
         1         3       -3.918810e-01
         2         3        1.733981e-01
         3         3        5.635085e-01
         4         3       -2.624558e-01
         5         3        2.024447e-01
         6         3       -2.070148e+00
         7         3        1.444869e+00
         8         3       -1.044667e+00
         9         3       -6.558836e-01
        10         3        5.247463e-01
        11         3       -2.898045e-01
        12         3       -1.213908e+00
        13         3        2.081506e-01
        14         3        2.684000e-02
        15         3       -7.106650e-01
        16         3       -2.119152e+00
        17         3       -1.769442e-01
        18         3        3.602579e-01
        19         3        1.199701e+00
        20         3       -2.838038e-01
        21         3        4.271321e-01
        22         3       -9.747840e-01
        23         3        4.457447e-01
        24         3       -1.463047e+00
        25         3       -4.954781e-01
        26         3        8.221260e-01
        27         3       -9.438355e-01
        28         3        8.077013e-01
        29         3        6.160224e-01
        30         3       -6.097995e-01
        31         3       -1.217301e-01
        32         3       -1.280134e+00
        33         3       -1.929561e+00
        34         3        7.525162e-01
        35         3        9.843699e-01
        36         3       -1.352593e+00
        37         3        3.070169e-01
        38         3        1.446767e+00
        39         3       -7.116800e-01
        40         3       -7.831737e-01
        41         3       -2.531251e-01
        42         3       -8.885014e-01
        43         3        2.440323e-01
        44         3        2.068283e+00
        45         3        1.389091e+00
        46         3       -7.779541e-01
        47         3        1.079659e+00
        48         3        1.573946e-01
        49         3       -7.124443e-01
        50         3        2.004743e-01
        51         3       -5.321267e-01
        52         3        1.380122e+00
        53         3       -5.415100e-01
        54         3        2.181601e-01
        55         3       -1.167668e+00
        56         3       -1.414990e+00
        57         3       -5.229014e-01
        58         3       -2.392000e-01
        59         3        8.271321e-01
        60         3        5.679470e-01
        61         3        1.889258e-01
        62         3       -1.258578e+00
        63         3       -9.399444e-01
        64         3        5.527800e-01
        65         3        1.074407e+00
        66         3       -1.566021e+00
        67         3       -9.840322e-01
        68         3        4.955076e-01
        69         3        9.200393e-01
        70         3       -3.927857e-01
        71         3       -2.098384e+00
        72         3        5.296990e-01
        73         3        1.680862e-01
        74         3       -9.103911e-01
        75         3       -3.508891e-01
        76         3       -2.326327e-01
        77         3       -3.308972e-01
        78         3       -1.308930e+00
        79         3       -4.846572e-02
        80         3        1.792872e-01
        81         3        4.043097e-01
        82         3       -5.198257e-01
        83         3        4.732671e-01
        84         3       -9.714005e-01
        85         3       -9.715438e-01
        86         3        7.268160e-01
        87         3        4.346801e-01
        88         3        4.031847e-01
        89         3        2.485909e-01
        90         3       -7.846260e-01
        91         3        7.635863e-01
        92         3       -1.091493e+00
        93         3        1.212503e+00
        94         3        2.660427e-01
        95         3        1.377349e-01
        96         3        1.284229e+00
        97         3       -9.217029e-01
        98         3        1.345302e+00
        99         3        1.162808e-02
       100         3        6.060143e-01
         1         4        8.512379e-01
         2         4        2.346259e-01
         3         4        3.860309e-01
         4         4        8.811343e-01
         5         4       -1.968899e+00
         6         4       -5.133191e-01
         7         4        2.657428e-01
         8         4        2.294948e+00
         9         4       -1.232228e+00
        10         4       -1.414804e+00
        11         4       -1.713323e+00
        12         4       -1.437306e+00
        13         4        6.022162e-02
        14         4        9.004422e-01
        15         4       -4.496894e-01
        16         4        3.267409e+00
        17         4       -5.217677e-01
        18         4        1.488055e+00
        19         4        4.407913e-01
        20         4       -2.300695e-01
        21         4       -6.576060e-01
        22         4       -4.377960e-01
        23         4       -8.353154e-01
        24         4       -9.098175e-01
        25         4        1.875172e+00
        26         4       -3.195804e-01
        27         4        4.768001e-01
        28         4       -1.870285e-01
        29         4       -2.015983e-01
        30         4       -1.891252e+00
        31         4        3.569091e-01
        32         4       -9.534580e-01
        33         4       -5.439471e-01
        34         4       -1.615155e+00
        35         4        1.178173e+00
        36         4       -9.284100e-01
        37         4        1.523534e+00
        38         4       -6.441138e-01
        39         4       -2.458044e+00
        40         4       -1.682855e+00
        41         4       -1.579633e+00
        42         4        2.041186e-01
        43         4        1.369170e+00
        44         4       -5.163663e-01
        45         4        2.099087e-01
        46         4       -6.762506e-01
        47         4       -1.175116e+00
        48         4       -2.801809e+00
        49         4       -8.067860e-01
        50         4       -1.258015e+00
        51         4       -4.416208e-01
        52         4       -7.561925e-01
        53         4        1.109611e+00
        54         4       -4.303463e-01
        55         4        1.216984e+00
        56         4        8.648346e-01
        57         4        5.614390e-01
        58         4       -6.633087e-01
        59         4        1.628044e+00
        60         4        1.275290e+00
        61         4       -2.585037e-01
        62         4        6.384655e-02
        63         4       -5.761209e-01
        64         4        1.004100e+00
        65         4       -8.870397e-02
        66         4        4.643558e-02
        67         4        2.725533e-01
        68         4       -2.660551e-01
        69         4        6.868411e-01
        70         4        7.295031e-01
        71         4        4.396011e-02
        72         4        1.330700e+00
        73         4        1.326134e+00
        74         4       -5.860467e-01
        75         4       -1.441483e+00
        76         4       -3.938053e-01
        77         4       -8.587502e-01
        78         4       -1.152277e+00
        79         4        1.142208e+00
        80         4        5.741277e-01
        81         4       -7.225412e-01
        82         4       -3.519348e-01
        83         4       -1.067101e-01
        84         4        2.645454e-01
        85         4        3.526835e-01
        86         4       -3.082864e-01
        87         4        8.888321e-01
        88         4       -1.495375e+00
        89         4       -4.291058e-01
        90         4        1.120504e+00
        91         4       -4.969125e-01
        92         4       -2.357347e+00
        93         4        1.968214e+00
        94         4        2.921633e-01
        95         4       -1.347411e+00
        96         4        6.501168e-01
        97         4        2.058633e+00
        98         4       -3.006023e-01
        99         4       -5.735392e-01
       100         4       -8.054743e-02
         1         5       -6.492889e-01
         2         5       -5.697781e-01
         3         5        6.686106e-01
         4         5        1.585052e+00
         5         5        1.105829e+00
         6         5       -7.150321e-01
         7         5        3.347951e-02
         8         5        9.381144e-01
         9         5       -4.605093e-01
        10         5       -4.252105e-01
        11         5       -1.375145e+00
        12         5        2.110462e-01
        13         5        1.045881e+00
        14         5        9.731235e-01
        15         5       -1.558248e+00
        16         5       -1.450198e+00
        17         5        1.258783e+00
        18         5        1.320259e+00
        19         5       -1.579564e+00
        20         5       -1.839063e+00
        21         5       -9.633747e-01
        22         5       -8.104975e-01
        23         5        1.462394e+00
        24         5        2.429149e+00
        25         5       -1.741016e-01
        26         5       -8.042936e-01
        27         5        1.969992e+00
        28         5        1.437854e+00
        29         5       -1.993972e-01
        30         5       -1.410557e+00
        31         5       -3.090993e-01
        32         5        8.537176e-01
        33         5       -2.267307e-02
        34         5        4.023817e-01
        35         5       -1.527261e+00
        36         5        3.762899e-02
        37         5        1.167021e-01
        38         5        4.686558e-01
        39         5       -1.463837e+00
        40         5        1.541520e+00
        41         5       -1.379414e+00
        42         5        2.905923e-01
        43         5       -6.268849e-01
        44         5        4.159471e-01
        45         5        1.700193e-02
        46         5        2.116676e+00
        47         5       -2.237189e+00
        48         5       -3.178255e-01
        49         5       -1.113630e+00
        50         5       -7.501958e-01
        51         5        6.327354e-01
        52         5       -1.216799e+00
        53         5       -1.251473e+00
        54         5        9.424883e-01
        55         5       -1.421808e+00
        56         5        9.453246e-02
        57         5        2.549613e-02
        58         5        5.275154e-01
        59         5        1.241913e+00
        60         5       -1.337814e+00
        61         5        8.878023e-01
        62         5        1.051996e-01
        63         5        2.522537e+00
        64         5        1.658291e+00
        65         5       -1.648219e+00
        66         5       -7.309175e-01
        67         5       -1.010011e+00
        68         5       -3.457562e-02
        69         5        1.237359e+00
        70         5       -1.280670e+00
        71         5        2.143737e-01
        72         5        1.397844e+00
        73         5       -1.371322e-01
        74         5       -4.516700e-01
        75         5       -2.544217e-01
        76         5        2.696100e+00
        77         5        1.584222e-01
        78         5       -5.303730e-01
        79         5       -3.335314e-01
        80         5        3.757769e-01
        81         5       -2.375730e+00
        82         5        9.572697e-01
        83         5        1.514580e+00
        84         5        6.869185e-01
        85         5       -9.557148e-01
        86         5       -7.152565e-01
        87         5       -1.349800e-01
        88         5       -1.460591e+00
        89         5        1.993954e-01
        90         5        7.258981e-02
        91         5       -7.361049e-02
        92         5        8.021570e-01
        93         5       -9.500180e-01
        94         5        4.136907e-01
        95         5        1.266694e+00
        96         5       -6.299853e-01
        97         5        5.931431e-01
        98         5       -2.109758e+00
        99         5       -5.728403e-01
       100         5       -2.185616e-01
;
param X_Original:=
    1       -4.136753e-02
    2       -4.180523e-02
    3        2.684936e+00
    4       -4.155827e+00
    5        1.998466e+00
    6       -4.705489e-01
    7       -2.636276e-01
    8        3.510520e-01
    9        2.995582e-01
   10        8.189328e-01
   11        3.305835e-01
   12        4.980016e-01
   13        1.579633e-01
   14       -1.119324e+00
   15        6.609342e-02
   16       -4.555902e+00
   17        7.164409e-01
   18       -3.494753e+00
   19       -1.762474e-01
   20        3.380878e-01
   21       -3.855494e-01
   22        2.424541e+00
   23        6.246880e-01
   24       -1.615163e+00
   25       -1.414780e-01
   26        1.708227e+00
   27       -4.068484e+00
   28       -5.274540e-01
   29       -3.971846e-01
   30       -7.858074e-01
   31        8.038625e-01
   32        2.665311e-01
   33       -1.565664e+00
   34       -1.020139e-01
   35        3.043471e+00
   36       -1.349203e+00
   37        7.732569e-01
   38       -5.421831e-01
   39       -1.671132e+00
   40       -1.974598e-01
   41        1.202364e+00
   42       -1.503842e+00
   43       -1.564103e+00
   44       -5.093644e-02
   45       -1.391078e+00
   46       -1.979347e+00
   47        5.022032e+00
   48        8.872060e-02
   49        2.083247e+00
   50       -1.347992e+00
   51       -3.225948e+00
   52        6.090394e-01
   53        8.110164e-01
   54       -1.400745e+00
   55       -6.368352e-01
   56        4.023932e-01
   57       -1.304566e+00
   58       -3.786100e-01
   59       -6.283000e-01
   60       -1.933665e+00
   61       -7.280323e-01
   62        9.191257e-03
   63       -7.063634e-01
   64       -6.816035e-01
   65        2.256610e+00
   66       -1.444637e+00
   67       -4.181980e-01
   68        6.953081e-01
   69        2.410938e-01
   70        1.509693e+00
   71       -4.984072e-01
   72        3.599225e-01
   73       -1.887949e+00
   74       -1.898246e+00
   75        2.082058e+00
   76       -9.541465e-01
   77        9.881174e-01
   78       -4.441487e-01
   79        6.656907e-01
   80       -4.349411e-01
   81       -1.673880e+00
   82        6.736350e-01
   83       -6.257100e-01
   84       -2.546897e+00
   85        2.354485e+00
   86        1.180172e+00
   87       -2.227205e-01
   88       -5.752347e-02
   89        1.005916e+00
   90       -2.944764e-01
   91        2.711122e-01
   92        1.926809e+00
   93        1.050270e+00
   94       -7.668057e-01
   95        4.577806e-01
   96        2.949331e+00
   97       -1.769363e+00
   98       -4.497293e-01
   99        1.973772e-01
  100        3.682551e-01
;
param outliervec_original :=
    1    1
    2    1
    3    1
    4    0
    5    1
    6    1
    7    1
    8    1
    9    1
   10    1
   11    1
   12    1
   13    1
   14    1
   15    0
   16    0
   17    1
   18    0
   19    1
   20    1
   21    1
   22    1
   23    0
   24    1
   25    1
   26    0
   27    0
   28    1
   29    1
   30    1
   31    1
   32    1
   33    1
   34    1
   35    0
   36    0
   37    1
   38    1
   39    1
   40    1
   41    0
   42    1
   43    0
   44    1
   45    1
   46    0
   47    0
   48    1
   49    0
   50    1
   51    0
   52    1
   53    1
   54    0
   55    0
   56    1
   57    0
   58    1
   59    1
   60    0
   61    1
   62    1
   63    1
   64    1
   65    0
   66    0
   67    1
   68    1
   69    0
   70    1
   71    1
   72    1
   73    0
   74    0
   75    1
   76    1
   77    1
   78    1
   79    0
   80    1
   81    1
   82    1
   83    1
   84    0
   85    1
   86    1
   87    1
   88    1
   89    1
   90    1
   91    1
   92    1
   93    0
   94    1
   95    0
   96    0
   97    0
   98    1
   99    1
  100    1
;
param d:= 79;
param r:=5;
param p:=0.700000;
param M:=1000;
param U:=
         1         1       -3.874164e-01
         2         1       -7.431739e-02
         3         1       -7.657315e-01
         4         1       -1.948302e-01
         5         1       -6.715370e-01
         6         1        1.084086e+00
         7         1        9.901169e-01
         8         1        7.761390e-01
         9         1       -9.322685e-01
        10         1       -3.059786e-01
        11         1        9.161072e-01
        12         1        6.835038e-01
        13         1        9.185967e-01
        14         1       -4.660282e-01
        15         1        1.266721e+00
        16         1        7.803185e-01
        17         1       -1.049173e+00
        18         1       -1.821826e-02
        19         1        1.486905e+00
        20         1        2.152726e+00
        21         1       -9.252428e-01
        22         1       -4.091331e-01
        23         1       -7.699482e-02
        24         1       -5.240601e-01
        25         1        7.342643e-01
        26         1        3.756274e-01
        27         1       -1.436659e-02
        28         1       -9.787319e-01
        29         1       -6.809898e-01
        30         1       -2.352985e-02
        31         1       -4.043074e-01
        32         1       -9.842242e-01
        33         1        3.343560e-01
        34         1        5.648741e-01
        35         1        6.095723e-01
        36         1       -2.224325e+00
        37         1       -1.054688e+00
        38         1        1.449531e+00
        39         1        3.597202e-01
        40         1        1.084062e+00
        41         1       -4.120435e-01
        42         1        9.670560e-01
        43         1        2.648356e-01
        44         1       -2.101456e+00
        45         1        1.917371e-01
        46         1        9.987926e-02
        47         1        2.910505e+00
        48         1       -4.367228e-01
        49         1       -6.346426e-01
        50         1        3.982995e-01
        51         1       -1.170248e+00
        52         1       -5.372397e-01
        53         1        3.163595e-01
        54         1       -2.059872e+00
        55         1        1.020747e+00
        56         1        2.464554e-01
        57         1       -6.444027e-01
        58         1       -4.310798e-01
        59         1        1.612464e+00
        60         1        7.094446e-01
        61         1        1.032024e+00
        62         1        1.173451e+00
        63         1        1.174868e+00
        64         1       -3.942009e-02
        65         1       -5.600834e-01
        66         1        5.948009e-01
        67         1        3.954175e-01
        68         1       -7.712884e-02
        69         1       -2.180069e+00
        70         1       -2.311659e+00
        71         1        2.218676e+00
        72         1       -1.789928e+00
        73         1        3.933778e-01
        74         1       -3.666352e-01
        75         1        2.625755e-01
        76         1       -7.867598e-01
        77         1        5.366021e-01
        78         1        4.184505e-01
        79         1       -1.171808e+00
         1         2       -4.915287e-02
         2         2        4.278004e-01
         3         2        1.277899e+00
         4         2        7.500264e-01
         5         2        1.032053e+00
         6         2        9.372547e-01
         7         2       -2.365707e+00
         8         2       -4.235466e-01
         9         2        1.121936e-01
        10         2        1.331949e+00
        11         2       -4.105226e-01
        12         2        2.589009e-01
        13         2       -1.529241e+00
        14         2        1.387121e-02
        15         2        1.620088e+00
        16         2        9.783388e-01
        17         2        1.363484e+00
        18         2       -5.545806e-01
        19         2        5.125214e-01
        20         2       -1.131526e+00
        21         2       -1.597400e-01
        22         2        8.591311e-02
        23         2        1.013061e+00
        24         2       -4.122900e-01
        25         2        1.202008e+00
        26         2       -3.599337e-01
        27         2       -5.370491e-01
        28         2       -4.680356e-01
        29         2       -3.096146e-01
        30         2        5.203133e-01
        31         2       -3.179179e-01
        32         2        1.095670e+00
        33         2       -6.867270e-01
        34         2       -4.718622e-02
        35         2       -1.480561e+00
        36         2        2.164380e-01
        37         2       -4.943439e-01
        38         2       -7.117179e-01
        39         2        1.583733e+00
        40         2        1.518915e-01
        41         2       -2.765111e-01
        42         2        2.078272e+00
        43         2        1.755219e-01
        44         2        1.887157e+00
        45         2        7.089872e-02
        46         2       -5.094166e-02
        47         2       -7.633893e-01
        48         2       -6.154832e-01
        49         2        6.702321e-01
        50         2       -2.917590e-01
        51         2       -6.293571e-01
        52         2        5.254360e-01
        53         2        8.531931e-02
        54         2       -1.996037e+00
        55         2        6.665181e-01
        56         2        5.674101e-01
        57         2        1.148548e+00
        58         2        8.067621e-01
        59         2       -2.252694e-01
        60         2        5.946524e-02
        61         2        8.123195e-01
        62         2        7.667204e-01
        63         2       -1.449599e-01
        64         2       -4.803539e-02
        65         2        5.237030e-02
        66         2        1.084303e+00
        67         2        4.821808e-01
        68         2       -3.626930e-01
        69         2       -4.024373e-02
        70         2       -6.051151e-01
        71         2       -6.664923e-01
        72         2        8.291609e-01
        73         2        1.214675e+00
        74         2        4.507852e-01
        75         2       -4.564286e-01
        76         2       -1.297049e+00
        77         2       -1.151459e+00
        78         2        4.582617e-01
        79         2        2.086790e+00
         1         3       -3.918810e-01
         2         3        1.733981e-01
         3         3       -2.624558e-01
         4         3        2.024447e-01
         5         3       -2.070148e+00
         6         3        1.444869e+00
         7         3       -1.044667e+00
         8         3       -6.558836e-01
         9         3        5.247463e-01
        10         3       -2.898045e-01
        11         3       -1.213908e+00
        12         3        2.081506e-01
        13         3        2.684000e-02
        14         3       -7.106650e-01
        15         3       -2.119152e+00
        16         3       -1.769442e-01
        17         3        3.602579e-01
        18         3       -2.838038e-01
        19         3        4.457447e-01
        20         3       -1.463047e+00
        21         3        8.221260e-01
        22         3       -9.438355e-01
        23         3        8.077013e-01
        24         3       -1.217301e-01
        25         3       -1.929561e+00
        26         3        9.843699e-01
        27         3       -1.352593e+00
        28         3        1.446767e+00
        29         3       -7.831737e-01
        30         3       -2.531251e-01
        31         3       -8.885014e-01
        32         3        2.440323e-01
        33         3       -7.779541e-01
        34         3        1.079659e+00
        35         3       -7.124443e-01
        36         3       -5.321267e-01
        37         3        1.380122e+00
        38         3       -5.415100e-01
        39         3        2.181601e-01
        40         3       -1.167668e+00
        41         3       -5.229014e-01
        42         3       -2.392000e-01
        43         3        8.271321e-01
        44         3        5.679470e-01
        45         3        1.889258e-01
        46         3       -1.258578e+00
        47         3       -9.399444e-01
        48         3        5.527800e-01
        49         3        1.074407e+00
        50         3       -1.566021e+00
        51         3       -9.840322e-01
        52         3        4.955076e-01
        53         3        9.200393e-01
        54         3       -3.927857e-01
        55         3       -2.098384e+00
        56         3        5.296990e-01
        57         3        1.680862e-01
        58         3       -9.103911e-01
        59         3       -3.508891e-01
        60         3       -2.326327e-01
        61         3       -3.308972e-01
        62         3       -1.308930e+00
        63         3       -4.846572e-02
        64         3        1.792872e-01
        65         3       -5.198257e-01
        66         3        4.732671e-01
        67         3       -9.714005e-01
        68         3        7.268160e-01
        69         3        4.346801e-01
        70         3        2.485909e-01
        71         3       -7.846260e-01
        72         3        7.635863e-01
        73         3        1.212503e+00
        74         3        2.660427e-01
        75         3        1.377349e-01
        76         3        1.284229e+00
        77         3       -9.217029e-01
        78         3        1.162808e-02
        79         3        6.060143e-01
         1         4        8.512379e-01
         2         4        2.346259e-01
         3         4        8.811343e-01
         4         4       -1.968899e+00
         5         4       -5.133191e-01
         6         4        2.657428e-01
         7         4        2.294948e+00
         8         4       -1.232228e+00
         9         4       -1.414804e+00
        10         4       -1.713323e+00
        11         4       -1.437306e+00
        12         4        6.022162e-02
        13         4        9.004422e-01
        14         4       -4.496894e-01
        15         4        3.267409e+00
        16         4       -5.217677e-01
        17         4        1.488055e+00
        18         4       -2.300695e-01
        19         4       -8.353154e-01
        20         4       -9.098175e-01
        21         4       -3.195804e-01
        22         4        4.768001e-01
        23         4       -1.870285e-01
        24         4        3.569091e-01
        25         4       -5.439471e-01
        26         4        1.178173e+00
        27         4       -9.284100e-01
        28         4       -6.441138e-01
        29         4       -1.682855e+00
        30         4       -1.579633e+00
        31         4        2.041186e-01
        32         4        1.369170e+00
        33         4       -6.762506e-01
        34         4       -1.175116e+00
        35         4       -8.067860e-01
        36         4       -4.416208e-01
        37         4       -7.561925e-01
        38         4        1.109611e+00
        39         4       -4.303463e-01
        40         4        1.216984e+00
        41         4        5.614390e-01
        42         4       -6.633087e-01
        43         4        1.628044e+00
        44         4        1.275290e+00
        45         4       -2.585037e-01
        46         4        6.384655e-02
        47         4       -5.761209e-01
        48         4        1.004100e+00
        49         4       -8.870397e-02
        50         4        4.643558e-02
        51         4        2.725533e-01
        52         4       -2.660551e-01
        53         4        6.868411e-01
        54         4        7.295031e-01
        55         4        4.396011e-02
        56         4        1.330700e+00
        57         4        1.326134e+00
        58         4       -5.860467e-01
        59         4       -1.441483e+00
        60         4       -3.938053e-01
        61         4       -8.587502e-01
        62         4       -1.152277e+00
        63         4        1.142208e+00
        64         4        5.741277e-01
        65         4       -3.519348e-01
        66         4       -1.067101e-01
        67         4        2.645454e-01
        68         4       -3.082864e-01
        69         4        8.888321e-01
        70         4       -4.291058e-01
        71         4        1.120504e+00
        72         4       -4.969125e-01
        73         4        1.968214e+00
        74         4        2.921633e-01
        75         4       -1.347411e+00
        76         4        6.501168e-01
        77         4        2.058633e+00
        78         4       -5.735392e-01
        79         4       -8.054743e-02
         1         5       -6.492889e-01
         2         5       -5.697781e-01
         3         5        1.585052e+00
         4         5        1.105829e+00
         5         5       -7.150321e-01
         6         5        3.347951e-02
         7         5        9.381144e-01
         8         5       -4.605093e-01
         9         5       -4.252105e-01
        10         5       -1.375145e+00
        11         5        2.110462e-01
        12         5        1.045881e+00
        13         5        9.731235e-01
        14         5       -1.558248e+00
        15         5       -1.450198e+00
        16         5        1.258783e+00
        17         5        1.320259e+00
        18         5       -1.839063e+00
        19         5        1.462394e+00
        20         5        2.429149e+00
        21         5       -8.042936e-01
        22         5        1.969992e+00
        23         5        1.437854e+00
        24         5       -3.090993e-01
        25         5       -2.267307e-02
        26         5       -1.527261e+00
        27         5        3.762899e-02
        28         5        4.686558e-01
        29         5        1.541520e+00
        30         5       -1.379414e+00
        31         5        2.905923e-01
        32         5       -6.268849e-01
        33         5        2.116676e+00
        34         5       -2.237189e+00
        35         5       -1.113630e+00
        36         5        6.327354e-01
        37         5       -1.216799e+00
        38         5       -1.251473e+00
        39         5        9.424883e-01
        40         5       -1.421808e+00
        41         5        2.549613e-02
        42         5        5.275154e-01
        43         5        1.241913e+00
        44         5       -1.337814e+00
        45         5        8.878023e-01
        46         5        1.051996e-01
        47         5        2.522537e+00
        48         5        1.658291e+00
        49         5       -1.648219e+00
        50         5       -7.309175e-01
        51         5       -1.010011e+00
        52         5       -3.457562e-02
        53         5        1.237359e+00
        54         5       -1.280670e+00
        55         5        2.143737e-01
        56         5        1.397844e+00
        57         5       -1.371322e-01
        58         5       -4.516700e-01
        59         5       -2.544217e-01
        60         5        2.696100e+00
        61         5        1.584222e-01
        62         5       -5.303730e-01
        63         5       -3.335314e-01
        64         5        3.757769e-01
        65         5        9.572697e-01
        66         5        1.514580e+00
        67         5        6.869185e-01
        68         5       -7.152565e-01
        69         5       -1.349800e-01
        70         5        1.993954e-01
        71         5        7.258981e-02
        72         5       -7.361049e-02
        73         5       -9.500180e-01
        74         5        4.136907e-01
        75         5        1.266694e+00
        76         5       -6.299853e-01
        77         5        5.931431e-01
        78         5       -5.728403e-01
        79         5       -2.185616e-01
;

param theta:=
    1        8.055445e-01
    2       -9.109340e-01
    3        1.704482e+00
    4       -5.531286e-01
    5       -9.083171e-01
;
param X_true:=
    1       -8.152936e-01
    2        2.315289e-01
    3       -4.155827e+00
    4       -4.106237e-01
    5       -4.076490e+00
    6        2.303046e+00
    7       -9.486758e-01
    8        9.935306e-01
    9        1.209664e+00
   10        2.410846e-01
   11       -3.534255e-01
   12       -3.132023e-01
   13        7.973849e-01
   14        6.609342e-02
   15       -4.555902e+00
   16       -1.418553e+00
   17       -3.494753e+00
   18        1.802657e+00
   19        6.246880e-01
   20       -1.431362e+00
   21        1.708227e+00
   22       -4.068484e+00
   23       -8.108384e-01
   24       -1.720107e-01
   25       -3.469921e+00
   26        3.043471e+00
   27       -1.349203e+00
   28        2.035066e+00
   29       -2.069937e+00
   30        1.202364e+00
   31       -1.928845e+00
   32       -1.564103e+00
   33       -1.979347e+00
   34        5.022032e+00
   35        2.083247e+00
   36       -3.225948e+00
   37        3.476098e+00
   38        1.415726e+00
   39       -1.400745e+00
   40       -6.368352e-01
   41       -1.304566e+00
   42       -1.632538e+00
   43       -5.643119e-01
   44       -1.933665e+00
   45       -2.514933e-01
   46       -2.148181e+00
   47       -5.375481e-01
   48       -9.086120e-01
   49        2.256610e+00
   50       -1.444637e+00
   51       -1.278642e+00
   52        1.090437e-01
   53        2.410938e-01
   54        2.487618e-01
   55       -3.579170e+00
   56       -1.421662e+00
   57       -1.887949e+00
   58       -1.898246e+00
   59        1.932602e+00
   60       -2.110383e+00
   61       -1.412806e-01
   62       -8.653302e-01
   63        6.656907e-01
   64       -3.418462e-01
   65       -2.060531e+00
   66       -1.018706e+00
   67       -2.546897e+00
   68        2.327582e+00
   69       -1.347108e+00
   70       -8.314210e-01
   71        3.693314e-01
   72       -5.534185e-01
   73        1.050270e+00
   74       -7.899828e-01
   75        4.577806e-01
   76        2.949331e+00
   77       -1.769363e+00
   78        7.760988e-01
   79       -1.569286e+00
;
param X:=
    1       -4.136753e-02
    2       -4.180523e-02
    3       -4.155827e+00
    4        1.998466e+00
    5       -4.705489e-01
    6       -2.636276e-01
    7        3.510520e-01
    8        2.995582e-01
    9        8.189328e-01
   10        3.305835e-01
   11        4.980016e-01
   12        1.579633e-01
   13       -1.119324e+00
   14        6.609342e-02
   15       -4.555902e+00
   16        7.164409e-01
   17       -3.494753e+00
   18        3.380878e-01
   19        6.246880e-01
   20       -1.615163e+00
   21        1.708227e+00
   22       -4.068484e+00
   23       -5.274540e-01
   24        8.038625e-01
   25       -1.565664e+00
   26        3.043471e+00
   27       -1.349203e+00
   28       -5.421831e-01
   29       -1.974598e-01
   30        1.202364e+00
   31       -1.503842e+00
   32       -1.564103e+00
   33       -1.979347e+00
   34        5.022032e+00
   35        2.083247e+00
   36       -3.225948e+00
   37        6.090394e-01
   38        8.110164e-01
   39       -1.400745e+00
   40       -6.368352e-01
   41       -1.304566e+00
   42       -3.786100e-01
   43       -6.283000e-01
   44       -1.933665e+00
   45       -7.280323e-01
   46        9.191257e-03
   47       -7.063634e-01
   48       -6.816035e-01
   49        2.256610e+00
   50       -1.444637e+00
   51       -4.181980e-01
   52        6.953081e-01
   53        2.410938e-01
   54        1.509693e+00
   55       -4.984072e-01
   56        3.599225e-01
   57       -1.887949e+00
   58       -1.898246e+00
   59        2.082058e+00
   60       -9.541465e-01
   61        9.881174e-01
   62       -4.441487e-01
   63        6.656907e-01
   64       -4.349411e-01
   65        6.736350e-01
   66       -6.257100e-01
   67       -2.546897e+00
   68        1.180172e+00
   69       -2.227205e-01
   70        1.005916e+00
   71       -2.944764e-01
   72        2.711122e-01
   73        1.050270e+00
   74       -7.668057e-01
   75        4.577806e-01
   76        2.949331e+00
   77       -1.769363e+00
   78        1.973772e-01
   79        3.682551e-01
;
param outliervec:=
    1    1
    2    1
    3    0
    4    1
    5    1
    6    1
    7    1
    8    1
    9    1
   10    1
   11    1
   12    1
   13    1
   14    0
   15    0
   16    1
   17    0
   18    1
   19    0
   20    1
   21    0
   22    0
   23    1
   24    1
   25    1
   26    0
   27    0
   28    1
   29    1
   30    0
   31    1
   32    0
   33    0
   34    0
   35    0
   36    0
   37    1
   38    1
   39    0
   40    0
   41    0
   42    1
   43    1
   44    0
   45    1
   46    1
   47    1
   48    1
   49    0
   50    0
   51    1
   52    1
   53    0
   54    1
   55    1
   56    1
   57    0
   58    0
   59    1
   60    1
   61    1
   62    1
   63    0
   64    1
   65    1
   66    1
   67    0
   68    1
   69    1
   70    1
   71    1
   72    1
   73    0
   74    1
   75    0
   76    0
   77    0
   78    1
   79    1
;