data;


param D:= 100;
param U_Original:=
         1         1        7.929953e-01
         2         1        1.290177e+00
         3         1        4.142246e-01
         4         1       -8.450348e-01
         5         1        5.270160e-01
         6         1       -8.425716e-01
         7         1       -3.232598e-01
         8         1        2.228968e-02
         9         1        2.743121e-01
        10         1       -8.425937e-01
        11         1       -1.551033e+00
        12         1        5.352934e-01
        13         1        8.027447e-01
        14         1        1.200445e+00
        15         1        7.469221e-01
        16         1       -2.335117e-01
        17         1       -1.384450e+00
        18         1       -1.229216e+00
        19         1        1.358091e+00
        20         1       -1.363876e+00
        21         1       -3.127198e-01
        22         1        3.751994e-01
        23         1       -3.383016e-01
        24         1        1.878011e+00
        25         1        9.663062e-01
        26         1       -7.076636e-01
        27         1       -1.832606e+00
        28         1       -5.523505e-01
        29         1        2.671866e-01
        30         1       -1.802510e+00
        31         1       -1.355060e+00
        32         1        2.688102e-01
        33         1        9.636783e-01
        34         1       -7.066678e-02
        35         1        1.002076e-01
        36         1       -9.217155e-01
        37         1       -1.139068e+00
        38         1       -2.225293e+00
        39         1        9.364844e-02
        40         1        1.543193e+00
        41         1       -9.417363e-02
        42         1        3.611176e-01
        43         1        5.286852e-01
        44         1       -1.197403e+00
        45         1        9.046798e-01
        46         1        1.126179e+00
        47         1        1.796686e+00
        48         1        3.941315e-01
        49         1        9.416345e-01
        50         1       -3.045201e-01
        51         1        7.194116e-01
        52         1        2.715016e-01
        53         1       -8.621380e-01
        54         1       -2.287371e+00
        55         1       -2.501212e+00
        56         1        4.345329e-01
        57         1       -6.140050e-02
        58         1       -1.310777e+00
        59         1        1.220437e+00
        60         1        8.417763e-01
        61         1        7.027112e-01
        62         1        2.907860e-01
        63         1       -1.286621e+00
        64         1       -3.942431e-01
        65         1        3.639804e-02
        66         1        7.281685e-01
        67         1       -1.243093e+00
        68         1       -2.695145e-01
        69         1        6.102043e-02
        70         1       -4.834751e-01
        71         1        1.090707e+00
        72         1       -1.420718e+00
        73         1       -2.160880e+00
        74         1       -2.717449e-01
        75         1       -5.613380e-01
        76         1        5.421979e-01
        77         1        1.534385e+00
        78         1       -1.343315e+00
        79         1        1.417802e+00
        80         1       -1.020620e+00
        81         1        7.360784e-01
        82         1       -5.477519e-01
        83         1       -1.219294e+00
        84         1        1.204655e+00
        85         1       -2.123338e+00
        86         1       -1.027013e+00
        87         1        7.043337e-01
        88         1       -4.248414e-01
        89         1       -1.277487e+00
        90         1       -6.261999e-01
        91         1       -2.495465e+00
        92         1       -3.418068e-01
        93         1        6.362844e-01
        94         1        1.003822e+00
        95         1       -2.239476e-01
        96         1       -1.060038e+00
        97         1       -1.823233e-01
        98         1       -3.771705e-01
        99         1        2.701498e+00
       100         1        9.476478e-01
         1         2        6.907223e-01
         2         2       -6.288903e-01
         3         2        7.892273e-01
         4         2       -8.693821e-02
         5         2        2.288347e-01
         6         2       -7.805192e-01
         7         2        1.819269e+00
         8         2       -2.524698e-01
         9         2       -1.213034e-01
        10         2       -1.443198e-01
        11         2        3.837084e-01
        12         2        6.439428e-01
        13         2        7.939728e-01
        14         2        1.698334e+00
        15         2        9.803742e-01
        16         2        1.881799e-01
        17         2        1.175847e+00
        18         2       -2.795161e-01
        19         2        2.985657e-01
        20         2        6.057533e-01
        21         2        5.255326e-01
        22         2       -8.552192e-01
        23         2        2.354725e+00
        24         2        1.638116e+00
        25         2       -1.160337e-01
        26         2        4.161268e-01
        27         2       -3.127868e-02
        28         2       -6.798518e-01
        29         2       -1.482368e+00
        30         2       -1.735498e+00
        31         2       -1.366440e+00
        32         2       -1.586467e+00
        33         2       -5.360521e-01
        34         2        7.325586e-01
        35         2        5.344058e-01
        36         2        8.128582e-01
        37         2        2.378501e+00
        38         2       -6.503574e-01
        39         2        7.795407e-01
        40         2        1.647471e+00
        41         2       -3.315659e-01
        42         2        3.714030e-01
        43         2       -1.379419e+00
        44         2        5.560358e-01
        45         2       -9.630186e-01
        46         2        2.611349e+00
        47         2        5.365890e-01
        48         2       -1.122181e+00
        49         2        2.141434e-01
        50         2       -8.321347e-01
        51         2        9.699262e-01
        52         2       -1.063999e+00
        53         2        8.390674e-01
        54         2       -5.045086e-01
        55         2        2.099050e-01
        56         2       -1.758786e+00
        57         2       -4.921293e-01
        58         2        6.035721e-01
        59         2        1.767042e+00
        60         2       -3.093659e-01
        61         2        5.686884e-02
        62         2        1.659360e+00
        63         2       -1.949105e+00
        64         2       -3.892024e-01
        65         2       -4.574179e-01
        66         2       -1.340508e+00
        67         2       -6.905427e-01
        68         2       -2.040765e+00
        69         2        2.343238e-01
        70         2        8.633051e-01
        71         2       -6.952569e-01
        72         2       -1.147353e+00
        73         2       -2.190466e-01
        74         2       -9.973309e-01
        75         2        1.154561e+00
        76         2       -1.094377e+00
        77         2        2.135815e-01
        78         2        1.107296e+00
        79         2       -5.937744e-01
        80         2       -1.741858e+00
        81         2        1.166262e+00
        82         2       -5.303791e-01
        83         2        1.627965e+00
        84         2       -7.863090e-01
        85         2       -3.492632e-01
        86         2        5.187732e-01
        87         2        5.565783e-01
        88         2       -2.454129e-01
        89         2        9.058374e-01
        90         2       -2.899634e-01
        91         2       -1.897240e-01
        92         2       -6.138341e-01
        93         2       -7.336050e-01
        94         2       -1.159539e-01
        95         2       -1.923476e+00
        96         2       -8.632854e-02
        97         2        8.279907e-01
        98         2       -2.357397e-01
        99         2        1.179292e+00
       100         2        4.841441e-01
         1         3        4.450999e-01
         2         3        4.035808e-01
         3         3       -7.081028e-02
         4         3        7.616370e-01
         5         3        8.877401e-01
         6         3        2.068973e+00
         7         3       -5.034349e-01
         8         3        6.356713e-01
         9         3       -3.958089e-01
        10         3       -1.685542e-01
        11         3       -8.099065e-01
        12         3        6.087879e-01
        13         3       -8.556444e-01
        14         3       -8.521817e-01
        15         3       -1.290797e-01
        16         3       -1.405719e+00
        17         3        1.033711e+00
        18         3        4.122683e-01
        19         3        9.391678e-01
        20         3       -3.840340e-01
        21         3       -1.389841e+00
        22         3       -1.345472e+00
        23         3       -1.065785e-02
        24         3        5.884971e-01
        25         3        5.929379e-02
        26         3       -1.043801e+00
        27         3        7.167170e-01
        28         3        1.436955e+00
        29         3       -1.433781e+00
        30         3        5.854702e-01
        31         3        1.016440e+00
        32         3       -1.118882e+00
        33         3       -1.204137e+00
        34         3        6.805157e-01
        35         3       -8.635760e-01
        36         3       -1.575002e-01
        37         3        7.437416e-02
        38         3        3.957239e-01
        39         3       -4.513464e-01
        40         3        1.122116e-01
        41         3        2.961433e-01
        42         3        1.149555e-01
        43         3        3.313672e-01
        44         3        1.745086e-01
        45         3       -2.189994e-01
        46         3        1.189806e+00
        47         3       -4.180014e-01
        48         3        1.731084e+00
        49         3        7.218617e-01
        50         3       -3.934536e-02
        51         3       -6.559681e-01
        52         3        5.857326e-01
        53         3        2.609533e-01
        54         3        5.676647e-01
        55         3        1.139814e+00
        56         3        2.342823e-01
        57         3        5.824234e-01
        58         3       -3.190480e-01
        59         3       -1.046691e+00
        60         3        6.552135e-01
        61         3       -9.125633e-01
        62         3       -7.158277e-01
        63         3        2.603407e-01
        64         3       -1.377931e+00
        65         3       -5.002126e-02
        66         3        6.590645e-01
        67         3        1.660723e+00
        68         3        6.639329e-01
        69         3       -5.520860e-01
        70         3        1.882958e+00
        71         3       -8.919696e-01
        72         3        1.143923e-01
        73         3        1.439398e+00
        74         3        3.199112e-01
        75         3       -5.121774e-01
        76         3        5.859246e-01
        77         3        2.330805e-01
        78         3       -9.632527e-01
        79         3       -8.517583e-01
        80         3        3.740676e-01
        81         3       -1.305909e+00
        82         3        8.896215e-01
        83         3       -5.222734e-01
        84         3       -2.495782e-02
        85         3       -4.819794e-01
        86         3        1.028655e+00
        87         3       -1.355841e-01
        88         3        4.540233e-01
        89         3        3.857656e-01
        90         3        1.171138e-02
        91         3       -6.917542e-02
        92         3       -5.656594e-01
        93         3        1.175255e-01
        94         3       -1.982071e+00
        95         3       -6.638617e-01
        96         3        2.240606e+00
        97         3        2.422915e-01
        98         3       -4.517509e-01
        99         3       -7.128283e-01
       100         3       -4.921872e-01
         1         4        6.426565e-02
         2         4       -1.023549e-01
         3         4       -1.959511e-01
         4         4        9.113649e-01
         5         4       -1.039509e+00
         6         4       -1.056989e-01
         7         4        7.500413e-01
         8         4       -1.602464e-01
         9         4        1.726172e-01
        10         4       -9.415925e-01
        11         4       -5.613013e-01
        12         4        1.805073e+00
        13         4       -1.010421e+00
        14         4        8.884496e-01
        15         4       -3.881349e-02
        16         4       -6.610197e-03
        17         4       -1.078208e+00
        18         4       -4.619311e-01
        19         4       -1.254510e+00
        20         4        3.796811e-01
        21         4        7.354605e-01
        22         4       -1.238924e+00
        23         4       -1.756809e+00
        24         4       -1.335302e+00
        25         4       -3.475740e-01
        26         4        1.487724e-01
        27         4       -1.980481e+00
        28         4        3.699125e-01
        29         4       -8.306887e-01
        30         4       -1.865966e+00
        31         4        5.335665e-01
        32         4        1.362783e+00
        33         4        8.552018e-01
        34         4        7.742863e-01
        35         4       -3.297094e-01
        36         4       -4.812244e-01
        37         4        8.329429e-01
        38         4        3.078049e-02
        39         4       -1.002729e+00
        40         4        1.283886e+00
        41         4        8.248438e-01
        42         4       -6.040460e-01
        43         4       -1.414774e+00
        44         4        1.696731e+00
        45         4       -2.624104e-01
        46         4        4.321511e-01
        47         4        3.498653e-02
        48         4       -1.086024e+00
        49         4        2.600027e-02
        50         4        1.333998e+00
        51         4       -1.268245e-01
        52         4        1.546257e-01
        53         4       -1.339189e+00
        54         4        3.401866e-01
        55         4       -5.427894e-01
        56         4        1.274845e+00
        57         4        1.810098e+00
        58         4       -1.305380e+00
        59         4        4.607164e-01
        60         4       -6.275766e-02
        61         4        5.277064e-01
        62         4        1.886213e+00
        63         4       -6.268776e-01
        64         4       -1.479912e-01
        65         4       -1.027959e+00
        66         4       -1.562978e+00
        67         4        2.638829e-01
        68         4        8.904213e-01
        69         4        1.920061e-01
        70         4       -3.530816e-01
        71         4       -1.746508e-01
        72         4       -7.887811e-01
        73         4       -1.512436e-01
        74         4        9.844383e-02
        75         4       -1.435567e+00
        76         4        9.390017e-01
        77         4        1.716313e+00
        78         4       -1.464753e+00
        79         4        1.124856e+00
        80         4       -6.415101e-01
        81         4        4.434274e-01
        82         4        8.301371e-01
        83         4        1.014654e-02
        84         4       -7.276663e-01
        85         4       -2.583096e-01
        86         4        1.305909e+00
        87         4        2.064740e+00
        88         4        4.483470e-01
        89         4       -1.811909e+00
        90         4       -5.656012e-03
        91         4        1.246420e+00
        92         4        8.563885e-01
        93         4       -5.558620e-01
        94         4       -7.927005e-02
        95         4       -9.406257e-01
        96         4       -5.748984e-03
        97         4       -1.568136e+00
        98         4        2.067050e+00
        99         4        6.433196e-01
       100         4        2.687288e-01
         1         5        1.285816e+00
         2         5       -1.308905e-02
         3         5        1.334342e+00
         4         5        5.997469e-01
         5         5       -1.468933e-01
         6         5        6.986343e-01
         7         5        1.774481e-01
         8         5        1.834124e+00
         9         5       -1.114441e+00
        10         5        3.209197e-01
        11         5        1.051345e+00
        12         5        6.590959e-01
        13         5        3.426953e-01
        14         5        1.235123e+00
        15         5        4.572639e-01
        16         5       -4.140810e-01
        17         5        7.990044e-01
        18         5        8.723145e-01
        19         5        9.172187e-01
        20         5       -7.013049e-02
        21         5       -7.629066e-01
        22         5       -4.850716e-01
        23         5       -1.634630e-01
        24         5       -8.154866e-01
        25         5        9.880463e-01
        26         5        2.347820e+00
        27         5        1.307330e-01
        28         5       -1.832436e+00
        29         5        1.278873e+00
        30         5       -1.473533e+00
        31         5       -1.297464e+00
        32         5        2.217283e-01
        33         5       -9.161112e-01
        34         5       -5.864092e-01
        35         5        1.282667e+00
        36         5       -1.785587e-01
        37         5       -1.957020e+00
        38         5        5.021874e-01
        39         5        6.684031e-01
        40         5        5.676512e-01
        41         5        1.490495e+00
        42         5        1.164172e+00
        43         5        6.067059e-01
        44         5       -3.997893e-01
        45         5       -9.991081e-01
        46         5        1.380952e+00
        47         5       -8.023650e-01
        48         5       -2.535523e-01
        49         5       -1.684756e+00
        50         5        5.831529e-01
        51         5        9.709744e-01
        52         5        6.212263e-01
        53         5       -9.484194e-01
        54         5        8.788507e-01
        55         5       -2.090773e+00
        56         5       -4.324856e-01
        57         5       -1.233905e-01
        58         5       -1.703759e-01
        59         5       -1.007259e+00
        60         5        9.351014e-01
        61         5       -2.529322e-01
        62         5        4.177421e-01
        63         5        1.618944e+00
        64         5       -5.240196e-01
        65         5        6.254587e-01
        66         5       -1.716881e+00
        67         5       -1.057354e+00
        68         5        1.078115e+00
        69         5       -6.911735e-01
        70         5        1.206604e+00
        71         5        1.150676e-01
        72         5        3.036988e-01
        73         5       -5.793250e-01
        74         5        9.149540e-03
        75         5       -4.484792e-01
        76         5        1.294046e+00
        77         5       -7.475088e-01
        78         5        1.367595e+00
        79         5       -1.266318e+00
        80         5       -6.577427e-01
        81         5       -3.608961e-01
        82         5        1.004065e+00
        83         5       -3.629166e-01
        84         5        5.113201e-01
        85         5        3.979004e-01
        86         5       -1.872134e+00
        87         5       -3.356303e-01
        88         5        1.519727e-01
        89         5       -4.478884e-01
        90         5       -6.691799e-01
        91         5       -4.391636e-01
        92         5       -1.025132e+00
        93         5       -1.055217e+00
        94         5        1.784758e-01
        95         5        6.981356e-01
        96         5       -1.489565e-01
        97         5        1.471678e+00
        98         5       -1.095364e-01
        99         5        4.628108e-02
       100         5        4.942145e-02
;
param X_Original:=
    1        4.006899e-01
    2        3.166709e-01
    3        1.609696e-01
    4        1.814551e-01
    5        5.330775e-01
    6       -1.644779e+00
    7        1.287196e+00
    8       -9.429589e-02
    9       -9.836537e-02
   10       -1.411154e+00
   11        1.395739e+00
   12        1.349237e+00
   13       -7.028210e-03
   14        5.090892e+00
   15        4.835557e-02
   16       -8.613856e-01
   17       -5.693977e-01
   18       -1.392864e+00
   19       -5.200688e-01
   20       -1.749888e-02
   21        1.368278e+00
   22       -5.042666e-02
   23        2.376059e+00
   24        1.720690e+00
   25        1.347096e-01
   26       -5.996870e-01
   27        1.004732e-01
   28       -3.274268e+00
   29       -1.855774e+00
   30        5.650088e-01
   31       -1.617606e+00
   32        5.947287e-01
   33       -5.957881e-01
   34       -1.018593e+00
   35        1.000440e+00
   36        1.477695e+00
   37       -2.171963e-01
   38        1.341556e+00
   39        1.831598e+00
   40       -1.321337e+00
   41       -2.698809e-01
   42       -9.632076e-01
   43       -3.940052e-01
   44        9.155569e-01
   45        1.211687e+00
   46        1.607464e+00
   47        1.183449e+00
   48        1.439407e-01
   49        1.140543e+00
   50       -2.790321e-01
   51        2.410876e+00
   52       -3.900482e-01
   53        1.065853e+00
   54        1.197249e+00
   55        1.239575e-01
   56       -1.014386e+00
   57        1.228861e+00
   58       -1.803041e+00
   59        4.334782e-01
   60       -8.059118e-01
   61        1.438980e+00
   62        1.324148e-02
   63       -6.387296e-01
   64        1.464367e+00
   65       -2.405150e+00
   66       -4.416726e+00
   67       -4.930149e-01
   68       -2.598026e-01
   69       -1.185641e-01
   70        4.537335e-01
   71       -1.662287e-02
   72       -1.594863e+00
   73       -3.378826e+00
   74       -1.038763e+00
   75        9.433575e-01
   76        1.244538e+00
   77       -8.378689e-01
   78        1.058116e+00
   79       -1.572538e-02
   80        1.276871e+00
   81        2.217838e-01
   82        8.982936e-01
   83        1.422618e+00
   84        7.717413e-02
   85        1.085513e+00
   86        1.864992e+00
   87        2.853198e+00
   88       -1.259533e-01
   89       -3.133893e+00
   90       -1.022910e+00
   91        3.805061e-01
   92        7.085444e-01
   93       -3.168967e-01
   94        3.735695e-02
   95        3.706598e-01
   96       -3.150082e+00
   97       -6.622459e-01
   98        1.523376e+00
   99        3.757258e-01
  100       -1.607200e-01
;
param outliervec_original :=
    1    1
    2    1
    3    1
    4    1
    5    1
    6    1
    7    1
    8    1
    9    0
   10    0
   11    1
   12    1
   13    1
   14    0
   15    1
   16    1
   17    1
   18    1
   19    1
   20    1
   21    1
   22    1
   23    1
   24    1
   25    1
   26    1
   27    1
   28    0
   29    1
   30    1
   31    1
   32    1
   33    1
   34    1
   35    1
   36    1
   37    1
   38    1
   39    1
   40    1
   41    1
   42    1
   43    1
   44    1
   45    1
   46    1
   47    0
   48    1
   49    1
   50    1
   51    0
   52    1
   53    1
   54    1
   55    1
   56    1
   57    0
   58    0
   59    1
   60    1
   61    1
   62    1
   63    1
   64    1
   65    1
   66    0
   67    1
   68    0
   69    1
   70    1
   71    1
   72    1
   73    0
   74    0
   75    1
   76    0
   77    1
   78    1
   79    1
   80    1
   81    1
   82    1
   83    1
   84    1
   85    1
   86    1
   87    1
   88    0
   89    0
   90    0
   91    1
   92    1
   93    1
   94    1
   95    1
   96    0
   97    0
   98    1
   99    1
  100    1
;
param d:= 75;
param r:=5;
param p:=0.820000;
param M:=1000;
param U:=
         1         1        7.929953e-01
         2         1        1.290177e+00
         3         1        4.142246e-01
         4         1       -8.450348e-01
         5         1       -8.425716e-01
         6         1       -3.232598e-01
         7         1        2.228968e-02
         8         1        2.743121e-01
         9         1       -8.425937e-01
        10         1       -1.551033e+00
        11         1        5.352934e-01
        12         1        8.027447e-01
        13         1        1.200445e+00
        14         1        7.469221e-01
        15         1       -1.384450e+00
        16         1       -1.229216e+00
        17         1        1.358091e+00
        18         1       -1.363876e+00
        19         1       -3.127198e-01
        20         1        3.751994e-01
        21         1        9.663062e-01
        22         1       -5.523505e-01
        23         1       -1.355060e+00
        24         1        2.688102e-01
        25         1       -7.066678e-02
        26         1        1.002076e-01
        27         1       -9.217155e-01
        28         1       -1.139068e+00
        29         1        9.364844e-02
        30         1        3.611176e-01
        31         1        5.286852e-01
        32         1       -1.197403e+00
        33         1        1.126179e+00
        34         1        1.796686e+00
        35         1        7.194116e-01
        36         1        2.715016e-01
        37         1       -2.287371e+00
        38         1        4.345329e-01
        39         1       -6.140050e-02
        40         1       -1.310777e+00
        41         1        1.220437e+00
        42         1        8.417763e-01
        43         1        7.027112e-01
        44         1       -1.286621e+00
        45         1       -3.942431e-01
        46         1        7.281685e-01
        47         1       -2.695145e-01
        48         1        6.102043e-02
        49         1       -4.834751e-01
        50         1        1.090707e+00
        51         1       -1.420718e+00
        52         1       -2.160880e+00
        53         1       -2.717449e-01
        54         1       -5.613380e-01
        55         1        5.421979e-01
        56         1        1.534385e+00
        57         1       -1.343315e+00
        58         1        1.417802e+00
        59         1       -5.477519e-01
        60         1       -1.219294e+00
        61         1        1.204655e+00
        62         1       -2.123338e+00
        63         1        7.043337e-01
        64         1       -4.248414e-01
        65         1       -1.277487e+00
        66         1       -6.261999e-01
        67         1       -2.495465e+00
        68         1       -3.418068e-01
        69         1        6.362844e-01
        70         1       -2.239476e-01
        71         1       -1.060038e+00
        72         1       -1.823233e-01
        73         1       -3.771705e-01
        74         1        2.701498e+00
        75         1        9.476478e-01
         1         2        6.907223e-01
         2         2       -6.288903e-01
         3         2        7.892273e-01
         4         2       -8.693821e-02
         5         2       -7.805192e-01
         6         2        1.819269e+00
         7         2       -2.524698e-01
         8         2       -1.213034e-01
         9         2       -1.443198e-01
        10         2        3.837084e-01
        11         2        6.439428e-01
        12         2        7.939728e-01
        13         2        1.698334e+00
        14         2        9.803742e-01
        15         2        1.175847e+00
        16         2       -2.795161e-01
        17         2        2.985657e-01
        18         2        6.057533e-01
        19         2        5.255326e-01
        20         2       -8.552192e-01
        21         2       -1.160337e-01
        22         2       -6.798518e-01
        23         2       -1.366440e+00
        24         2       -1.586467e+00
        25         2        7.325586e-01
        26         2        5.344058e-01
        27         2        8.128582e-01
        28         2        2.378501e+00
        29         2        7.795407e-01
        30         2        3.714030e-01
        31         2       -1.379419e+00
        32         2        5.560358e-01
        33         2        2.611349e+00
        34         2        5.365890e-01
        35         2        9.699262e-01
        36         2       -1.063999e+00
        37         2       -5.045086e-01
        38         2       -1.758786e+00
        39         2       -4.921293e-01
        40         2        6.035721e-01
        41         2        1.767042e+00
        42         2       -3.093659e-01
        43         2        5.686884e-02
        44         2       -1.949105e+00
        45         2       -3.892024e-01
        46         2       -1.340508e+00
        47         2       -2.040765e+00
        48         2        2.343238e-01
        49         2        8.633051e-01
        50         2       -6.952569e-01
        51         2       -1.147353e+00
        52         2       -2.190466e-01
        53         2       -9.973309e-01
        54         2        1.154561e+00
        55         2       -1.094377e+00
        56         2        2.135815e-01
        57         2        1.107296e+00
        58         2       -5.937744e-01
        59         2       -5.303791e-01
        60         2        1.627965e+00
        61         2       -7.863090e-01
        62         2       -3.492632e-01
        63         2        5.565783e-01
        64         2       -2.454129e-01
        65         2        9.058374e-01
        66         2       -2.899634e-01
        67         2       -1.897240e-01
        68         2       -6.138341e-01
        69         2       -7.336050e-01
        70         2       -1.923476e+00
        71         2       -8.632854e-02
        72         2        8.279907e-01
        73         2       -2.357397e-01
        74         2        1.179292e+00
        75         2        4.841441e-01
         1         3        4.450999e-01
         2         3        4.035808e-01
         3         3       -7.081028e-02
         4         3        7.616370e-01
         5         3        2.068973e+00
         6         3       -5.034349e-01
         7         3        6.356713e-01
         8         3       -3.958089e-01
         9         3       -1.685542e-01
        10         3       -8.099065e-01
        11         3        6.087879e-01
        12         3       -8.556444e-01
        13         3       -8.521817e-01
        14         3       -1.290797e-01
        15         3        1.033711e+00
        16         3        4.122683e-01
        17         3        9.391678e-01
        18         3       -3.840340e-01
        19         3       -1.389841e+00
        20         3       -1.345472e+00
        21         3        5.929379e-02
        22         3        1.436955e+00
        23         3        1.016440e+00
        24         3       -1.118882e+00
        25         3        6.805157e-01
        26         3       -8.635760e-01
        27         3       -1.575002e-01
        28         3        7.437416e-02
        29         3       -4.513464e-01
        30         3        1.149555e-01
        31         3        3.313672e-01
        32         3        1.745086e-01
        33         3        1.189806e+00
        34         3       -4.180014e-01
        35         3       -6.559681e-01
        36         3        5.857326e-01
        37         3        5.676647e-01
        38         3        2.342823e-01
        39         3        5.824234e-01
        40         3       -3.190480e-01
        41         3       -1.046691e+00
        42         3        6.552135e-01
        43         3       -9.125633e-01
        44         3        2.603407e-01
        45         3       -1.377931e+00
        46         3        6.590645e-01
        47         3        6.639329e-01
        48         3       -5.520860e-01
        49         3        1.882958e+00
        50         3       -8.919696e-01
        51         3        1.143923e-01
        52         3        1.439398e+00
        53         3        3.199112e-01
        54         3       -5.121774e-01
        55         3        5.859246e-01
        56         3        2.330805e-01
        57         3       -9.632527e-01
        58         3       -8.517583e-01
        59         3        8.896215e-01
        60         3       -5.222734e-01
        61         3       -2.495782e-02
        62         3       -4.819794e-01
        63         3       -1.355841e-01
        64         3        4.540233e-01
        65         3        3.857656e-01
        66         3        1.171138e-02
        67         3       -6.917542e-02
        68         3       -5.656594e-01
        69         3        1.175255e-01
        70         3       -6.638617e-01
        71         3        2.240606e+00
        72         3        2.422915e-01
        73         3       -4.517509e-01
        74         3       -7.128283e-01
        75         3       -4.921872e-01
         1         4        6.426565e-02
         2         4       -1.023549e-01
         3         4       -1.959511e-01
         4         4        9.113649e-01
         5         4       -1.056989e-01
         6         4        7.500413e-01
         7         4       -1.602464e-01
         8         4        1.726172e-01
         9         4       -9.415925e-01
        10         4       -5.613013e-01
        11         4        1.805073e+00
        12         4       -1.010421e+00
        13         4        8.884496e-01
        14         4       -3.881349e-02
        15         4       -1.078208e+00
        16         4       -4.619311e-01
        17         4       -1.254510e+00
        18         4        3.796811e-01
        19         4        7.354605e-01
        20         4       -1.238924e+00
        21         4       -3.475740e-01
        22         4        3.699125e-01
        23         4        5.335665e-01
        24         4        1.362783e+00
        25         4        7.742863e-01
        26         4       -3.297094e-01
        27         4       -4.812244e-01
        28         4        8.329429e-01
        29         4       -1.002729e+00
        30         4       -6.040460e-01
        31         4       -1.414774e+00
        32         4        1.696731e+00
        33         4        4.321511e-01
        34         4        3.498653e-02
        35         4       -1.268245e-01
        36         4        1.546257e-01
        37         4        3.401866e-01
        38         4        1.274845e+00
        39         4        1.810098e+00
        40         4       -1.305380e+00
        41         4        4.607164e-01
        42         4       -6.275766e-02
        43         4        5.277064e-01
        44         4       -6.268776e-01
        45         4       -1.479912e-01
        46         4       -1.562978e+00
        47         4        8.904213e-01
        48         4        1.920061e-01
        49         4       -3.530816e-01
        50         4       -1.746508e-01
        51         4       -7.887811e-01
        52         4       -1.512436e-01
        53         4        9.844383e-02
        54         4       -1.435567e+00
        55         4        9.390017e-01
        56         4        1.716313e+00
        57         4       -1.464753e+00
        58         4        1.124856e+00
        59         4        8.301371e-01
        60         4        1.014654e-02
        61         4       -7.276663e-01
        62         4       -2.583096e-01
        63         4        2.064740e+00
        64         4        4.483470e-01
        65         4       -1.811909e+00
        66         4       -5.656012e-03
        67         4        1.246420e+00
        68         4        8.563885e-01
        69         4       -5.558620e-01
        70         4       -9.406257e-01
        71         4       -5.748984e-03
        72         4       -1.568136e+00
        73         4        2.067050e+00
        74         4        6.433196e-01
        75         4        2.687288e-01
         1         5        1.285816e+00
         2         5       -1.308905e-02
         3         5        1.334342e+00
         4         5        5.997469e-01
         5         5        6.986343e-01
         6         5        1.774481e-01
         7         5        1.834124e+00
         8         5       -1.114441e+00
         9         5        3.209197e-01
        10         5        1.051345e+00
        11         5        6.590959e-01
        12         5        3.426953e-01
        13         5        1.235123e+00
        14         5        4.572639e-01
        15         5        7.990044e-01
        16         5        8.723145e-01
        17         5        9.172187e-01
        18         5       -7.013049e-02
        19         5       -7.629066e-01
        20         5       -4.850716e-01
        21         5        9.880463e-01
        22         5       -1.832436e+00
        23         5       -1.297464e+00
        24         5        2.217283e-01
        25         5       -5.864092e-01
        26         5        1.282667e+00
        27         5       -1.785587e-01
        28         5       -1.957020e+00
        29         5        6.684031e-01
        30         5        1.164172e+00
        31         5        6.067059e-01
        32         5       -3.997893e-01
        33         5        1.380952e+00
        34         5       -8.023650e-01
        35         5        9.709744e-01
        36         5        6.212263e-01
        37         5        8.788507e-01
        38         5       -4.324856e-01
        39         5       -1.233905e-01
        40         5       -1.703759e-01
        41         5       -1.007259e+00
        42         5        9.351014e-01
        43         5       -2.529322e-01
        44         5        1.618944e+00
        45         5       -5.240196e-01
        46         5       -1.716881e+00
        47         5        1.078115e+00
        48         5       -6.911735e-01
        49         5        1.206604e+00
        50         5        1.150676e-01
        51         5        3.036988e-01
        52         5       -5.793250e-01
        53         5        9.149540e-03
        54         5       -4.484792e-01
        55         5        1.294046e+00
        56         5       -7.475088e-01
        57         5        1.367595e+00
        58         5       -1.266318e+00
        59         5        1.004065e+00
        60         5       -3.629166e-01
        61         5        5.113201e-01
        62         5        3.979004e-01
        63         5       -3.356303e-01
        64         5        1.519727e-01
        65         5       -4.478884e-01
        66         5       -6.691799e-01
        67         5       -4.391636e-01
        68         5       -1.025132e+00
        69         5       -1.055217e+00
        70         5        6.981356e-01
        71         5       -1.489565e-01
        72         5        1.471678e+00
        73         5       -1.095364e-01
        74         5        4.628108e-02
        75         5        4.942145e-02
;

param theta:=
    1        5.902097e-01
    2        7.059074e-01
    3       -9.785203e-01
    4        1.264346e+00
    5        8.073583e-01
;
param X_true:=
    1        1.518776e+00
    2       -2.131316e-01
    3        1.593831e+00
    4        2.241069e-01
    5       -2.726342e+00
    6        2.733058e+00
    7        7.064260e-01
    8       -9.836537e-02
    9       -1.411154e+00
   10        3.243468e-01
   11        2.964067e+00
   12        9.418624e-01
   13        5.090892e+00
   14        1.628319e+00
   15       -1.783794e+00
   16       -1.418983e+00
   17       -7.501600e-01
   18        3.791790e-01
   19        1.888770e+00
   20       -9.812086e-01
   21        7.166363e-01
   22       -3.274268e+00
   23       -3.437944e+00
   24        2.022884e+00
   25        4.100155e-01
   26        1.935073e+00
   27       -6.776904e-01
   28        4.566202e-01
   29        2.482061e-01
   30        5.875271e-01
   31       -2.185035e+00
   32        1.315909e+00
   33        3.062315e+00
   34        1.183449e+00
   35        2.410876e+00
   36       -4.830549e-01
   37       -1.194623e+00
   38        2.753436e-01
   39        1.228861e+00
   40       -1.803041e+00
   41        2.695532e+00
   42        2.890925e-01
   43        1.774371e+00
   44       -1.857750e+00
   45        2.842165e-01
   46       -4.416726e+00
   47       -2.598026e-01
   48        4.181534e-01
   49       -9.041195e-01
   50        9.197752e-01
   51       -2.596172e+00
   52       -3.378826e+00
   53       -1.038763e+00
   54       -1.040313e+00
   55        1.244538e+00
   56        2.133471e+00
   57        1.101849e-01
   58        1.672337e+00
   59        2.182888e-01
   60        5.550794e-01
   61       -4.128166e-01
   62       -1.026022e+00
   63        3.149544e+00
   64       -1.259533e-01
   65       -3.133893e+00
   66       -1.022910e+00
   67       -1.440722e-01
   68        2.515664e-01
   69       -1.775880e+00
   70       -1.534751e+00
   71       -3.150082e+00
   72       -6.622459e-01
   73        2.617566e+00
   74        3.959985e+00
   75        1.820140e+00
;
param X:=
    1        4.006899e-01
    2        3.166709e-01
    3        1.609696e-01
    4        1.814551e-01
    5       -1.644779e+00
    6        1.287196e+00
    7       -9.429589e-02
    8       -9.836537e-02
    9       -1.411154e+00
   10        1.395739e+00
   11        1.349237e+00
   12       -7.028210e-03
   13        5.090892e+00
   14        4.835557e-02
   15       -5.693977e-01
   16       -1.392864e+00
   17       -5.200688e-01
   18       -1.749888e-02
   19        1.368278e+00
   20       -5.042666e-02
   21        1.347096e-01
   22       -3.274268e+00
   23       -1.617606e+00
   24        5.947287e-01
   25       -1.018593e+00
   26        1.000440e+00
   27        1.477695e+00
   28       -2.171963e-01
   29        1.831598e+00
   30       -9.632076e-01
   31       -3.940052e-01
   32        9.155569e-01
   33        1.607464e+00
   34        1.183449e+00
   35        2.410876e+00
   36       -3.900482e-01
   37        1.197249e+00
   38       -1.014386e+00
   39        1.228861e+00
   40       -1.803041e+00
   41        4.334782e-01
   42       -8.059118e-01
   43        1.438980e+00
   44       -6.387296e-01
   45        1.464367e+00
   46       -4.416726e+00
   47       -2.598026e-01
   48       -1.185641e-01
   49        4.537335e-01
   50       -1.662287e-02
   51       -1.594863e+00
   52       -3.378826e+00
   53       -1.038763e+00
   54        9.433575e-01
   55        1.244538e+00
   56       -8.378689e-01
   57        1.058116e+00
   58       -1.572538e-02
   59        8.982936e-01
   60        1.422618e+00
   61        7.717413e-02
   62        1.085513e+00
   63        2.853198e+00
   64       -1.259533e-01
   65       -3.133893e+00
   66       -1.022910e+00
   67        3.805061e-01
   68        7.085444e-01
   69       -3.168967e-01
   70        3.706598e-01
   71       -3.150082e+00
   72       -6.622459e-01
   73        1.523376e+00
   74        3.757258e-01
   75       -1.607200e-01
;
param outliervec:=
    1    1
    2    1
    3    1
    4    1
    5    1
    6    1
    7    1
    8    0
    9    0
   10    1
   11    1
   12    1
   13    0
   14    1
   15    1
   16    1
   17    1
   18    1
   19    1
   20    1
   21    1
   22    0
   23    1
   24    1
   25    1
   26    1
   27    1
   28    1
   29    1
   30    1
   31    1
   32    1
   33    1
   34    0
   35    0
   36    1
   37    1
   38    1
   39    0
   40    0
   41    1
   42    1
   43    1
   44    1
   45    1
   46    0
   47    0
   48    1
   49    1
   50    1
   51    1
   52    0
   53    0
   54    1
   55    0
   56    1
   57    1
   58    1
   59    1
   60    1
   61    1
   62    1
   63    1
   64    0
   65    0
   66    0
   67    1
   68    1
   69    1
   70    1
   71    0
   72    0
   73    1
   74    1
   75    1
;