data;


param D:= 100;
param U_Original:=
         1         1       -6.136676e-01
         2         1       -1.191783e+00
         3         1       -1.470937e-01
         4         1       -2.648242e-01
         5         1        1.199013e+00
         6         1       -1.239086e+00
         7         1        7.114597e-01
         8         1        6.289818e-01
         9         1       -1.438687e+00
        10         1       -7.762965e-01
        11         1        3.663116e-01
        12         1       -4.081536e-01
        13         1        9.895642e-01
        14         1       -2.493440e-01
        15         1       -2.700097e-01
        16         1        7.426087e-01
        17         1        1.001264e+00
        18         1       -8.717266e-01
        19         1       -4.427677e-01
        20         1        7.312493e-01
        21         1        6.155519e-01
        22         1        2.144409e+00
        23         1       -5.097467e-01
        24         1       -5.029015e-01
        25         1       -7.965100e-01
        26         1        2.393991e-01
        27         1        1.061450e+00
        28         1       -9.228924e-02
        29         1        2.433879e-01
        30         1        5.458132e-01
        31         1        7.618808e-01
        32         1        1.756026e+00
        33         1        6.151746e-01
        34         1        6.131646e-01
        35         1        6.188897e-01
        36         1       -1.536498e+00
        37         1        2.172699e+00
        38         1       -1.709738e+00
        39         1        9.213425e-01
        40         1       -3.716487e-03
        41         1        7.700728e-01
        42         1       -1.337818e+00
        43         1        3.040451e-01
        44         1       -2.449583e-01
        45         1        1.838265e+00
        46         1        9.972453e-01
        47         1       -1.728779e+00
        48         1        3.819870e-01
        49         1        2.858807e-01
        50         1       -3.822126e-01
        51         1        1.459269e+00
        52         1        2.566771e+00
        53         1       -5.702372e-01
        54         1        2.745971e-01
        55         1       -2.233346e+00
        56         1       -2.021073e-01
        57         1        1.596463e+00
        58         1        2.032705e-01
        59         1        5.078830e-02
        60         1       -1.669532e+00
        61         1       -1.799931e-01
        62         1       -1.087083e+00
        63         1        4.102208e-01
        64         1        1.548428e-01
        65         1       -1.136714e-01
        66         1        1.278759e-01
        67         1       -1.034870e+00
        68         1       -1.113176e+00
        69         1        7.368810e-01
        70         1        4.174031e-02
        71         1        1.324584e+00
        72         1       -4.760026e-01
        73         1        6.894926e-01
        74         1       -1.258855e+00
        75         1        4.570305e-01
        76         1        8.633928e-01
        77         1        1.221135e+00
        78         1        2.220014e+00
        79         1       -6.643832e-01
        80         1       -5.848419e-01
        81         1        1.257472e+00
        82         1       -3.897299e-01
        83         1        1.483467e+00
        84         1       -4.728662e-01
        85         1       -8.137249e-01
        86         1       -1.116550e+00
        87         1       -8.177681e-01
        88         1       -3.098383e-01
        89         1        1.331995e+00
        90         1       -9.568264e-01
        91         1        3.593062e-01
        92         1       -4.750268e-01
        93         1        5.143550e-01
        94         1        1.712266e+00
        95         1       -9.287410e-01
        96         1        6.693826e-01
        97         1        3.181178e-02
        98         1       -1.077713e+00
        99         1        1.447388e+00
       100         1       -6.478374e-01
         1         2        1.764458e+00
         2         2        8.801284e-01
         3         2       -7.249009e-01
         4         2        5.387490e-01
         5         2        7.009267e-01
         6         2        7.116611e-01
         7         2       -7.358633e-01
         8         2        5.541761e-01
         9         2        2.640312e-01
        10         2       -7.909961e-01
        11         2       -1.133221e+00
        12         2        9.715246e-02
        13         2        1.251222e-01
        14         2        5.857731e-01
        15         2        6.432571e-01
        16         2       -5.706928e-01
        17         2        8.226890e-01
        18         2       -7.881396e-01
        19         2        2.541935e-01
        20         2        1.102305e+00
        21         2        1.042422e+00
        22         2        2.412901e-01
        23         2        8.103730e-01
        24         2       -2.643868e-01
        25         2       -1.573104e+00
        26         2       -4.963443e-01
        27         2       -7.766819e-02
        28         2       -3.052351e-01
        29         2       -2.197973e-01
        30         2        2.688822e-01
        31         2       -1.949099e-01
        32         2       -8.413115e-01
        33         2       -2.491741e+00
        34         2        8.168561e-01
        35         2        8.151347e-02
        36         2       -7.518023e-01
        37         2       -2.197318e+00
        38         2        5.004759e-01
        39         2        5.325622e-01
        40         2       -1.418823e+00
        41         2       -4.081149e-01
        42         2       -5.135820e-01
        43         2       -2.117663e-01
        44         2       -8.562235e-01
        45         2       -9.514303e-01
        46         2       -4.091713e-01
        47         2       -1.113888e+00
        48         2        2.005567e+00
        49         2        2.465778e-03
        50         2       -6.745224e-01
        51         2       -1.384506e-01
        52         2        1.748836e+00
        53         2       -5.963850e-01
        54         2        1.546696e+00
        55         2       -2.826473e-03
        56         2        1.291115e+00
        57         2        5.650692e-01
        58         2       -4.844801e-01
        59         2        5.143686e-01
        60         2        7.954672e-01
        61         2        6.082974e-01
        62         2       -4.744718e-01
        63         2        2.211597e+00
        64         2       -4.231412e-02
        65         2        7.481067e-01
        66         2        7.941474e-01
        67         2        5.181747e-01
        68         2       -1.410429e+00
        69         2        1.823010e+00
        70         2        1.605001e+00
        71         2        3.122676e-01
        72         2        7.428411e-01
        73         2        2.145713e+00
        74         2       -2.903363e-01
        75         2        1.248932e+00
        76         2        5.758444e-01
        77         2        5.238278e-01
        78         2       -1.775273e+00
        79         2       -7.014131e-02
        80         2        9.469530e-01
        81         2        4.708591e-01
        82         2        8.504633e-01
        83         2       -9.656757e-01
        84         2        9.700113e-01
        85         2        7.462919e-01
        86         2        4.066383e-01
        87         2       -1.321381e+00
        88         2       -7.743006e-01
        89         2        2.390661e-01
        90         2       -5.717715e-01
        91         2        6.258337e-01
        92         2        1.265719e+00
        93         2       -7.858147e-01
        94         2        6.408047e-02
        95         2       -3.019017e-01
        96         2       -1.498404e+00
        97         2        1.412871e+00
        98         2       -1.738514e-01
        99         2       -1.047923e+00
       100         2        4.598217e-01
         1         3        1.117137e+00
         2         3       -4.834143e-01
         3         3       -8.877804e-01
         4         3        1.373659e+00
         5         3        1.583564e+00
         6         3        2.370338e+00
         7         3       -5.263339e-01
         8         3        2.292807e+00
         9         3       -1.254643e-01
        10         3       -6.832347e-01
        11         3        1.264565e-01
        12         3        2.751911e-01
        13         3        1.343128e+00
        14         3        7.917985e-03
        15         3       -1.043192e+00
        16         3        5.927490e-01
        17         3       -3.084854e-01
        18         3       -2.304779e-01
        19         3        3.001635e-01
        20         3        3.108857e-01
        21         3       -3.378760e-01
        22         3        8.576293e-01
        23         3       -6.780853e-01
        24         3        1.070802e+00
        25         3       -6.707418e-01
        26         3        1.151688e+00
        27         3        3.493003e-01
        28         3       -1.088377e-02
        29         3       -5.439588e-01
        30         3       -5.674288e-01
        31         3        5.519665e-01
        32         3       -1.425479e+00
        33         3       -1.176241e+00
        34         3        1.746432e-01
        35         3        6.900167e-02
        36         3       -4.656373e-01
        37         3        1.903344e-01
        38         3        7.057083e-01
        39         3        8.005787e-01
        40         3       -4.640187e-01
        41         3       -8.287184e-01
        42         3        1.977478e+00
        43         3       -3.615662e-01
        44         3       -8.370107e-02
        45         3        1.052869e+00
        46         3        1.229050e+00
        47         3        4.107479e-01
        48         3        1.476640e-01
        49         3       -5.423538e-01
        50         3        1.260553e-01
        51         3       -9.885415e-01
        52         3       -5.544593e-01
        53         3        3.143963e-02
        54         3        7.587144e-01
        55         3        3.088729e-01
        56         3       -1.577010e-01
        57         3        4.295275e-01
        58         3       -1.934924e-01
        59         3       -3.570439e-01
        60         3        1.486882e+00
        61         3       -2.029338e-01
        62         3       -1.992082e+00
        63         3        2.819658e-01
        64         3       -1.372076e+00
        65         3       -8.501888e-01
        66         3        1.586429e+00
        67         3       -3.768903e-01
        68         3       -1.389629e+00
        69         3        6.879879e-01
        70         3        1.253796e+00
        71         3        1.363326e+00
        72         3       -4.105808e-02
        73         3        5.024740e-01
        74         3       -1.380674e+00
        75         3        8.142276e-01
        76         3       -5.632141e-01
        77         3       -8.403085e-01
        78         3       -2.506073e-01
        79         3        5.610735e-01
        80         3       -1.548315e+00
        81         3        1.664586e+00
        82         3       -1.093757e+00
        83         3       -1.266241e+00
        84         3       -1.917962e+00
        85         3        3.886150e-01
        86         3       -9.215699e-01
        87         3        8.488618e-02
        88         3       -9.252343e-01
        89         3       -2.879429e-01
        90         3       -7.399829e-01
        91         3        1.759681e+00
        92         3       -3.049132e-01
        93         3       -5.161527e-01
        94         3        1.380656e+00
        95         3        1.902691e+00
        96         3       -6.616846e-01
        97         3        1.403580e-01
        98         3        4.555091e-01
        99         3       -7.441832e-01
       100         3       -4.891206e-01
         1         4       -1.762390e+00
         2         4       -1.865870e-01
         3         4        8.062562e-01
         4         4       -9.790045e-01
         5         4        6.233380e-02
         6         4       -2.033903e+00
         7         4        1.475333e+00
         8         4       -8.647466e-01
         9         4       -1.448729e+00
        10         4       -6.610885e-01
        11         4       -8.213909e-01
        12         4       -2.593411e-01
        13         4        7.502859e-02
        14         4       -1.646591e+00
        15         4       -3.974573e-01
        16         4        1.717221e-01
        17         4       -1.482268e+00
        18         4        2.883999e-01
        19         4       -1.170299e+00
        20         4        8.261417e-01
        21         4        7.098867e-01
        22         4        3.073677e-01
        23         4       -1.468960e-01
        24         4       -2.534165e-01
        25         4       -2.096191e-01
        26         4        1.962905e+00
        27         4        1.117795e+00
        28         4        1.427102e+00
        29         4       -9.662822e-01
        30         4       -6.242750e-01
        31         4       -1.213533e+00
        32         4       -5.464506e-01
        33         4        1.021593e+00
        34         4        1.663257e-01
        35         4        9.391481e-01
        36         4       -1.512487e-01
        37         4       -1.132980e+00
        38         4       -6.959629e-01
        39         4        3.452100e-01
        40         4       -2.818289e-01
        41         4       -1.276471e+00
        42         4        2.083647e+00
        43         4        2.656135e-01
        44         4       -5.617090e-01
        45         4        8.247449e-01
        46         4       -7.793701e-01
        47         4       -1.449175e-01
        48         4        9.114825e-01
        49         4        1.327092e+00
        50         4       -6.084165e-01
        51         4       -3.346174e-02
        52         4        2.982339e-01
        53         4        2.454232e+00
        54         4        1.629070e+00
        55         4        7.561473e-02
        56         4        1.042692e-01
        57         4        8.239978e-01
        58         4       -7.843747e-01
        59         4       -6.403174e-01
        60         4        8.470547e-01
        61         4       -5.716809e-02
        62         4       -4.783072e-01
        63         4        2.317525e-01
        64         4       -7.448424e-01
        65         4       -2.192257e-01
        66         4        3.959294e-01
        67         4        2.296387e+00
        68         4       -4.479146e-01
        69         4       -2.872635e-01
        70         4       -8.813758e-01
        71         4        7.543429e-02
        72         4        1.354052e-01
        73         4        4.060558e-01
        74         4        6.715980e-01
        75         4       -5.910650e-02
        76         4       -4.889117e-01
        77         4        3.687009e-01
        78         4       -5.049356e-01
        79         4        2.079535e+00
        80         4        1.943838e-01
        81         4        7.343519e-01
        82         4       -6.126655e-01
        83         4        4.445081e-02
        84         4        1.298434e+00
        85         4       -1.622402e+00
        86         4       -1.101816e+00
        87         4       -8.708557e-01
        88         4        2.091062e-01
        89         4        1.136770e+00
        90         4       -4.536072e-02
        91         4       -1.019031e+00
        92         4       -3.119469e-01
        93         4        1.626182e+00
        94         4       -9.572996e-01
        95         4       -1.816697e-01
        96         4       -1.905168e-01
        97         4       -2.809028e-01
        98         4        1.356297e+00
        99         4       -2.116441e-01
       100         4        9.788341e-03
         1         5       -1.392383e+00
         2         5        3.353044e-01
         3         5       -4.178090e-01
         4         5       -4.349623e-01
         5         5       -1.662113e+00
         6         5        6.219893e-01
         7         5       -1.539604e-01
         8         5       -8.537146e-01
         9         5        4.166935e-01
        10         5        9.961883e-02
        11         5       -2.118368e+00
        12         5       -1.768222e-01
        13         5       -2.374744e+00
        14         5       -9.845923e-01
        15         5       -1.279882e+00
        16         5       -3.668781e-01
        17         5        4.114992e-01
        18         5       -4.375900e-01
        19         5        1.519814e+00
        20         5        1.080827e+00
        21         5       -5.253754e-01
        22         5       -6.141778e-01
        23         5        1.261202e-01
        24         5        7.841494e-01
        25         5        8.270671e-01
        26         5       -1.211844e+00
        27         5       -3.327903e-02
        28         5        1.761340e+00
        29         5        9.154402e-01
        30         5       -1.020996e+00
        31         5        5.886823e-01
        32         5       -1.637566e+00
        33         5        8.665957e-01
        34         5        1.723642e-01
        35         5        1.285318e+00
        36         5       -1.695519e+00
        37         5       -4.469627e-01
        38         5       -2.761725e-01
        39         5        1.152580e+00
        40         5       -2.777243e-01
        41         5        1.857050e+00
        42         5       -1.802051e+00
        43         5        1.133194e+00
        44         5        9.409116e-01
        45         5       -6.254551e-01
        46         5        2.067182e-01
        47         5        9.091644e-01
        48         5        1.292378e+00
        49         5        9.756026e-01
        50         5       -4.607327e-01
        51         5       -2.857230e+00
        52         5       -4.436086e-01
        53         5        5.832735e-01
        54         5        1.104666e+00
        55         5        2.165868e-01
        56         5       -4.364939e-03
        57         5       -5.369099e-01
        58         5       -3.788716e-02
        59         5       -3.531238e-01
        60         5        4.379711e-01
        61         5       -5.034583e-01
        62         5        9.842996e-02
        63         5        5.137736e-02
        64         5       -4.668740e-02
        65         5       -1.121481e+00
        66         5        9.344858e-01
        67         5        1.648778e-01
        68         5       -7.410580e-01
        69         5        4.260634e-01
        70         5        1.002594e+00
        71         5        2.460625e-01
        72         5       -1.034820e+00
        73         5        6.509878e-01
        74         5       -1.286287e+00
        75         5       -9.915178e-02
        76         5        6.360596e-03
        77         5        7.991212e-01
        78         5       -8.813030e-01
        79         5        2.105119e+00
        80         5       -1.591983e+00
        81         5        1.505209e+00
        82         5        3.004966e+00
        83         5        1.581432e+00
        84         5       -3.938041e-02
        85         5       -2.542941e-01
        86         5        4.183973e-01
        87         5       -3.338117e-02
        88         5       -2.370858e-01
        89         5       -1.117170e+00
        90         5       -2.836590e-01
        91         5       -1.285736e-01
        92         5        1.489491e-02
        93         5        3.346814e-01
        94         5       -1.984778e+00
        95         5        6.362389e-02
        96         5        1.122528e+00
        97         5       -2.514481e-01
        98         5       -7.550101e-01
        99         5        1.068960e+00
       100         5       -6.148951e-01
;
param X_Original:=
    1        1.671641e+00
    2       -7.273306e-01
    3       -1.590321e-01
    4        8.349545e-02
    5        1.176593e+00
    6       -4.408402e-01
    7        6.302678e-01
    8       -4.022890e-01
    9       -9.788823e-01
   10       -8.752006e-01
   11        6.864575e-01
   12       -1.678862e+00
   13        8.414421e-01
   14        1.647124e+00
   15        1.717388e+00
   16        8.324548e-01
   17        7.061685e-01
   18       -6.674074e-01
   19       -4.187841e-01
   20       -5.812591e-01
   21       -8.950305e-01
   22        4.168213e-01
   23       -2.001784e-01
   24       -3.032661e+00
   25        1.263854e-01
   26       -3.587840e-01
   27        4.481311e-01
   28        1.099704e+00
   29        8.660854e-02
   30        1.569751e-01
   31        1.026125e+00
   32       -3.720640e-01
   33       -2.402759e+00
   34        1.659529e+00
   35       -5.440719e-01
   36        6.316717e-01
   37        2.848254e-01
   38       -3.386969e-01
   39       -9.588836e-01
   40        1.069879e+00
   41        8.036963e-01
   42       -2.167846e-01
   43       -1.185015e+00
   44       -1.052569e+00
   45       -5.061166e-01
   46        1.112932e+00
   47       -2.568653e+00
   48        2.636082e-01
   49        5.665057e-01
   50       -8.377765e-01
   51        4.614305e-01
   52        6.127131e-01
   53       -6.484629e-01
   54       -1.228269e+00
   55        1.129897e+00
   56        1.183222e+00
   57        1.306701e+00
   58        2.141147e-02
   59       -2.931114e-01
   60        2.435380e-01
   61        1.345347e+00
   62        7.313411e-02
   63       -6.676038e-01
   64       -9.461744e-01
   65        7.950641e-03
   66       -7.214188e-01
   67        9.324158e-01
   68        9.982426e-01
   69        5.983516e-01
   70       -1.488887e+00
   71        8.126633e-01
   72       -1.554889e-01
   73       -1.595928e-01
   74        6.947051e-01
   75        6.518050e-01
   76       -1.186359e+00
   77       -2.825155e-01
   78        7.172997e-01
   79        5.339620e-01
   80        8.520438e-01
   81       -3.840337e-01
   82        5.485745e-01
   83        2.130957e+00
   84       -6.639813e-01
   85       -2.270662e-01
   86        6.327893e-01
   87       -6.373391e-01
   88        3.799076e-01
   89       -3.772521e-01
   90       -1.442710e+00
   91       -1.405358e+00
   92       -1.483956e+00
   93        1.415923e-01
   94       -5.158505e-01
   95       -3.278097e-01
   96        5.967134e-01
   97        1.081532e-01
   98        5.229190e-01
   99        9.652592e-01
  100        1.532496e+00
;
param outliervec_original :=
    1    1
    2    1
    3    1
    4    1
    5    0
    6    1
    7    1
    8    1
    9    1
   10    1
   11    1
   12    1
   13    1
   14    1
   15    1
   16    0
   17    1
   18    1
   19    1
   20    1
   21    1
   22    1
   23    1
   24    1
   25    0
   26    1
   27    1
   28    1
   29    1
   30    1
   31    1
   32    1
   33    1
   34    1
   35    1
   36    1
   37    1
   38    1
   39    1
   40    1
   41    1
   42    1
   43    1
   44    1
   45    1
   46    1
   47    1
   48    1
   49    1
   50    1
   51    1
   52    1
   53    1
   54    1
   55    0
   56    1
   57    1
   58    0
   59    1
   60    1
   61    1
   62    1
   63    1
   64    0
   65    1
   66    1
   67    1
   68    0
   69    1
   70    1
   71    1
   72    1
   73    1
   74    1
   75    1
   76    0
   77    1
   78    1
   79    1
   80    1
   81    1
   82    1
   83    1
   84    1
   85    1
   86    1
   87    1
   88    0
   89    1
   90    1
   91    1
   92    1
   93    0
   94    1
   95    1
   96    1
   97    1
   98    1
   99    1
  100    1
;
param d:= 73;
param r:=5;
param p:=0.900000;
param M:=1000;
param U:=
         1         1       -6.136676e-01
         2         1       -1.191783e+00
         3         1       -1.470937e-01
         4         1       -2.648242e-01
         5         1        1.199013e+00
         6         1       -1.239086e+00
         7         1        7.114597e-01
         8         1        6.289818e-01
         9         1       -1.438687e+00
        10         1       -7.762965e-01
        11         1        3.663116e-01
        12         1        9.895642e-01
        13         1       -2.493440e-01
        14         1       -2.700097e-01
        15         1        7.426087e-01
        16         1        1.001264e+00
        17         1       -8.717266e-01
        18         1       -4.427677e-01
        19         1        7.312493e-01
        20         1        2.144409e+00
        21         1       -5.097467e-01
        22         1       -5.029015e-01
        23         1        2.393991e-01
        24         1        1.061450e+00
        25         1        2.433879e-01
        26         1        6.151746e-01
        27         1        6.131646e-01
        28         1        6.188897e-01
        29         1       -1.536498e+00
        30         1        2.172699e+00
        31         1       -1.709738e+00
        32         1        9.213425e-01
        33         1       -3.716487e-03
        34         1       -1.337818e+00
        35         1        3.040451e-01
        36         1       -2.449583e-01
        37         1        1.838265e+00
        38         1       -1.728779e+00
        39         1        3.819870e-01
        40         1        2.858807e-01
        41         1       -3.822126e-01
        42         1       -5.702372e-01
        43         1        2.745971e-01
        44         1       -2.021073e-01
        45         1        1.596463e+00
        46         1        2.032705e-01
        47         1        5.078830e-02
        48         1       -1.799931e-01
        49         1       -1.087083e+00
        50         1        1.278759e-01
        51         1       -1.113176e+00
        52         1        7.368810e-01
        53         1        4.174031e-02
        54         1        1.324584e+00
        55         1       -4.760026e-01
        56         1        6.894926e-01
        57         1       -1.258855e+00
        58         1        4.570305e-01
        59         1        1.221135e+00
        60         1        2.220014e+00
        61         1       -5.848419e-01
        62         1        1.257472e+00
        63         1       -8.137249e-01
        64         1       -1.116550e+00
        65         1       -8.177681e-01
        66         1       -3.098383e-01
        67         1       -9.568264e-01
        68         1        3.593062e-01
        69         1        5.143550e-01
        70         1       -9.287410e-01
        71         1        3.181178e-02
        72         1       -1.077713e+00
        73         1       -6.478374e-01
         1         2        1.764458e+00
         2         2        8.801284e-01
         3         2       -7.249009e-01
         4         2        5.387490e-01
         5         2        7.009267e-01
         6         2        7.116611e-01
         7         2       -7.358633e-01
         8         2        5.541761e-01
         9         2        2.640312e-01
        10         2       -7.909961e-01
        11         2       -1.133221e+00
        12         2        1.251222e-01
        13         2        5.857731e-01
        14         2        6.432571e-01
        15         2       -5.706928e-01
        16         2        8.226890e-01
        17         2       -7.881396e-01
        18         2        2.541935e-01
        19         2        1.102305e+00
        20         2        2.412901e-01
        21         2        8.103730e-01
        22         2       -2.643868e-01
        23         2       -4.963443e-01
        24         2       -7.766819e-02
        25         2       -2.197973e-01
        26         2       -2.491741e+00
        27         2        8.168561e-01
        28         2        8.151347e-02
        29         2       -7.518023e-01
        30         2       -2.197318e+00
        31         2        5.004759e-01
        32         2        5.325622e-01
        33         2       -1.418823e+00
        34         2       -5.135820e-01
        35         2       -2.117663e-01
        36         2       -8.562235e-01
        37         2       -9.514303e-01
        38         2       -1.113888e+00
        39         2        2.005567e+00
        40         2        2.465778e-03
        41         2       -6.745224e-01
        42         2       -5.963850e-01
        43         2        1.546696e+00
        44         2        1.291115e+00
        45         2        5.650692e-01
        46         2       -4.844801e-01
        47         2        5.143686e-01
        48         2        6.082974e-01
        49         2       -4.744718e-01
        50         2        7.941474e-01
        51         2       -1.410429e+00
        52         2        1.823010e+00
        53         2        1.605001e+00
        54         2        3.122676e-01
        55         2        7.428411e-01
        56         2        2.145713e+00
        57         2       -2.903363e-01
        58         2        1.248932e+00
        59         2        5.238278e-01
        60         2       -1.775273e+00
        61         2        9.469530e-01
        62         2        4.708591e-01
        63         2        7.462919e-01
        64         2        4.066383e-01
        65         2       -1.321381e+00
        66         2       -7.743006e-01
        67         2       -5.717715e-01
        68         2        6.258337e-01
        69         2       -7.858147e-01
        70         2       -3.019017e-01
        71         2        1.412871e+00
        72         2       -1.738514e-01
        73         2        4.598217e-01
         1         3        1.117137e+00
         2         3       -4.834143e-01
         3         3       -8.877804e-01
         4         3        1.373659e+00
         5         3        1.583564e+00
         6         3        2.370338e+00
         7         3       -5.263339e-01
         8         3        2.292807e+00
         9         3       -1.254643e-01
        10         3       -6.832347e-01
        11         3        1.264565e-01
        12         3        1.343128e+00
        13         3        7.917985e-03
        14         3       -1.043192e+00
        15         3        5.927490e-01
        16         3       -3.084854e-01
        17         3       -2.304779e-01
        18         3        3.001635e-01
        19         3        3.108857e-01
        20         3        8.576293e-01
        21         3       -6.780853e-01
        22         3        1.070802e+00
        23         3        1.151688e+00
        24         3        3.493003e-01
        25         3       -5.439588e-01
        26         3       -1.176241e+00
        27         3        1.746432e-01
        28         3        6.900167e-02
        29         3       -4.656373e-01
        30         3        1.903344e-01
        31         3        7.057083e-01
        32         3        8.005787e-01
        33         3       -4.640187e-01
        34         3        1.977478e+00
        35         3       -3.615662e-01
        36         3       -8.370107e-02
        37         3        1.052869e+00
        38         3        4.107479e-01
        39         3        1.476640e-01
        40         3       -5.423538e-01
        41         3        1.260553e-01
        42         3        3.143963e-02
        43         3        7.587144e-01
        44         3       -1.577010e-01
        45         3        4.295275e-01
        46         3       -1.934924e-01
        47         3       -3.570439e-01
        48         3       -2.029338e-01
        49         3       -1.992082e+00
        50         3        1.586429e+00
        51         3       -1.389629e+00
        52         3        6.879879e-01
        53         3        1.253796e+00
        54         3        1.363326e+00
        55         3       -4.105808e-02
        56         3        5.024740e-01
        57         3       -1.380674e+00
        58         3        8.142276e-01
        59         3       -8.403085e-01
        60         3       -2.506073e-01
        61         3       -1.548315e+00
        62         3        1.664586e+00
        63         3        3.886150e-01
        64         3       -9.215699e-01
        65         3        8.488618e-02
        66         3       -9.252343e-01
        67         3       -7.399829e-01
        68         3        1.759681e+00
        69         3       -5.161527e-01
        70         3        1.902691e+00
        71         3        1.403580e-01
        72         3        4.555091e-01
        73         3       -4.891206e-01
         1         4       -1.762390e+00
         2         4       -1.865870e-01
         3         4        8.062562e-01
         4         4       -9.790045e-01
         5         4        6.233380e-02
         6         4       -2.033903e+00
         7         4        1.475333e+00
         8         4       -8.647466e-01
         9         4       -1.448729e+00
        10         4       -6.610885e-01
        11         4       -8.213909e-01
        12         4        7.502859e-02
        13         4       -1.646591e+00
        14         4       -3.974573e-01
        15         4        1.717221e-01
        16         4       -1.482268e+00
        17         4        2.883999e-01
        18         4       -1.170299e+00
        19         4        8.261417e-01
        20         4        3.073677e-01
        21         4       -1.468960e-01
        22         4       -2.534165e-01
        23         4        1.962905e+00
        24         4        1.117795e+00
        25         4       -9.662822e-01
        26         4        1.021593e+00
        27         4        1.663257e-01
        28         4        9.391481e-01
        29         4       -1.512487e-01
        30         4       -1.132980e+00
        31         4       -6.959629e-01
        32         4        3.452100e-01
        33         4       -2.818289e-01
        34         4        2.083647e+00
        35         4        2.656135e-01
        36         4       -5.617090e-01
        37         4        8.247449e-01
        38         4       -1.449175e-01
        39         4        9.114825e-01
        40         4        1.327092e+00
        41         4       -6.084165e-01
        42         4        2.454232e+00
        43         4        1.629070e+00
        44         4        1.042692e-01
        45         4        8.239978e-01
        46         4       -7.843747e-01
        47         4       -6.403174e-01
        48         4       -5.716809e-02
        49         4       -4.783072e-01
        50         4        3.959294e-01
        51         4       -4.479146e-01
        52         4       -2.872635e-01
        53         4       -8.813758e-01
        54         4        7.543429e-02
        55         4        1.354052e-01
        56         4        4.060558e-01
        57         4        6.715980e-01
        58         4       -5.910650e-02
        59         4        3.687009e-01
        60         4       -5.049356e-01
        61         4        1.943838e-01
        62         4        7.343519e-01
        63         4       -1.622402e+00
        64         4       -1.101816e+00
        65         4       -8.708557e-01
        66         4        2.091062e-01
        67         4       -4.536072e-02
        68         4       -1.019031e+00
        69         4        1.626182e+00
        70         4       -1.816697e-01
        71         4       -2.809028e-01
        72         4        1.356297e+00
        73         4        9.788341e-03
         1         5       -1.392383e+00
         2         5        3.353044e-01
         3         5       -4.178090e-01
         4         5       -4.349623e-01
         5         5       -1.662113e+00
         6         5        6.219893e-01
         7         5       -1.539604e-01
         8         5       -8.537146e-01
         9         5        4.166935e-01
        10         5        9.961883e-02
        11         5       -2.118368e+00
        12         5       -2.374744e+00
        13         5       -9.845923e-01
        14         5       -1.279882e+00
        15         5       -3.668781e-01
        16         5        4.114992e-01
        17         5       -4.375900e-01
        18         5        1.519814e+00
        19         5        1.080827e+00
        20         5       -6.141778e-01
        21         5        1.261202e-01
        22         5        7.841494e-01
        23         5       -1.211844e+00
        24         5       -3.327903e-02
        25         5        9.154402e-01
        26         5        8.665957e-01
        27         5        1.723642e-01
        28         5        1.285318e+00
        29         5       -1.695519e+00
        30         5       -4.469627e-01
        31         5       -2.761725e-01
        32         5        1.152580e+00
        33         5       -2.777243e-01
        34         5       -1.802051e+00
        35         5        1.133194e+00
        36         5        9.409116e-01
        37         5       -6.254551e-01
        38         5        9.091644e-01
        39         5        1.292378e+00
        40         5        9.756026e-01
        41         5       -4.607327e-01
        42         5        5.832735e-01
        43         5        1.104666e+00
        44         5       -4.364939e-03
        45         5       -5.369099e-01
        46         5       -3.788716e-02
        47         5       -3.531238e-01
        48         5       -5.034583e-01
        49         5        9.842996e-02
        50         5        9.344858e-01
        51         5       -7.410580e-01
        52         5        4.260634e-01
        53         5        1.002594e+00
        54         5        2.460625e-01
        55         5       -1.034820e+00
        56         5        6.509878e-01
        57         5       -1.286287e+00
        58         5       -9.915178e-02
        59         5        7.991212e-01
        60         5       -8.813030e-01
        61         5       -1.591983e+00
        62         5        1.505209e+00
        63         5       -2.542941e-01
        64         5        4.183973e-01
        65         5       -3.338117e-02
        66         5       -2.370858e-01
        67         5       -2.836590e-01
        68         5       -1.285736e-01
        69         5        3.346814e-01
        70         5        6.362389e-02
        71         5       -2.514481e-01
        72         5       -7.550101e-01
        73         5       -6.148951e-01
;

param theta:=
    1       -3.816707e-01
    2       -6.380333e-01
    3        6.274945e-01
    4        1.809305e-01
    5       -7.076421e-01
;
param X_true:=
    1        6.420062e-01
    2       -7.329958e-01
    3        3.879230e-01
    4        8.661364e-01
    5        1.176593e+00
    6        7.527479e-01
    7        1.584129e-01
    8        1.240038e+00
    9       -3.367423e-01
   10        4.939493e-01
   11        2.055361e+00
   12        2.067018e+00
   13        1.044107e-01
   14        4.046827e-02
   15        8.324548e-01
   16       -1.599252e+00
   17        1.329978e+00
   18       -1.143486e+00
   19       -1.424129e+00
   20       -2.393025e-03
   21       -9.931908e-01
   22        3.489530e-01
   23        1.984105e+00
   24        8.931916e-02
   25       -1.098528e+00
   26        3.695333e-01
   27       -8.281885e-01
   28       -9.576354e-01
   29        2.041619e+00
   30        7.989310e-01
   31        8.006152e-01
   32       -9.589130e-01
   33        7.421063e-01
   34        3.709209e+00
   35       -8.637541e-01
   36       -3.011069e-01
   37        1.148044e+00
   38        1.125133e+00
   39       -2.130928e+00
   40       -1.043369e+00
   41        9.057629e-01
   42        6.666814e-01
   43       -1.177078e+00
   44       -9.277942e-01
   45       -2.063007e-01
   46        2.141147e-02
   47       -2.836090e-01
   48       -4.954562e-02
   49       -7.381164e-01
   50       -9.103280e-02
   51        9.982426e-01
   52       -1.469675e+00
   53       -1.013361e+00
   54        5.675749e-02
   55        5.162608e-01
   56       -1.599210e+00
   57        6.523576e-01
   58       -4.552158e-01
   59       -1.906145e+00
   60        6.328042e-01
   61       -3.395648e-02
   62       -6.950208e-01
   63        2.199790e-01
   64       -1.057168e+00
   65        9.863879e-01
   66        3.799076e-01
   67        5.162879e-01
   68        6.738504e-01
   69        1.415923e-01
   70        1.607873e+00
   71       -8.036966e-01
   72        1.508755e+00
   73        2.427104e-02
;
param X:=
    1        1.671641e+00
    2       -7.273306e-01
    3       -1.590321e-01
    4        8.349545e-02
    5        1.176593e+00
    6       -4.408402e-01
    7        6.302678e-01
    8       -4.022890e-01
    9       -9.788823e-01
   10       -8.752006e-01
   11        6.864575e-01
   12        8.414421e-01
   13        1.647124e+00
   14        1.717388e+00
   15        8.324548e-01
   16        7.061685e-01
   17       -6.674074e-01
   18       -4.187841e-01
   19       -5.812591e-01
   20        4.168213e-01
   21       -2.001784e-01
   22       -3.032661e+00
   23       -3.587840e-01
   24        4.481311e-01
   25        8.660854e-02
   26       -2.402759e+00
   27        1.659529e+00
   28       -5.440719e-01
   29        6.316717e-01
   30        2.848254e-01
   31       -3.386969e-01
   32       -9.588836e-01
   33        1.069879e+00
   34       -2.167846e-01
   35       -1.185015e+00
   36       -1.052569e+00
   37       -5.061166e-01
   38       -2.568653e+00
   39        2.636082e-01
   40        5.665057e-01
   41       -8.377765e-01
   42       -6.484629e-01
   43       -1.228269e+00
   44        1.183222e+00
   45        1.306701e+00
   46        2.141147e-02
   47       -2.931114e-01
   48        1.345347e+00
   49        7.313411e-02
   50       -7.214188e-01
   51        9.982426e-01
   52        5.983516e-01
   53       -1.488887e+00
   54        8.126633e-01
   55       -1.554889e-01
   56       -1.595928e-01
   57        6.947051e-01
   58        6.518050e-01
   59       -2.825155e-01
   60        7.172997e-01
   61        8.520438e-01
   62       -3.840337e-01
   63       -2.270662e-01
   64        6.327893e-01
   65       -6.373391e-01
   66        3.799076e-01
   67       -1.442710e+00
   68       -1.405358e+00
   69        1.415923e-01
   70       -3.278097e-01
   71        1.081532e-01
   72        5.229190e-01
   73        1.532496e+00
;
param outliervec:=
    1    1
    2    1
    3    1
    4    1
    5    0
    6    1
    7    1
    8    1
    9    1
   10    1
   11    1
   12    1
   13    1
   14    1
   15    0
   16    1
   17    1
   18    1
   19    1
   20    1
   21    1
   22    1
   23    1
   24    1
   25    1
   26    1
   27    1
   28    1
   29    1
   30    1
   31    1
   32    1
   33    1
   34    1
   35    1
   36    1
   37    1
   38    1
   39    1
   40    1
   41    1
   42    1
   43    1
   44    1
   45    1
   46    0
   47    1
   48    1
   49    1
   50    1
   51    0
   52    1
   53    1
   54    1
   55    1
   56    1
   57    1
   58    1
   59    1
   60    1
   61    1
   62    1
   63    1
   64    1
   65    1
   66    0
   67    1
   68    1
   69    0
   70    1
   71    1
   72    1
   73    1
;