data;


param D:= 100;
param U_Original:=
         1         1        5.543308e-02
         2         1        1.374575e+00
         3         1       -1.488339e+00
         4         1        9.803395e-01
         5         1       -6.688955e-01
         6         1       -1.204947e-01
         7         1        8.395332e-01
         8         1        6.344751e-01
         9         1       -1.002330e+00
        10         1       -3.064064e-01
        11         1       -5.109762e-01
        12         1       -5.943994e-01
        13         1       -8.603478e-02
        14         1       -3.752834e-01
        15         1        1.484852e+00
        16         1        2.465361e-01
        17         1        5.676029e-01
        18         1       -6.494740e-01
        19         1       -2.539183e-01
        20         1       -9.908433e-01
        21         1        7.355078e-01
        22         1       -1.172078e-01
        23         1        7.820748e-01
        24         1        7.056883e-02
        25         1        1.586372e+00
        26         1        4.725147e-01
        27         1        4.624619e-01
        28         1        4.734031e-01
        29         1        9.592906e-01
        30         1        1.156624e+00
        31         1        7.853944e-01
        32         1        1.022052e+00
        33         1        4.846051e-01
        34         1        1.253340e+00
        35         1        3.521518e-01
        36         1       -8.942211e-01
        37         1        4.974605e-01
        38         1        3.645862e-01
        39         1       -7.350077e-01
        40         1        8.779909e-01
        41         1        4.685045e-01
        42         1       -2.256269e+00
        43         1       -9.857048e-01
        44         1       -9.910169e-01
        45         1        4.040645e-01
        46         1        1.846234e+00
        47         1       -6.570982e-01
        48         1       -3.316789e-01
        49         1       -9.752650e-01
        50         1       -2.034393e-01
        51         1        1.627650e+00
        52         1       -1.366864e-01
        53         1        5.906704e-01
        54         1       -5.608913e-01
        55         1        4.478364e-01
        56         1        7.690771e-01
        57         1       -7.366769e-01
        58         1        2.145151e+00
        59         1        6.776053e-01
        60         1        9.035964e-01
        61         1        4.580743e-01
        62         1       -1.418728e+00
        63         1       -3.694912e-01
        64         1        8.262440e-01
        65         1        2.651851e-01
        66         1       -3.027932e-01
        67         1       -4.824249e-02
        68         1       -1.541201e+00
        69         1       -5.361478e-01
        70         1        3.039265e-01
        71         1       -1.938831e+00
        72         1        5.839137e-01
        73         1       -5.345351e-01
        74         1       -1.816189e-01
        75         1       -1.189443e+00
        76         1       -1.637296e+00
        77         1        9.200545e-02
        78         1       -1.266429e+00
        79         1       -1.612901e-01
        80         1       -9.804216e-02
        81         1        3.294568e-01
        82         1       -6.281891e-01
        83         1        9.146489e-01
        84         1        4.466408e-01
        85         1        1.307438e+00
        86         1        1.155287e+00
        87         1       -1.484447e+00
        88         1        3.744745e-01
        89         1        2.501583e-02
        90         1       -7.986583e-01
        91         1       -6.233579e-01
        92         1        1.563082e+00
        93         1        7.843879e-02
        94         1        2.430455e+00
        95         1        1.264945e-01
        96         1       -4.247499e-01
        97         1        1.717531e+00
        98         1       -7.864598e-01
        99         1       -1.082188e+00
       100         1       -2.902324e-01
         1         2       -1.168071e+00
         2         2        2.400149e+00
         3         2       -9.212488e-01
         4         2       -8.757820e-02
         5         2       -8.912938e-01
         6         2       -6.794413e-01
         7         2        2.292183e-01
         8         2        6.923363e-01
         9         2        1.170043e-01
        10         2       -1.706672e+00
        11         2       -6.744610e-01
        12         2        8.031414e-01
        13         2        1.759828e+00
        14         2       -1.420442e+00
        15         2        7.301852e-01
        16         2        3.529331e-01
        17         2        7.240582e-01
        18         2        5.495968e-01
        19         2        4.635682e-01
        20         2        1.326385e-01
        21         2        6.287454e-01
        22         2       -9.825011e-01
        23         2       -3.360580e-02
        24         2       -1.417919e-02
        25         2        6.565770e-01
        26         2       -2.752376e-01
        27         2       -2.428623e-01
        28         2        5.234364e-02
        29         2        4.664357e-01
        30         2       -5.575534e-01
        31         2        1.078683e+00
        32         2       -2.454694e-01
        33         2        2.337913e+00
        34         2        5.999932e-01
        35         2        1.807911e+00
        36         2        1.050882e+00
        37         2        3.666807e-01
        38         2        1.192706e+00
        39         2       -4.067310e-01
        40         2       -6.741042e-01
        41         2        2.023083e+00
        42         2        9.933391e-01
        43         2       -1.253554e+00
        44         2       -1.108565e+00
        45         2        5.611291e-01
        46         2       -7.425427e-01
        47         2        4.399336e-01
        48         2        9.238567e-01
        49         2        8.317869e-01
        50         2        1.728940e+00
        51         2       -5.541768e-01
        52         2       -1.714608e+00
        53         2       -4.854972e-01
        54         2        2.942874e-01
        55         2        4.611670e-01
        56         2       -6.525129e-01
        57         2       -2.565777e-02
        58         2        8.562584e-01
        59         2        6.385259e-01
        60         2        3.763622e-01
        61         2       -1.319667e-01
        62         2        1.535081e+00
        63         2        3.493350e-01
        64         2        9.873801e-01
        65         2       -6.406581e-01
        66         2       -1.793709e-01
        67         2        1.285154e+00
        68         2       -4.893622e-01
        69         2       -6.523321e-01
        70         2        1.366001e+00
        71         2       -5.334201e-01
        72         2        1.584226e+00
        73         2       -1.393990e+00
        74         2        4.598392e-02
        75         2       -7.992156e-01
        76         2        9.759855e-01
        77         2       -4.966356e-01
        78         2       -4.064817e-01
        79         2       -1.256765e-01
        80         2       -1.796886e+00
        81         2        1.688189e+00
        82         2       -1.523928e+00
        83         2       -1.124355e+00
        84         2        5.943802e-01
        85         2        6.175915e-01
        86         2       -7.808112e-02
        87         2       -6.984602e-01
        88         2       -1.032464e+00
        89         2        3.045757e-01
        90         2       -3.621933e-01
        91         2        3.934102e-01
        92         2        5.125309e-02
        93         2       -8.088193e-02
        94         2       -1.105472e+00
        95         2       -3.661819e-01
        96         2       -1.372434e+00
        97         2       -8.880387e-01
        98         2        3.087131e-01
        99         2        3.067942e-01
       100         2       -6.829497e-01
         1         3       -6.982486e-02
         2         3        1.228796e-01
         3         3       -2.187649e+00
         4         3        6.829285e-01
         5         3       -1.256599e-03
         6         3       -3.933479e-01
         7         3        3.267427e-01
         8         3        1.054777e+00
         9         3       -4.148181e-01
        10         3       -1.511554e+00
        11         3        1.649892e-01
        12         3        1.209415e+00
        13         3       -1.426231e+00
        14         3        3.974273e-01
        15         3        1.425820e-01
        16         3        1.454706e+00
        17         3        7.647193e-01
        18         3       -1.443988e-01
        19         3       -2.750361e-01
        20         3       -7.421242e-01
        21         3       -3.655986e-01
        22         3       -1.229235e+00
        23         3        4.157298e-01
        24         3        1.411208e+00
        25         3       -2.688910e-01
        26         3       -6.788588e-02
        27         3        5.697387e-01
        28         3        7.777763e-01
        29         3        1.284951e+00
        30         3       -1.173724e+00
        31         3        1.607138e+00
        32         3        1.658950e+00
        33         3       -6.316070e-01
        34         3        1.938183e+00
        35         3       -7.745023e-01
        36         3       -1.628879e-01
        37         3       -2.594561e+00
        38         3       -7.023337e-01
        39         3        1.599473e+00
        40         3        8.427483e-01
        41         3       -1.487515e+00
        42         3       -7.412809e-01
        43         3       -8.168225e-01
        44         3        1.022395e+00
        45         3        1.275401e+00
        46         3        1.178218e+00
        47         3        7.849211e-01
        48         3       -8.346020e-01
        49         3       -1.507844e+00
        50         3       -6.277904e-01
        51         3       -1.533718e+00
        52         3       -2.508207e-02
        53         3       -1.167430e+00
        54         3        5.373469e-02
        55         3       -1.548413e-01
        56         3        6.471017e-01
        57         3       -1.888438e-01
        58         3        8.992645e-02
        59         3       -1.241368e+00
        60         3        1.073823e+00
        61         3       -3.552699e-01
        62         3       -2.290883e-01
        63         3       -5.211930e-01
        64         3        3.600528e-01
        65         3       -8.525928e-01
        66         3       -7.059488e-01
        67         3       -5.034414e-01
        68         3       -1.520851e+00
        69         3        3.179397e+00
        70         3       -1.224331e+00
        71         3        1.563205e+00
        72         3       -2.481066e+00
        73         3        2.048158e-01
        74         3       -1.213829e+00
        75         3       -1.318513e+00
        76         3        6.253729e-01
        77         3        5.079755e-01
        78         3       -5.436260e-01
        79         3       -5.532486e-01
        80         3       -1.434962e-01
        81         3        1.456089e+00
        82         3        9.932746e-01
        83         3        1.801883e+00
        84         3        2.213588e-01
        85         3        1.389145e+00
        86         3       -1.012564e+00
        87         3       -1.412777e+00
        88         3        1.383871e+00
        89         3       -2.229637e+00
        90         3        5.877210e-01
        91         3       -6.377721e-01
        92         3       -3.036256e-01
        93         3       -1.931304e+00
        94         3       -2.776796e+00
        95         3        4.020966e-01
        96         3        1.862843e+00
        97         3       -9.937196e-01
        98         3       -3.476786e-01
        99         3       -1.340097e+00
       100         3       -1.410157e+00
         1         4       -4.186702e-01
         2         4        3.077000e+00
         3         4       -1.323684e+00
         4         4        5.042002e-01
         5         4        2.161414e-01
         6         4       -1.825944e-01
         7         4       -5.188472e-01
         8         4       -6.861057e-01
         9         4       -8.976062e-01
        10         4        2.449308e-01
        11         4        1.260627e+00
        12         4        2.979335e-01
        13         4        2.274863e-01
        14         4       -1.090757e+00
        15         4       -4.685983e-01
        16         4       -7.455286e-01
        17         4        3.022458e-01
        18         4        1.282849e+00
        19         4       -6.478896e-01
        20         4       -5.619938e-01
        21         4       -5.414136e-01
        22         4       -8.167213e-01
        23         4        2.278687e-02
        24         4       -7.098236e-01
        25         4       -9.567931e-01
        26         4       -9.921361e-01
        27         4       -5.952658e-01
        28         4       -1.124434e+00
        29         4        2.370036e-01
        30         4       -2.673497e+00
        31         4        1.605362e+00
        32         4       -3.722291e-01
        33         4       -7.026611e-01
        34         4        1.073169e-02
        35         4        5.080007e-01
        36         4       -5.514733e-01
        37         4        5.954120e-01
        38         4        6.132447e-01
        39         4        4.003677e-01
        40         4       -4.426263e-01
        41         4       -6.795738e-01
        42         4        2.099349e+00
        43         4        1.916879e-01
        44         4       -3.058526e-01
        45         4        2.001305e-01
        46         4       -6.674655e-01
        47         4       -9.009293e-01
        48         4        1.074332e+00
        49         4       -3.329640e-01
        50         4        2.872663e-01
        51         4       -1.321346e-01
        52         4       -1.189445e+00
        53         4       -1.065805e+00
        54         4       -1.317803e+00
        55         4       -5.146813e-01
        56         4       -1.148436e+00
        57         4        1.030729e+00
        58         4       -9.942017e-01
        59         4        5.425510e-03
        60         4        5.929425e-01
        61         4       -7.753455e-01
        62         4       -1.267410e+00
        63         4        2.278478e-01
        64         4       -8.508868e-01
        65         4       -1.797052e+00
        66         4        1.682456e+00
        67         4        1.218256e+00
        68         4        9.802090e-01
        69         4        1.456546e-01
        70         4        8.651147e-01
        71         4        5.310600e-01
        72         4        2.347390e-01
        73         4       -8.704670e-01
        74         4        2.823670e+00
        75         4        9.724450e-01
        76         4        5.425740e-01
        77         4       -5.399969e-01
        78         4        9.149509e-01
        79         4        1.225508e+00
        80         4        1.602781e-01
        81         4        1.618996e+00
        82         4       -9.725425e-01
        83         4        2.721528e-01
        84         4        8.127475e-01
        85         4        1.798613e-01
        86         4       -1.905575e+00
        87         4       -1.740033e+00
        88         4       -1.241531e+00
        89         4        9.477994e-01
        90         4        1.132088e+00
        91         4        1.563342e+00
        92         4        5.018665e-01
        93         4       -1.161652e-01
        94         4       -1.295913e-01
        95         4        9.213738e-01
        96         4       -4.838424e-01
        97         4        5.073575e-01
        98         4        7.532862e-01
        99         4        5.460420e-01
       100         4        2.993416e-01
         1         5        1.612743e+00
         2         5       -5.065097e-01
         3         5       -5.343331e-02
         4         5        1.000976e+00
         5         5       -1.978637e-01
         6         5        3.526140e-01
         7         5        6.216626e-01
         8         5       -7.324577e-01
         9         5       -8.415188e-01
        10         5        9.741791e-01
        11         5        1.586485e+00
        12         5        1.685295e+00
        13         5        1.238767e+00
        14         5        2.106882e+00
        15         5       -1.166473e+00
        16         5       -2.784616e-01
        17         5        6.560478e-01
        18         5       -3.741715e-01
        19         5       -2.263314e+00
        20         5       -1.344715e+00
        21         5       -1.033906e+00
        22         5        6.178748e-01
        23         5        1.173096e+00
        24         5       -8.671411e-01
        25         5       -9.486367e-01
        26         5       -1.709646e+00
        27         5       -4.668139e-01
        28         5        4.478600e-01
        29         5        1.396402e+00
        30         5        1.341900e-01
        31         5       -1.697365e+00
        32         5        1.154562e+00
        33         5        1.171761e+00
        34         5       -1.698440e+00
        35         5        5.937362e-01
        36         5        9.651591e-01
        37         5        6.127020e-01
        38         5        1.069403e+00
        39         5       -1.461477e-01
        40         5        3.649756e-01
        41         5       -5.429538e-01
        42         5        3.385129e-01
        43         5       -4.511196e-01
        44         5       -1.256242e+00
        45         5       -8.666446e-01
        46         5       -1.023561e+00
        47         5        2.249198e+00
        48         5       -8.699132e-01
        49         5       -7.659846e-01
        50         5        6.497619e-01
        51         5       -4.979670e-01
        52         5        6.222941e-02
        53         5        4.742703e-01
        54         5        8.149787e-03
        55         5        2.671179e-01
        56         5       -5.145926e-01
        57         5        3.663281e-01
        58         5        1.242867e+00
        59         5        7.007560e-01
        60         5        1.811089e-01
        61         5       -4.513668e-01
        62         5       -1.178036e+00
        63         5        1.087144e+00
        64         5       -2.925074e-01
        65         5        9.629867e-01
        66         5        2.231125e+00
        67         5       -5.053649e-01
        68         5       -1.225774e+00
        69         5       -1.082332e+00
        70         5        1.182638e-02
        71         5        8.035149e-01
        72         5       -4.413607e-01
        73         5        9.082956e-01
        74         5       -5.045275e-01
        75         5       -1.596249e-01
        76         5       -1.670439e-01
        77         5        2.296195e-01
        78         5       -6.688478e-01
        79         5       -2.297252e+00
        80         5       -1.010882e+00
        81         5       -5.673178e-01
        82         5       -3.712903e-01
        83         5       -1.829989e-01
        84         5        1.222845e-01
        85         5       -9.178310e-01
        86         5        8.916680e-01
        87         5       -7.147130e-01
        88         5       -5.841277e-01
        89         5        1.356475e+00
        90         5        2.530134e-01
        91         5        1.506460e+00
        92         5       -1.972151e-01
        93         5        7.568836e-01
        94         5       -8.294117e-01
        95         5        5.102964e-02
        96         5        5.542637e-02
        97         5        8.109861e-01
        98         5       -1.812962e+00
        99         5       -7.379978e-01
       100         5        5.465722e-01
;
param X_Original:=
    1        1.241390e+00
    2       -3.427162e-01
    3        1.103001e+00
    4       -1.040040e+00
    5        8.874883e-01
    6       -4.387512e-01
    7        1.052092e+00
    8        1.199502e+00
    9       -4.488886e-01
   10       -1.461522e+00
   11        1.376782e+00
   12       -5.750053e-01
   13       -4.894621e-01
   14       -1.126231e+00
   15        2.539373e+00
   16       -5.373499e-02
   17        1.214684e-01
   18       -8.742207e-01
   19        1.212523e+00
   20        2.843796e-01
   21       -3.434361e-01
   22        1.018910e+00
   23       -1.676227e+00
   24        8.087247e-01
   25        1.589293e+00
   26        1.848545e+00
   27        1.296000e+00
   28       -1.341215e+00
   29       -2.163584e+00
   30       -7.116937e-01
   31        8.453762e-01
   32        1.051689e+00
   33        3.258841e-01
   34       -1.574899e-02
   35       -6.846798e-01
   36       -4.945388e-01
   37        1.716204e-01
   38       -1.359854e+00
   39       -3.016283e+00
   40       -7.113500e-01
   41        8.746320e-01
   42       -2.299182e-01
   43        3.541857e-01
   44       -1.320470e+00
   45       -2.776050e-01
   46        2.406712e+00
   47       -2.272516e-01
   48       -1.175305e+00
   49        8.916365e-01
   50       -5.127187e-01
   51       -7.485335e-01
   52       -1.246061e+00
   53        9.119059e-01
   54       -1.766580e-01
   55        1.945644e-01
   56        6.947670e-01
   57        7.519529e-01
   58        1.647565e+00
   59       -6.094285e-01
   60        2.185403e-01
   61        3.469292e-01
   62        2.602848e-01
   63       -1.933161e-01
   64        2.694259e-01
   65       -1.538077e+00
   66       -1.441493e+00
   67        1.432911e+00
   68        1.470666e+00
   69       -1.425089e+00
   70        5.672088e-01
   71       -2.629865e+00
   72        1.275488e+00
   73        2.243512e-01
   74       -6.229561e-01
   75       -5.086993e-01
   76       -5.817678e-02
   77        5.984546e-01
   78        1.148795e+00
   79       -5.959138e-01
   80        2.191295e+00
   81        9.134303e-01
   82        2.813837e-01
   83       -1.200834e+00
   84        1.647290e+00
   85       -5.805883e-02
   86       -1.645236e+00
   87        6.926565e-01
   88        1.324350e+00
   89       -1.320065e+00
   90       -3.924232e-01
   91        1.429599e-01
   92       -5.151600e-01
   93       -4.290942e-01
   94       -1.415320e+00
   95       -1.181322e+00
   96       -1.325735e+00
   97        4.872909e-01
   98        1.843854e+00
   99       -5.232334e-01
  100       -8.548242e-02
;
param outliervec_original :=
    1    1
    2    1
    3    1
    4    0
    5    1
    6    1
    7    1
    8    1
    9    1
   10    1
   11    1
   12    1
   13    1
   14    1
   15    0
   16    1
   17    1
   18    1
   19    1
   20    1
   21    1
   22    1
   23    0
   24    0
   25    1
   26    1
   27    1
   28    0
   29    0
   30    1
   31    1
   32    1
   33    1
   34    1
   35    0
   36    1
   37    0
   38    0
   39    1
   40    1
   41    0
   42    1
   43    1
   44    1
   45    1
   46    0
   47    1
   48    1
   49    1
   50    1
   51    1
   52    1
   53    1
   54    1
   55    1
   56    0
   57    1
   58    1
   59    0
   60    0
   61    1
   62    0
   63    1
   64    0
   65    1
   66    1
   67    0
   68    1
   69    1
   70    1
   71    0
   72    1
   73    1
   74    1
   75    1
   76    1
   77    1
   78    1
   79    1
   80    0
   81    1
   82    1
   83    1
   84    1
   85    1
   86    0
   87    1
   88    1
   89    0
   90    0
   91    1
   92    1
   93    1
   94    1
   95    1
   96    1
   97    1
   98    1
   99    1
  100    1
;
param d:= 76;
param r:=5;
param p:=0.780000;
param M:=1000;
param U:=
         1         1        1.374575e+00
         2         1       -1.488339e+00
         3         1        9.803395e-01
         4         1       -6.688955e-01
         5         1       -1.204947e-01
         6         1        8.395332e-01
         7         1        6.344751e-01
         8         1       -1.002330e+00
         9         1       -3.064064e-01
        10         1       -8.603478e-02
        11         1       -3.752834e-01
        12         1        1.484852e+00
        13         1        2.465361e-01
        14         1        5.676029e-01
        15         1       -6.494740e-01
        16         1       -2.539183e-01
        17         1       -9.908433e-01
        18         1       -1.172078e-01
        19         1        7.820748e-01
        20         1        7.056883e-02
        21         1        1.586372e+00
        22         1        4.725147e-01
        23         1        4.624619e-01
        24         1        4.734031e-01
        25         1        9.592906e-01
        26         1        7.853944e-01
        27         1        4.846051e-01
        28         1        1.253340e+00
        29         1        3.521518e-01
        30         1       -8.942211e-01
        31         1        4.974605e-01
        32         1        3.645862e-01
        33         1       -7.350077e-01
        34         1        8.779909e-01
        35         1        4.685045e-01
        36         1       -9.857048e-01
        37         1        4.040645e-01
        38         1        1.846234e+00
        39         1       -9.752650e-01
        40         1       -2.034393e-01
        41         1        5.906704e-01
        42         1       -5.608913e-01
        43         1        4.478364e-01
        44         1        7.690771e-01
        45         1        2.145151e+00
        46         1        6.776053e-01
        47         1        9.035964e-01
        48         1        4.580743e-01
        49         1       -1.418728e+00
        50         1       -3.694912e-01
        51         1        8.262440e-01
        52         1       -3.027932e-01
        53         1       -1.541201e+00
        54         1       -5.361478e-01
        55         1        3.039265e-01
        56         1       -1.938831e+00
        57         1        5.839137e-01
        58         1       -5.345351e-01
        59         1       -1.816189e-01
        60         1       -1.189443e+00
        61         1        9.200545e-02
        62         1       -9.804216e-02
        63         1       -6.281891e-01
        64         1        9.146489e-01
        65         1        1.307438e+00
        66         1       -1.484447e+00
        67         1        3.744745e-01
        68         1        2.501583e-02
        69         1       -7.986583e-01
        70         1        7.843879e-02
        71         1        1.264945e-01
        72         1       -4.247499e-01
        73         1        1.717531e+00
        74         1       -7.864598e-01
        75         1       -1.082188e+00
        76         1       -2.902324e-01
         1         2        2.400149e+00
         2         2       -9.212488e-01
         3         2       -8.757820e-02
         4         2       -8.912938e-01
         5         2       -6.794413e-01
         6         2        2.292183e-01
         7         2        6.923363e-01
         8         2        1.170043e-01
         9         2       -1.706672e+00
        10         2        1.759828e+00
        11         2       -1.420442e+00
        12         2        7.301852e-01
        13         2        3.529331e-01
        14         2        7.240582e-01
        15         2        5.495968e-01
        16         2        4.635682e-01
        17         2        1.326385e-01
        18         2       -9.825011e-01
        19         2       -3.360580e-02
        20         2       -1.417919e-02
        21         2        6.565770e-01
        22         2       -2.752376e-01
        23         2       -2.428623e-01
        24         2        5.234364e-02
        25         2        4.664357e-01
        26         2        1.078683e+00
        27         2        2.337913e+00
        28         2        5.999932e-01
        29         2        1.807911e+00
        30         2        1.050882e+00
        31         2        3.666807e-01
        32         2        1.192706e+00
        33         2       -4.067310e-01
        34         2       -6.741042e-01
        35         2        2.023083e+00
        36         2       -1.253554e+00
        37         2        5.611291e-01
        38         2       -7.425427e-01
        39         2        8.317869e-01
        40         2        1.728940e+00
        41         2       -4.854972e-01
        42         2        2.942874e-01
        43         2        4.611670e-01
        44         2       -6.525129e-01
        45         2        8.562584e-01
        46         2        6.385259e-01
        47         2        3.763622e-01
        48         2       -1.319667e-01
        49         2        1.535081e+00
        50         2        3.493350e-01
        51         2        9.873801e-01
        52         2       -1.793709e-01
        53         2       -4.893622e-01
        54         2       -6.523321e-01
        55         2        1.366001e+00
        56         2       -5.334201e-01
        57         2        1.584226e+00
        58         2       -1.393990e+00
        59         2        4.598392e-02
        60         2       -7.992156e-01
        61         2       -4.966356e-01
        62         2       -1.796886e+00
        63         2       -1.523928e+00
        64         2       -1.124355e+00
        65         2        6.175915e-01
        66         2       -6.984602e-01
        67         2       -1.032464e+00
        68         2        3.045757e-01
        69         2       -3.621933e-01
        70         2       -8.088193e-02
        71         2       -3.661819e-01
        72         2       -1.372434e+00
        73         2       -8.880387e-01
        74         2        3.087131e-01
        75         2        3.067942e-01
        76         2       -6.829497e-01
         1         3        1.228796e-01
         2         3       -2.187649e+00
         3         3        6.829285e-01
         4         3       -1.256599e-03
         5         3       -3.933479e-01
         6         3        3.267427e-01
         7         3        1.054777e+00
         8         3       -4.148181e-01
         9         3       -1.511554e+00
        10         3       -1.426231e+00
        11         3        3.974273e-01
        12         3        1.425820e-01
        13         3        1.454706e+00
        14         3        7.647193e-01
        15         3       -1.443988e-01
        16         3       -2.750361e-01
        17         3       -7.421242e-01
        18         3       -1.229235e+00
        19         3        4.157298e-01
        20         3        1.411208e+00
        21         3       -2.688910e-01
        22         3       -6.788588e-02
        23         3        5.697387e-01
        24         3        7.777763e-01
        25         3        1.284951e+00
        26         3        1.607138e+00
        27         3       -6.316070e-01
        28         3        1.938183e+00
        29         3       -7.745023e-01
        30         3       -1.628879e-01
        31         3       -2.594561e+00
        32         3       -7.023337e-01
        33         3        1.599473e+00
        34         3        8.427483e-01
        35         3       -1.487515e+00
        36         3       -8.168225e-01
        37         3        1.275401e+00
        38         3        1.178218e+00
        39         3       -1.507844e+00
        40         3       -6.277904e-01
        41         3       -1.167430e+00
        42         3        5.373469e-02
        43         3       -1.548413e-01
        44         3        6.471017e-01
        45         3        8.992645e-02
        46         3       -1.241368e+00
        47         3        1.073823e+00
        48         3       -3.552699e-01
        49         3       -2.290883e-01
        50         3       -5.211930e-01
        51         3        3.600528e-01
        52         3       -7.059488e-01
        53         3       -1.520851e+00
        54         3        3.179397e+00
        55         3       -1.224331e+00
        56         3        1.563205e+00
        57         3       -2.481066e+00
        58         3        2.048158e-01
        59         3       -1.213829e+00
        60         3       -1.318513e+00
        61         3        5.079755e-01
        62         3       -1.434962e-01
        63         3        9.932746e-01
        64         3        1.801883e+00
        65         3        1.389145e+00
        66         3       -1.412777e+00
        67         3        1.383871e+00
        68         3       -2.229637e+00
        69         3        5.877210e-01
        70         3       -1.931304e+00
        71         3        4.020966e-01
        72         3        1.862843e+00
        73         3       -9.937196e-01
        74         3       -3.476786e-01
        75         3       -1.340097e+00
        76         3       -1.410157e+00
         1         4        3.077000e+00
         2         4       -1.323684e+00
         3         4        5.042002e-01
         4         4        2.161414e-01
         5         4       -1.825944e-01
         6         4       -5.188472e-01
         7         4       -6.861057e-01
         8         4       -8.976062e-01
         9         4        2.449308e-01
        10         4        2.274863e-01
        11         4       -1.090757e+00
        12         4       -4.685983e-01
        13         4       -7.455286e-01
        14         4        3.022458e-01
        15         4        1.282849e+00
        16         4       -6.478896e-01
        17         4       -5.619938e-01
        18         4       -8.167213e-01
        19         4        2.278687e-02
        20         4       -7.098236e-01
        21         4       -9.567931e-01
        22         4       -9.921361e-01
        23         4       -5.952658e-01
        24         4       -1.124434e+00
        25         4        2.370036e-01
        26         4        1.605362e+00
        27         4       -7.026611e-01
        28         4        1.073169e-02
        29         4        5.080007e-01
        30         4       -5.514733e-01
        31         4        5.954120e-01
        32         4        6.132447e-01
        33         4        4.003677e-01
        34         4       -4.426263e-01
        35         4       -6.795738e-01
        36         4        1.916879e-01
        37         4        2.001305e-01
        38         4       -6.674655e-01
        39         4       -3.329640e-01
        40         4        2.872663e-01
        41         4       -1.065805e+00
        42         4       -1.317803e+00
        43         4       -5.146813e-01
        44         4       -1.148436e+00
        45         4       -9.942017e-01
        46         4        5.425510e-03
        47         4        5.929425e-01
        48         4       -7.753455e-01
        49         4       -1.267410e+00
        50         4        2.278478e-01
        51         4       -8.508868e-01
        52         4        1.682456e+00
        53         4        9.802090e-01
        54         4        1.456546e-01
        55         4        8.651147e-01
        56         4        5.310600e-01
        57         4        2.347390e-01
        58         4       -8.704670e-01
        59         4        2.823670e+00
        60         4        9.724450e-01
        61         4       -5.399969e-01
        62         4        1.602781e-01
        63         4       -9.725425e-01
        64         4        2.721528e-01
        65         4        1.798613e-01
        66         4       -1.740033e+00
        67         4       -1.241531e+00
        68         4        9.477994e-01
        69         4        1.132088e+00
        70         4       -1.161652e-01
        71         4        9.213738e-01
        72         4       -4.838424e-01
        73         4        5.073575e-01
        74         4        7.532862e-01
        75         4        5.460420e-01
        76         4        2.993416e-01
         1         5       -5.065097e-01
         2         5       -5.343331e-02
         3         5        1.000976e+00
         4         5       -1.978637e-01
         5         5        3.526140e-01
         6         5        6.216626e-01
         7         5       -7.324577e-01
         8         5       -8.415188e-01
         9         5        9.741791e-01
        10         5        1.238767e+00
        11         5        2.106882e+00
        12         5       -1.166473e+00
        13         5       -2.784616e-01
        14         5        6.560478e-01
        15         5       -3.741715e-01
        16         5       -2.263314e+00
        17         5       -1.344715e+00
        18         5        6.178748e-01
        19         5        1.173096e+00
        20         5       -8.671411e-01
        21         5       -9.486367e-01
        22         5       -1.709646e+00
        23         5       -4.668139e-01
        24         5        4.478600e-01
        25         5        1.396402e+00
        26         5       -1.697365e+00
        27         5        1.171761e+00
        28         5       -1.698440e+00
        29         5        5.937362e-01
        30         5        9.651591e-01
        31         5        6.127020e-01
        32         5        1.069403e+00
        33         5       -1.461477e-01
        34         5        3.649756e-01
        35         5       -5.429538e-01
        36         5       -4.511196e-01
        37         5       -8.666446e-01
        38         5       -1.023561e+00
        39         5       -7.659846e-01
        40         5        6.497619e-01
        41         5        4.742703e-01
        42         5        8.149787e-03
        43         5        2.671179e-01
        44         5       -5.145926e-01
        45         5        1.242867e+00
        46         5        7.007560e-01
        47         5        1.811089e-01
        48         5       -4.513668e-01
        49         5       -1.178036e+00
        50         5        1.087144e+00
        51         5       -2.925074e-01
        52         5        2.231125e+00
        53         5       -1.225774e+00
        54         5       -1.082332e+00
        55         5        1.182638e-02
        56         5        8.035149e-01
        57         5       -4.413607e-01
        58         5        9.082956e-01
        59         5       -5.045275e-01
        60         5       -1.596249e-01
        61         5        2.296195e-01
        62         5       -1.010882e+00
        63         5       -3.712903e-01
        64         5       -1.829989e-01
        65         5       -9.178310e-01
        66         5       -7.147130e-01
        67         5       -5.841277e-01
        68         5        1.356475e+00
        69         5        2.530134e-01
        70         5        7.568836e-01
        71         5        5.102964e-02
        72         5        5.542637e-02
        73         5        8.109861e-01
        74         5       -1.812962e+00
        75         5       -7.379978e-01
        76         5        5.465722e-01
;

param theta:=
    1        6.189355e-01
    2       -1.895130e-01
    3       -2.624894e-01
    4        5.600665e-01
    5       -1.764806e+00
;
param X_true:=
    1        2.980875e+00
    2       -8.194138e-01
    3       -1.040040e+00
    4        2.254831e-01
    5       -5.671260e-01
    6       -9.972921e-01
    7        8.930055e-01
    8        4.487319e-01
    9       -1.051502e+00
   10       -2.071166e+00
   11       -4.396539e+00
   12        2.539373e+00
   13       -2.222554e-01
   14       -9.751588e-01
   15        9.105856e-01
   16        3.458630e+00
   17        1.614802e+00
   18       -1.111533e+00
   19       -1.676227e+00
   20        8.087247e-01
   21        2.066305e+00
   22        2.823968e+00
   23        6.731568e-01
   24       -1.341215e+00
   25       -2.163584e+00
   26        3.754457e+00
   27       -2.438803e+00
   28        3.156704e+00
   29       -6.846798e-01
   30       -2.722045e+00
   31        1.716204e-01
   32       -1.359854e+00
   33       -3.155314e-01
   34       -4.420525e-01
   35        8.746320e-01
   36        7.453810e-01
   37        1.450515e+00
   38        2.406712e+00
   39        7.998647e-01
   40       -1.274599e+00
   41       -6.698835e-01
   42       -1.169472e+00
   43       -5.292380e-01
   44        6.947670e-01
   45       -1.608405e+00
   46       -6.094285e-01
   47        2.185403e-01
   48        7.641121e-01
   49        2.602848e-01
   50       -1.949075e+00
   51        2.694259e-01
   52       -2.963328e+00
   53        2.250280e+00
   54        9.489080e-01
   55        7.142603e-01
   56       -2.629865e+00
   57        1.622813e+00
   58       -2.210910e+00
   59        2.669328e+00
   60        5.877097e-01
   61       -6.899418e-01
   62        2.191295e+00
   63       -2.501616e-01
   64        7.815943e-01
   65        2.048070e+00
   66       -1.287750e-01
   67        3.997218e-01
   68       -1.320065e+00
   69       -3.924232e-01
   70       -8.299892e-01
   71        4.681152e-01
   72       -8.605761e-01
   73        3.450975e-01
   74        3.167404e+00
   75        1.232058e+00
   76       -4.769986e-01
;
param X:=
    1       -3.427162e-01
    2        1.103001e+00
    3       -1.040040e+00
    4        8.874883e-01
    5       -4.387512e-01
    6        1.052092e+00
    7        1.199502e+00
    8       -4.488886e-01
    9       -1.461522e+00
   10       -4.894621e-01
   11       -1.126231e+00
   12        2.539373e+00
   13       -5.373499e-02
   14        1.214684e-01
   15       -8.742207e-01
   16        1.212523e+00
   17        2.843796e-01
   18        1.018910e+00
   19       -1.676227e+00
   20        8.087247e-01
   21        1.589293e+00
   22        1.848545e+00
   23        1.296000e+00
   24       -1.341215e+00
   25       -2.163584e+00
   26        8.453762e-01
   27        3.258841e-01
   28       -1.574899e-02
   29       -6.846798e-01
   30       -4.945388e-01
   31        1.716204e-01
   32       -1.359854e+00
   33       -3.016283e+00
   34       -7.113500e-01
   35        8.746320e-01
   36        3.541857e-01
   37       -2.776050e-01
   38        2.406712e+00
   39        8.916365e-01
   40       -5.127187e-01
   41        9.119059e-01
   42       -1.766580e-01
   43        1.945644e-01
   44        6.947670e-01
   45        1.647565e+00
   46       -6.094285e-01
   47        2.185403e-01
   48        3.469292e-01
   49        2.602848e-01
   50       -1.933161e-01
   51        2.694259e-01
   52       -1.441493e+00
   53        1.470666e+00
   54       -1.425089e+00
   55        5.672088e-01
   56       -2.629865e+00
   57        1.275488e+00
   58        2.243512e-01
   59       -6.229561e-01
   60       -5.086993e-01
   61        5.984546e-01
   62        2.191295e+00
   63        2.813837e-01
   64       -1.200834e+00
   65       -5.805883e-02
   66        6.926565e-01
   67        1.324350e+00
   68       -1.320065e+00
   69       -3.924232e-01
   70       -4.290942e-01
   71       -1.181322e+00
   72       -1.325735e+00
   73        4.872909e-01
   74        1.843854e+00
   75       -5.232334e-01
   76       -8.548242e-02
;
param outliervec:=
    1    1
    2    1
    3    0
    4    1
    5    1
    6    1
    7    1
    8    1
    9    1
   10    1
   11    1
   12    0
   13    1
   14    1
   15    1
   16    1
   17    1
   18    1
   19    0
   20    0
   21    1
   22    1
   23    1
   24    0
   25    0
   26    1
   27    1
   28    1
   29    0
   30    1
   31    0
   32    0
   33    1
   34    1
   35    0
   36    1
   37    1
   38    0
   39    1
   40    1
   41    1
   42    1
   43    1
   44    0
   45    1
   46    0
   47    0
   48    1
   49    0
   50    1
   51    0
   52    1
   53    1
   54    1
   55    1
   56    0
   57    1
   58    1
   59    1
   60    1
   61    1
   62    0
   63    1
   64    1
   65    1
   66    1
   67    1
   68    0
   69    0
   70    1
   71    1
   72    1
   73    1
   74    1
   75    1
   76    1
;