data;


param D:= 100;
param U_Original:=
         1         1       -1.577514e+00
         2         1        1.144324e+00
         3         1       -5.065594e-01
         4         1        7.112975e-01
         5         1        1.860905e-03
         6         1       -1.137899e+00
         7         1        2.576243e-01
         8         1        3.035408e-02
         9         1       -6.280216e-01
        10         1       -3.185780e+00
        11         1        3.995688e-01
        12         1        5.337621e-01
        13         1       -3.478176e-01
        14         1       -9.526730e-01
        15         1       -3.163402e-02
        16         1       -2.989367e+00
        17         1       -7.284721e-01
        18         1        6.353422e-02
        19         1       -1.355993e+00
        20         1        5.892170e-01
        21         1       -1.908032e+00
        22         1        2.130956e+00
        23         1       -4.655515e-01
        24         1        2.569248e-01
        25         1        7.400321e-02
        26         1        4.725652e-01
        27         1        2.015726e+00
        28         1        9.319351e-01
        29         1        1.244177e-01
        30         1       -7.074223e-01
        31         1        1.030556e+00
        32         1        3.273678e-01
        33         1        1.732292e+00
        34         1        6.411820e-02
        35         1       -3.809849e-01
        36         1       -1.261874e+00
        37         1       -1.496184e+00
        38         1       -7.065320e-01
        39         1       -1.518841e-01
        40         1        3.632769e-01
        41         1        6.268343e-01
        42         1        1.593855e+00
        43         1       -9.737019e-01
        44         1        8.904817e-01
        45         1        5.862203e-01
        46         1        5.217250e-01
        47         1       -4.023016e-01
        48         1       -2.223448e+00
        49         1       -4.939076e-01
        50         1        1.770703e-02
        51         1        4.471952e-01
        52         1       -2.186538e-01
        53         1       -2.419772e+00
        54         1       -1.007676e+00
        55         1        9.578970e-03
        56         1        9.348986e-01
        57         1        1.875668e-01
        58         1        1.363412e+00
        59         1        1.221965e+00
        60         1        3.036170e-01
        61         1        1.536047e+00
        62         1       -6.325637e-01
        63         1        8.775129e-01
        64         1       -1.826603e-01
        65         1       -1.571090e-01
        66         1       -2.073685e-01
        67         1        7.770169e-02
        68         1       -1.396656e+00
        69         1       -7.411417e-01
        70         1        4.188967e-01
        71         1        2.722782e-01
        72         1       -1.009253e+00
        73         1       -1.472270e-01
        74         1       -3.586660e-01
        75         1       -1.048249e+00
        76         1       -1.665752e-01
        77         1        2.385665e+00
        78         1        5.283402e-01
        79         1       -3.059058e-01
        80         1       -7.998566e-01
        81         1       -6.210178e-01
        82         1       -8.825268e-01
        83         1       -1.599282e+00
        84         1       -6.697891e-01
        85         1       -1.071967e-01
        86         1        4.047736e-02
        87         1        3.820425e-01
        88         1        6.360370e-01
        89         1        8.703621e-01
        90         1        1.247938e+00
        91         1       -7.753515e-02
        92         1        1.856076e+00
        93         1        5.253859e-01
        94         1        1.344746e+00
        95         1        4.803473e-01
        96         1       -1.039694e-01
        97         1        2.168554e+00
        98         1       -2.734066e-01
        99         1       -8.016551e-01
       100         1        1.017857e+00
         1         2       -8.164006e-01
         2         2       -6.098123e-01
         3         2       -1.776212e+00
         4         2        1.531029e-01
         5         2       -3.950752e-01
         6         2       -3.110965e-01
         7         2        1.662832e+00
         8         2       -1.123992e+00
         9         2        7.802047e-01
        10         2        1.247176e+00
        11         2       -6.593777e-01
        12         2        6.455238e-01
        13         2       -1.248667e-01
        14         2        1.639464e+00
        15         2       -1.742462e+00
        16         2        1.418648e+00
        17         2        5.341214e-01
        18         2       -1.975961e+00
        19         2       -1.122920e+00
        20         2        1.691844e+00
        21         2       -3.849633e-01
        22         2        2.708418e+00
        23         2       -7.254585e-01
        24         2        9.295893e-02
        25         2        1.266145e+00
        26         2       -2.239557e+00
        27         2        9.435478e-01
        28         2        4.639162e-01
        29         2        1.119130e-01
        30         2        5.625830e-01
        31         2        2.771710e-01
        32         2       -8.521982e-01
        33         2       -1.431271e+00
        34         2        5.026819e-02
        35         2       -7.227035e-01
        36         2        4.902525e-01
        37         2        3.598625e-01
        38         2        7.457453e-01
        39         2       -8.816080e-01
        40         2       -6.912491e-02
        41         2        9.462285e-02
        42         2        1.938205e+00
        43         2        3.176128e-01
        44         2        1.689966e-02
        45         2       -6.758589e-01
        46         2        1.724260e+00
        47         2        5.635268e-02
        48         2       -1.864082e+00
        49         2       -3.848270e-03
        50         2       -2.190507e-01
        51         2        4.992045e-01
        52         2       -6.540876e-01
        53         2        9.582382e-01
        54         2        4.443599e-01
        55         2       -8.790518e-01
        56         2        1.542030e-01
        57         2        1.896764e+00
        58         2       -6.313989e-01
        59         2        1.661617e-02
        60         2       -2.102679e-01
        61         2       -3.234280e-01
        62         2       -6.144967e-02
        63         2       -9.628315e-01
        64         2       -1.391229e+00
        65         2        1.326419e+00
        66         2       -5.850970e-01
        67         2        2.380814e+00
        68         2       -2.289037e+00
        69         2        5.446849e-01
        70         2        1.053304e-01
        71         2       -3.585551e-01
        72         2       -3.602109e-01
        73         2       -2.174308e-01
        74         2       -1.032379e+00
        75         2        7.588178e-01
        76         2        2.210220e+00
        77         2        3.154453e-01
        78         2        8.273415e-01
        79         2        9.975822e-02
        80         2        2.683319e-01
        81         2       -6.945541e-01
        82         2       -7.341407e-01
        83         2        1.616465e+00
        84         2       -7.056071e-02
        85         2       -1.390387e+00
        86         2       -3.227288e-01
        87         2        1.213162e+00
        88         2        6.508579e-01
        89         2       -3.913746e-01
        90         2        2.729721e-01
        91         2       -3.224034e-01
        92         2        2.326308e-01
        93         2       -1.804277e+00
        94         2       -1.335769e-02
        95         2       -6.557926e-01
        96         2       -1.072380e+00
        97         2       -6.801032e-01
        98         2        1.212897e+00
        99         2        1.477219e+00
       100         2        3.881618e-01
         1         3       -1.543752e-01
         2         3       -4.765163e-01
         3         3        9.539007e-02
         4         3       -4.286097e-01
         5         3        3.909447e-01
         6         3        5.578151e-01
         7         3        1.446115e+00
         8         3        1.229417e+00
         9         3        3.804584e-01
        10         3       -6.712664e-01
        11         3       -7.339476e-01
        12         3        2.853880e-01
        13         3        7.970435e-01
        14         3       -1.090466e-01
        15         3        9.171739e-01
        16         3        3.638151e-01
        17         3        6.105469e-01
        18         3       -1.175237e-01
        19         3       -7.950946e-01
        20         3       -7.873049e-01
        21         3        4.330399e-01
        22         3        6.527046e-01
        23         3       -3.421248e-01
        24         3       -5.197901e-01
        25         3        4.529061e-01
        26         3        4.055836e-01
        27         3       -1.563038e-01
        28         3       -1.651589e+00
        29         3       -4.396412e-01
        30         3        5.393469e-01
        31         3        1.183371e-01
        32         3        7.648208e-01
        33         3        2.183794e-01
        34         3       -1.734068e+00
        35         3        5.729101e-01
        36         3        6.660371e-01
        37         3        1.517421e+00
        38         3        2.778892e+00
        39         3       -2.128709e-01
        40         3       -1.660991e+00
        41         3       -1.277867e+00
        42         3        1.598004e-02
        43         3        4.319302e-01
        44         3       -1.006912e+00
        45         3       -3.035455e-01
        46         3        1.973805e+00
        47         3       -8.513786e-01
        48         3        8.569941e-01
        49         3       -1.968202e-01
        50         3       -4.520448e-01
        51         3        3.092956e-01
        52         3        4.201433e-02
        53         3        8.072726e-01
        54         3        6.865122e-01
        55         3       -8.343862e-01
        56         3       -1.751565e+00
        57         3       -2.147046e-01
        58         3        1.890199e+00
        59         3        1.056434e+00
        60         3        3.615611e-01
        61         3       -4.954262e-01
        62         3       -1.734477e-01
        63         3        4.615493e-01
        64         3       -3.441748e-01
        65         3        3.183608e-01
        66         3       -1.115547e+00
        67         3       -2.415046e+00
        68         3       -1.580398e+00
        69         3        2.256438e-01
        70         3        1.802654e-01
        71         3       -2.102973e-01
        72         3       -6.227219e-01
        73         3        1.340899e-01
        74         3        5.671028e-01
        75         3        2.319421e-01
        76         3       -1.192809e+00
        77         3        1.713265e-01
        78         3       -1.226724e+00
        79         3        1.564931e-01
        80         3        5.712857e-01
        81         3        8.310134e-01
        82         3        2.647905e-02
        83         3       -3.543891e-01
        84         3       -8.176149e-01
        85         3       -8.756261e-01
        86         3        7.975135e-02
        87         3       -2.038186e-01
        88         3       -1.574799e+00
        89         3        1.232909e+00
        90         3       -7.942797e-01
        91         3        4.031149e-01
        92         3       -1.820179e-01
        93         3       -5.120241e-01
        94         3        1.365465e-01
        95         3       -1.937801e+00
        96         3        1.346181e-01
        97         3       -1.092972e+00
        98         3       -6.883227e-01
        99         3        5.000871e-01
       100         3        1.554615e+00
         1         4        4.280616e-01
         2         4       -5.891028e-01
         3         4        1.170556e+00
         4         4       -9.070559e-02
         5         4       -1.016817e+00
         6         4        1.112758e-01
         7         4       -5.299432e-01
         8         4       -2.622027e-01
         9         4        5.033622e-01
        10         4       -7.210762e-01
        11         4        4.729652e-02
        12         4       -7.483693e-02
        13         4       -8.692415e-01
        14         4       -1.026023e+00
        15         4       -7.221954e-01
        16         4       -1.371782e+00
        17         4       -1.250254e+00
        18         4        1.715813e+00
        19         4        1.066944e+00
        20         4       -2.002708e+00
        21         4       -1.924804e+00
        22         4       -2.532984e-01
        23         4        4.855894e-01
        24         4       -1.996546e+00
        25         4        8.753804e-01
        26         4        1.591460e-01
        27         4       -1.257472e+00
        28         4        1.564661e-01
        29         4       -1.294291e+00
        30         4        1.539835e+00
        31         4       -4.964855e-01
        32         4        3.865715e-01
        33         4        6.310155e-01
        34         4        2.571905e+00
        35         4        2.727158e-01
        36         4        6.635699e-01
        37         4        3.201661e-02
        38         4        1.119848e-01
        39         4        5.941081e-01
        40         4       -4.486330e-01
        41         4       -1.469075e+00
        42         4       -6.015028e-02
        43         4       -8.532160e-01
        44         4        4.733766e-01
        45         4       -1.285216e+00
        46         4        4.022625e-01
        47         4       -1.370258e-01
        48         4        8.922211e-01
        49         4        6.285304e-01
        50         4       -1.091544e+00
        51         4       -1.237629e+00
        52         4       -6.820753e-01
        53         4       -8.859199e-01
        54         4       -3.961986e-01
        55         4       -2.168277e-01
        56         4        1.819329e-01
        57         4       -2.686771e-01
        58         4        8.021092e-01
        59         4        1.700913e-02
        60         4        5.171898e-01
        61         4       -6.854994e-01
        62         4       -7.576515e-01
        63         4       -1.517371e+00
        64         4        2.696037e+00
        65         4        8.603460e-01
        66         4       -1.590885e+00
        67         4       -3.334094e-01
        68         4        4.932099e-02
        69         4       -1.612129e+00
        70         4        7.669135e-01
        71         4        7.795334e-01
        72         4       -2.833792e-01
        73         4       -2.098986e+00
        74         4        1.256702e-01
        75         4        3.025583e-01
        76         4        2.074860e+00
        77         4        1.261043e+00
        78         4       -4.206472e-01
        79         4       -4.784055e-01
        80         4        1.407880e+00
        81         4        1.853609e+00
        82         4       -2.212127e+00
        83         4       -1.049709e+00
        84         4       -4.177842e-01
        85         4       -1.378604e+00
        86         4       -5.928861e-01
        87         4        6.076271e-01
        88         4       -2.636715e-01
        89         4       -4.206314e-01
        90         4       -4.105800e-01
        91         4        7.220096e-01
        92         4        3.191783e-01
        93         4       -6.091631e-02
        94         4       -9.252924e-01
        95         4       -1.151410e+00
        96         4        7.597642e-01
        97         4       -5.933829e-01
        98         4       -1.220127e+00
        99         4       -1.074892e+00
       100         4        8.210976e-01
         1         5        2.320611e-01
         2         5        3.875994e-01
         3         5       -1.176156e+00
         4         5        4.850444e-02
         5         5        1.610069e+00
         6         5        9.202307e-01
         7         5        6.965286e-01
         8         5        1.233134e+00
         9         5       -2.762767e-01
        10         5       -1.756830e-01
        11         5       -3.768301e-01
        12         5       -1.621390e+00
        13         5       -4.466575e-01
        14         5        7.545325e-01
        15         5        1.396790e+00
        16         5        1.850520e+00
        17         5       -1.814330e+00
        18         5        1.664045e+00
        19         5        5.063111e-01
        20         5        1.669615e+00
        21         5        1.286440e+00
        22         5        6.329396e-01
        23         5       -1.019351e+00
        24         5        2.334090e+00
        25         5        4.177338e-02
        26         5       -4.076015e-01
        27         5       -2.353245e+00
        28         5       -4.199032e-01
        29         5        8.885085e-01
        30         5       -1.210194e+00
        31         5       -3.579404e-01
        32         5       -7.061589e-01
        33         5       -1.794160e+00
        34         5       -1.680147e+00
        35         5        2.933403e-01
        36         5        1.236932e-01
        37         5        8.153700e-01
        38         5        6.406352e-01
        39         5        4.074276e-01
        40         5        6.102120e-01
        41         5        2.001893e+00
        42         5        1.316628e+00
        43         5        2.693871e-02
        44         5       -1.502341e+00
        45         5        1.411764e-02
        46         5        1.184438e+00
        47         5        2.310474e+00
        48         5       -5.619236e-01
        49         5        1.960384e-01
        50         5        5.086185e-01
        51         5       -6.211219e-01
        52         5       -1.612644e-02
        53         5        9.491926e-01
        54         5       -9.658801e-01
        55         5        3.999335e-01
        56         5        1.145728e+00
        57         5       -1.448428e+00
        58         5        8.012310e-01
        59         5       -9.489949e-01
        60         5       -6.385933e-01
        61         5       -8.738213e-01
        62         5        3.910654e-01
        63         5       -9.622806e-01
        64         5       -1.790684e+00
        65         5        2.010419e-01
        66         5        2.081195e-01
        67         5        1.732117e-01
        68         5       -1.399071e+00
        69         5       -1.800644e+00
        70         5        1.259904e-01
        71         5        2.282774e-01
        72         5       -1.200268e+00
        73         5        5.561338e-03
        74         5        7.759399e-01
        75         5        1.786575e+00
        76         5        8.432952e-01
        77         5       -8.643301e-01
        78         5        7.124732e-01
        79         5       -4.021845e-01
        80         5       -8.452298e-02
        81         5        4.013314e-01
        82         5        1.918641e+00
        83         5       -3.684795e-01
        84         5       -1.336332e-01
        85         5       -3.198894e-01
        86         5       -3.273384e-01
        87         5       -1.830931e+00
        88         5       -7.506556e-01
        89         5        2.704854e-01
        90         5       -2.276242e+00
        91         5       -3.093459e-01
        92         5       -1.044833e-01
        93         5        1.914888e-01
        94         5       -3.120436e-01
        95         5        1.223196e+00
        96         5       -1.540534e+00
        97         5       -5.195426e-01
        98         5        9.560011e-03
        99         5        1.030164e+00
       100         5       -2.484254e-01
;
param X_Original:=
    1       -4.341341e-01
    2       -2.796116e-01
    3       -1.547194e-01
    4       -1.818963e+00
    5        2.078035e+00
    6        6.124967e-01
    7        1.031970e+00
    8       -1.213732e+00
    9        2.072375e-01
   10        1.992453e+00
   11       -2.603899e+00
   12       -1.263342e+00
   13       -1.072241e+00
   14        1.489702e+00
   15       -1.362025e+00
   16        5.857391e+00
   17       -3.567136e-01
   18        1.146026e+00
   19       -1.667415e+00
   20       -3.945745e-01
   21        1.668888e+00
   22       -1.675627e-01
   23       -1.125757e+00
   24        3.948914e-01
   25       -5.103353e-01
   26        4.167509e-01
   27       -4.854456e+00
   28       -5.449671e-01
   29       -6.583603e-01
   30        1.422139e+00
   31        3.366619e-01
   32        9.861436e-01
   33        1.973151e+00
   34        4.769057e-01
   35        2.037801e+00
   36        1.459293e+00
   37        6.119132e+00
   38        1.848360e+00
   39       -6.511530e-01
   40       -3.810564e-02
   41        2.610873e-01
   42        7.129250e-01
   43        1.136493e+00
   44       -1.530347e+00
   45       -1.696453e+00
   46        2.606650e-01
   47        7.063296e-01
   48        9.207488e-01
   49        7.432920e-01
   50       -8.836736e-01
   51        1.982368e+00
   52        5.300683e-01
   53        5.521912e+00
   54        7.940068e-01
   55       -1.797049e+00
   56        4.310469e-01
   57       -5.493686e-01
   58       -3.827662e-01
   59        1.612949e-01
   60        9.666981e-01
   61       -3.881689e+00
   62        1.824942e+00
   63       -4.520729e-01
   64       -1.801036e+00
   65        1.404069e+00
   66       -2.585362e+00
   67       -5.528714e+00
   68        8.264203e-01
   69       -8.688253e-01
   70        1.624996e-01
   71       -5.310735e-01
   72       -7.572944e-01
   73        2.047324e+00
   74        5.056490e-02
   75       -9.077137e-01
   76        2.760055e-01
   77       -2.092619e-01
   78       -1.136905e+00
   79       -8.404704e-01
   80        1.266018e+00
   81       -9.570184e-01
   82        3.407258e-01
   83        1.421943e+00
   84        1.945061e+00
   85        2.382813e-01
   86        1.149951e+00
   87       -2.254380e+00
   88       -1.268089e+00
   89       -3.494880e-01
   90       -8.867146e-01
   91        1.379207e-01
   92       -3.698046e-01
   93       -1.877997e+00
   94       -1.013003e+00
   95       -4.430372e+00
   96        1.524832e+00
   97        2.720433e+00
   98        8.203550e-02
   99        4.664751e-01
  100        2.494695e+00
;
param outliervec_original :=
    1    1
    2    1
    3    0
    4    0
    5    0
    6    1
    7    1
    8    1
    9    1
   10    0
   11    0
   12    0
   13    1
   14    0
   15    1
   16    0
   17    1
   18    0
   19    1
   20    1
   21    1
   22    0
   23    0
   24    1
   25    1
   26    1
   27    0
   28    1
   29    0
   30    0
   31    1
   32    1
   33    1
   34    1
   35    0
   36    1
   37    0
   38    1
   39    1
   40    1
   41    1
   42    1
   43    1
   44    1
   45    0
   46    1
   47    1
   48    1
   49    1
   50    0
   51    1
   52    1
   53    0
   54    1
   55    0
   56    1
   57    1
   58    1
   59    1
   60    1
   61    0
   62    1
   63    1
   64    0
   65    0
   66    0
   67    0
   68    1
   69    1
   70    1
   71    0
   72    1
   73    1
   74    1
   75    1
   76    1
   77    1
   78    1
   79    1
   80    1
   81    1
   82    1
   83    1
   84    1
   85    1
   86    1
   87    0
   88    1
   89    1
   90    1
   91    1
   92    1
   93    0
   94    1
   95    0
   96    1
   97    1
   98    1
   99    1
  100    0
;
param d:= 79;
param r:=5;
param p:=0.700000;
param M:=1000;
param U:=
         1         1       -1.577514e+00
         2         1        1.144324e+00
         3         1       -5.065594e-01
         4         1        7.112975e-01
         5         1        1.860905e-03
         6         1       -1.137899e+00
         7         1       -6.280216e-01
         8         1       -3.185780e+00
         9         1        3.995688e-01
        10         1        5.337621e-01
        11         1       -9.526730e-01
        12         1       -2.989367e+00
        13         1       -7.284721e-01
        14         1        6.353422e-02
        15         1       -1.355993e+00
        16         1        5.892170e-01
        17         1       -1.908032e+00
        18         1        2.130956e+00
        19         1       -4.655515e-01
        20         1        2.569248e-01
        21         1        7.400321e-02
        22         1        4.725652e-01
        23         1        2.015726e+00
        24         1        1.244177e-01
        25         1       -7.074223e-01
        26         1        1.030556e+00
        27         1        3.273678e-01
        28         1       -3.809849e-01
        29         1       -1.261874e+00
        30         1       -1.496184e+00
        31         1       -1.518841e-01
        32         1        6.268343e-01
        33         1        1.593855e+00
        34         1       -9.737019e-01
        35         1        8.904817e-01
        36         1        5.862203e-01
        37         1       -4.023016e-01
        38         1       -2.223448e+00
        39         1       -4.939076e-01
        40         1        1.770703e-02
        41         1        4.471952e-01
        42         1       -2.186538e-01
        43         1       -2.419772e+00
        44         1       -1.007676e+00
        45         1        9.578970e-03
        46         1        1.875668e-01
        47         1        1.221965e+00
        48         1        3.036170e-01
        49         1        1.536047e+00
        50         1       -6.325637e-01
        51         1        8.775129e-01
        52         1       -1.826603e-01
        53         1       -1.571090e-01
        54         1       -2.073685e-01
        55         1        7.770169e-02
        56         1       -7.411417e-01
        57         1        4.188967e-01
        58         1        2.722782e-01
        59         1       -1.009253e+00
        60         1       -1.472270e-01
        61         1       -3.586660e-01
        62         1       -1.665752e-01
        63         1        2.385665e+00
        64         1        5.283402e-01
        65         1       -3.059058e-01
        66         1       -7.998566e-01
        67         1       -8.825268e-01
        68         1       -1.599282e+00
        69         1        4.047736e-02
        70         1        3.820425e-01
        71         1        8.703621e-01
        72         1       -7.753515e-02
        73         1        1.856076e+00
        74         1        5.253859e-01
        75         1        1.344746e+00
        76         1        4.803473e-01
        77         1       -2.734066e-01
        78         1       -8.016551e-01
        79         1        1.017857e+00
         1         2       -8.164006e-01
         2         2       -6.098123e-01
         3         2       -1.776212e+00
         4         2        1.531029e-01
         5         2       -3.950752e-01
         6         2       -3.110965e-01
         7         2        7.802047e-01
         8         2        1.247176e+00
         9         2       -6.593777e-01
        10         2        6.455238e-01
        11         2        1.639464e+00
        12         2        1.418648e+00
        13         2        5.341214e-01
        14         2       -1.975961e+00
        15         2       -1.122920e+00
        16         2        1.691844e+00
        17         2       -3.849633e-01
        18         2        2.708418e+00
        19         2       -7.254585e-01
        20         2        9.295893e-02
        21         2        1.266145e+00
        22         2       -2.239557e+00
        23         2        9.435478e-01
        24         2        1.119130e-01
        25         2        5.625830e-01
        26         2        2.771710e-01
        27         2       -8.521982e-01
        28         2       -7.227035e-01
        29         2        4.902525e-01
        30         2        3.598625e-01
        31         2       -8.816080e-01
        32         2        9.462285e-02
        33         2        1.938205e+00
        34         2        3.176128e-01
        35         2        1.689966e-02
        36         2       -6.758589e-01
        37         2        5.635268e-02
        38         2       -1.864082e+00
        39         2       -3.848270e-03
        40         2       -2.190507e-01
        41         2        4.992045e-01
        42         2       -6.540876e-01
        43         2        9.582382e-01
        44         2        4.443599e-01
        45         2       -8.790518e-01
        46         2        1.896764e+00
        47         2        1.661617e-02
        48         2       -2.102679e-01
        49         2       -3.234280e-01
        50         2       -6.144967e-02
        51         2       -9.628315e-01
        52         2       -1.391229e+00
        53         2        1.326419e+00
        54         2       -5.850970e-01
        55         2        2.380814e+00
        56         2        5.446849e-01
        57         2        1.053304e-01
        58         2       -3.585551e-01
        59         2       -3.602109e-01
        60         2       -2.174308e-01
        61         2       -1.032379e+00
        62         2        2.210220e+00
        63         2        3.154453e-01
        64         2        8.273415e-01
        65         2        9.975822e-02
        66         2        2.683319e-01
        67         2       -7.341407e-01
        68         2        1.616465e+00
        69         2       -3.227288e-01
        70         2        1.213162e+00
        71         2       -3.913746e-01
        72         2       -3.224034e-01
        73         2        2.326308e-01
        74         2       -1.804277e+00
        75         2       -1.335769e-02
        76         2       -6.557926e-01
        77         2        1.212897e+00
        78         2        1.477219e+00
        79         2        3.881618e-01
         1         3       -1.543752e-01
         2         3       -4.765163e-01
         3         3        9.539007e-02
         4         3       -4.286097e-01
         5         3        3.909447e-01
         6         3        5.578151e-01
         7         3        3.804584e-01
         8         3       -6.712664e-01
         9         3       -7.339476e-01
        10         3        2.853880e-01
        11         3       -1.090466e-01
        12         3        3.638151e-01
        13         3        6.105469e-01
        14         3       -1.175237e-01
        15         3       -7.950946e-01
        16         3       -7.873049e-01
        17         3        4.330399e-01
        18         3        6.527046e-01
        19         3       -3.421248e-01
        20         3       -5.197901e-01
        21         3        4.529061e-01
        22         3        4.055836e-01
        23         3       -1.563038e-01
        24         3       -4.396412e-01
        25         3        5.393469e-01
        26         3        1.183371e-01
        27         3        7.648208e-01
        28         3        5.729101e-01
        29         3        6.660371e-01
        30         3        1.517421e+00
        31         3       -2.128709e-01
        32         3       -1.277867e+00
        33         3        1.598004e-02
        34         3        4.319302e-01
        35         3       -1.006912e+00
        36         3       -3.035455e-01
        37         3       -8.513786e-01
        38         3        8.569941e-01
        39         3       -1.968202e-01
        40         3       -4.520448e-01
        41         3        3.092956e-01
        42         3        4.201433e-02
        43         3        8.072726e-01
        44         3        6.865122e-01
        45         3       -8.343862e-01
        46         3       -2.147046e-01
        47         3        1.056434e+00
        48         3        3.615611e-01
        49         3       -4.954262e-01
        50         3       -1.734477e-01
        51         3        4.615493e-01
        52         3       -3.441748e-01
        53         3        3.183608e-01
        54         3       -1.115547e+00
        55         3       -2.415046e+00
        56         3        2.256438e-01
        57         3        1.802654e-01
        58         3       -2.102973e-01
        59         3       -6.227219e-01
        60         3        1.340899e-01
        61         3        5.671028e-01
        62         3       -1.192809e+00
        63         3        1.713265e-01
        64         3       -1.226724e+00
        65         3        1.564931e-01
        66         3        5.712857e-01
        67         3        2.647905e-02
        68         3       -3.543891e-01
        69         3        7.975135e-02
        70         3       -2.038186e-01
        71         3        1.232909e+00
        72         3        4.031149e-01
        73         3       -1.820179e-01
        74         3       -5.120241e-01
        75         3        1.365465e-01
        76         3       -1.937801e+00
        77         3       -6.883227e-01
        78         3        5.000871e-01
        79         3        1.554615e+00
         1         4        4.280616e-01
         2         4       -5.891028e-01
         3         4        1.170556e+00
         4         4       -9.070559e-02
         5         4       -1.016817e+00
         6         4        1.112758e-01
         7         4        5.033622e-01
         8         4       -7.210762e-01
         9         4        4.729652e-02
        10         4       -7.483693e-02
        11         4       -1.026023e+00
        12         4       -1.371782e+00
        13         4       -1.250254e+00
        14         4        1.715813e+00
        15         4        1.066944e+00
        16         4       -2.002708e+00
        17         4       -1.924804e+00
        18         4       -2.532984e-01
        19         4        4.855894e-01
        20         4       -1.996546e+00
        21         4        8.753804e-01
        22         4        1.591460e-01
        23         4       -1.257472e+00
        24         4       -1.294291e+00
        25         4        1.539835e+00
        26         4       -4.964855e-01
        27         4        3.865715e-01
        28         4        2.727158e-01
        29         4        6.635699e-01
        30         4        3.201661e-02
        31         4        5.941081e-01
        32         4       -1.469075e+00
        33         4       -6.015028e-02
        34         4       -8.532160e-01
        35         4        4.733766e-01
        36         4       -1.285216e+00
        37         4       -1.370258e-01
        38         4        8.922211e-01
        39         4        6.285304e-01
        40         4       -1.091544e+00
        41         4       -1.237629e+00
        42         4       -6.820753e-01
        43         4       -8.859199e-01
        44         4       -3.961986e-01
        45         4       -2.168277e-01
        46         4       -2.686771e-01
        47         4        1.700913e-02
        48         4        5.171898e-01
        49         4       -6.854994e-01
        50         4       -7.576515e-01
        51         4       -1.517371e+00
        52         4        2.696037e+00
        53         4        8.603460e-01
        54         4       -1.590885e+00
        55         4       -3.334094e-01
        56         4       -1.612129e+00
        57         4        7.669135e-01
        58         4        7.795334e-01
        59         4       -2.833792e-01
        60         4       -2.098986e+00
        61         4        1.256702e-01
        62         4        2.074860e+00
        63         4        1.261043e+00
        64         4       -4.206472e-01
        65         4       -4.784055e-01
        66         4        1.407880e+00
        67         4       -2.212127e+00
        68         4       -1.049709e+00
        69         4       -5.928861e-01
        70         4        6.076271e-01
        71         4       -4.206314e-01
        72         4        7.220096e-01
        73         4        3.191783e-01
        74         4       -6.091631e-02
        75         4       -9.252924e-01
        76         4       -1.151410e+00
        77         4       -1.220127e+00
        78         4       -1.074892e+00
        79         4        8.210976e-01
         1         5        2.320611e-01
         2         5        3.875994e-01
         3         5       -1.176156e+00
         4         5        4.850444e-02
         5         5        1.610069e+00
         6         5        9.202307e-01
         7         5       -2.762767e-01
         8         5       -1.756830e-01
         9         5       -3.768301e-01
        10         5       -1.621390e+00
        11         5        7.545325e-01
        12         5        1.850520e+00
        13         5       -1.814330e+00
        14         5        1.664045e+00
        15         5        5.063111e-01
        16         5        1.669615e+00
        17         5        1.286440e+00
        18         5        6.329396e-01
        19         5       -1.019351e+00
        20         5        2.334090e+00
        21         5        4.177338e-02
        22         5       -4.076015e-01
        23         5       -2.353245e+00
        24         5        8.885085e-01
        25         5       -1.210194e+00
        26         5       -3.579404e-01
        27         5       -7.061589e-01
        28         5        2.933403e-01
        29         5        1.236932e-01
        30         5        8.153700e-01
        31         5        4.074276e-01
        32         5        2.001893e+00
        33         5        1.316628e+00
        34         5        2.693871e-02
        35         5       -1.502341e+00
        36         5        1.411764e-02
        37         5        2.310474e+00
        38         5       -5.619236e-01
        39         5        1.960384e-01
        40         5        5.086185e-01
        41         5       -6.211219e-01
        42         5       -1.612644e-02
        43         5        9.491926e-01
        44         5       -9.658801e-01
        45         5        3.999335e-01
        46         5       -1.448428e+00
        47         5       -9.489949e-01
        48         5       -6.385933e-01
        49         5       -8.738213e-01
        50         5        3.910654e-01
        51         5       -9.622806e-01
        52         5       -1.790684e+00
        53         5        2.010419e-01
        54         5        2.081195e-01
        55         5        1.732117e-01
        56         5       -1.800644e+00
        57         5        1.259904e-01
        58         5        2.282774e-01
        59         5       -1.200268e+00
        60         5        5.561338e-03
        61         5        7.759399e-01
        62         5        8.432952e-01
        63         5       -8.643301e-01
        64         5        7.124732e-01
        65         5       -4.021845e-01
        66         5       -8.452298e-02
        67         5        1.918641e+00
        68         5       -3.684795e-01
        69         5       -3.273384e-01
        70         5       -1.830931e+00
        71         5        2.704854e-01
        72         5       -3.093459e-01
        73         5       -1.044833e-01
        74         5        1.914888e-01
        75         5       -3.120436e-01
        76         5        1.223196e+00
        77         5        9.560011e-03
        78         5        1.030164e+00
        79         5       -2.484254e-01
;

param theta:=
    1       -1.174474e+00
    2        1.043279e-01
    3        2.391063e+00
    4        1.739797e-01
    5        8.469021e-01
;
param X_true:=
    1        1.669462e+00
    2       -2.321214e+00
    3       -1.547194e-01
    4       -1.818963e+00
    5        2.078035e+00
    6        3.436453e+00
    7        1.582288e+00
    8        1.992453e+00
    9       -2.603899e+00
   10       -1.263342e+00
   11        1.489702e+00
   12        5.857391e+00
   13        6.170729e-01
   14        1.146026e+00
   15        1.887284e-01
   16       -1.332440e+00
   17        3.990811e+00
   18       -1.675627e-01
   19       -1.125757e+00
   20        9.448289e-02
   21        1.315783e+00
   22       -1.363984e-01
   23       -4.854456e+00
   24       -6.583603e-01
   25        1.422139e+00
   26       -1.288013e+00
   27        8.245498e-01
   28        2.037801e+00
   29        3.345926e+00
   30        6.119132e+00
   31        2.583400e-02
   32       -2.341971e+00
   33       -5.269332e-01
   34        2.083868e+00
   35       -4.641652e+00
   36       -1.696453e+00
   37        3.755772e-01
   38        4.145368e+00
   39        3.844477e-01
   40       -8.836736e-01
   41       -4.749448e-01
   42        1.566979e-01
   43        5.521912e+00
   44        1.984406e+00
   45       -1.797049e+00
   46       -1.809200e+00
   47        2.918205e-01
   48        3.514267e-02
   49       -3.881689e+00
   50        5.211726e-01
   51       -1.106422e+00
   52       -1.801036e+00
   53        1.404069e+00
   54       -2.585362e+00
   55       -5.528714e+00
   56       -3.386404e-01
   57        1.901603e-01
   58       -5.310735e-01
   59       -1.407018e+00
   60        1.103765e-01
   61        2.348526e+00
   62       -1.350685e+00
   63       -2.871947e+00
   64       -2.937170e+00
   65        3.200271e-01
   66        2.506746e+00
   67        2.263262e+00
   68        7.048972e-01
   69       -2.708925e-01
   70       -2.254380e+00
   71        2.040808e+00
   72        8.849298e-01
   73       -2.623816e+00
   74       -1.877997e+00
   75       -1.679525e+00
   76       -4.430372e+00
   77       -1.402356e+00
   78        2.976817e+00
   79        2.494695e+00
;
param X:=
    1       -4.341341e-01
    2       -2.796116e-01
    3       -1.547194e-01
    4       -1.818963e+00
    5        2.078035e+00
    6        6.124967e-01
    7        2.072375e-01
    8        1.992453e+00
    9       -2.603899e+00
   10       -1.263342e+00
   11        1.489702e+00
   12        5.857391e+00
   13       -3.567136e-01
   14        1.146026e+00
   15       -1.667415e+00
   16       -3.945745e-01
   17        1.668888e+00
   18       -1.675627e-01
   19       -1.125757e+00
   20        3.948914e-01
   21       -5.103353e-01
   22        4.167509e-01
   23       -4.854456e+00
   24       -6.583603e-01
   25        1.422139e+00
   26        3.366619e-01
   27        9.861436e-01
   28        2.037801e+00
   29        1.459293e+00
   30        6.119132e+00
   31       -6.511530e-01
   32        2.610873e-01
   33        7.129250e-01
   34        1.136493e+00
   35       -1.530347e+00
   36       -1.696453e+00
   37        7.063296e-01
   38        9.207488e-01
   39        7.432920e-01
   40       -8.836736e-01
   41        1.982368e+00
   42        5.300683e-01
   43        5.521912e+00
   44        7.940068e-01
   45       -1.797049e+00
   46       -5.493686e-01
   47        1.612949e-01
   48        9.666981e-01
   49       -3.881689e+00
   50        1.824942e+00
   51       -4.520729e-01
   52       -1.801036e+00
   53        1.404069e+00
   54       -2.585362e+00
   55       -5.528714e+00
   56       -8.688253e-01
   57        1.624996e-01
   58       -5.310735e-01
   59       -7.572944e-01
   60        2.047324e+00
   61        5.056490e-02
   62        2.760055e-01
   63       -2.092619e-01
   64       -1.136905e+00
   65       -8.404704e-01
   66        1.266018e+00
   67        3.407258e-01
   68        1.421943e+00
   69        1.149951e+00
   70       -2.254380e+00
   71       -3.494880e-01
   72        1.379207e-01
   73       -3.698046e-01
   74       -1.877997e+00
   75       -1.013003e+00
   76       -4.430372e+00
   77        8.203550e-02
   78        4.664751e-01
   79        2.494695e+00
;
param outliervec:=
    1    1
    2    1
    3    0
    4    0
    5    0
    6    1
    7    1
    8    0
    9    0
   10    0
   11    0
   12    0
   13    1
   14    0
   15    1
   16    1
   17    1
   18    0
   19    0
   20    1
   21    1
   22    1
   23    0
   24    0
   25    0
   26    1
   27    1
   28    0
   29    1
   30    0
   31    1
   32    1
   33    1
   34    1
   35    1
   36    0
   37    1
   38    1
   39    1
   40    0
   41    1
   42    1
   43    0
   44    1
   45    0
   46    1
   47    1
   48    1
   49    0
   50    1
   51    1
   52    0
   53    0
   54    0
   55    0
   56    1
   57    1
   58    0
   59    1
   60    1
   61    1
   62    1
   63    1
   64    1
   65    1
   66    1
   67    1
   68    1
   69    1
   70    0
   71    1
   72    1
   73    1
   74    0
   75    1
   76    0
   77    1
   78    1
   79    0
;