data;


param D:= 100;
param U_Original:=
         1         1       -9.824624e-01
         2         1       -2.008627e+00
         3         1        1.108040e+00
         4         1       -5.485239e-01
         5         1       -1.121179e-01
         6         1       -2.153675e-01
         7         1        1.210960e+00
         8         1       -6.144376e-01
         9         1       -6.185465e-01
        10         1       -7.339975e-01
        11         1        1.816383e-01
        12         1        8.709598e-01
        13         1       -1.614180e+00
        14         1       -6.367795e-01
        15         1       -1.175330e+00
        16         1        1.201077e+00
        17         1        5.652322e-01
        18         1       -2.331467e-01
        19         1       -2.374090e+00
        20         1        1.149746e+00
        21         1       -2.437520e+00
        22         1        1.303445e+00
        23         1       -7.462963e-01
        24         1       -8.076375e-01
        25         1       -1.116109e-01
        26         1        9.695611e-02
        27         1        6.352753e-01
        28         1       -5.050009e-02
        29         1       -1.296036e+00
        30         1       -9.614447e-01
        31         1        7.619700e-01
        32         1       -1.816536e-02
        33         1        9.323923e-01
        34         1       -3.490507e-01
        35         1        1.266371e+00
        36         1        5.579443e-01
        37         1        1.188797e-01
        38         1        1.120350e+00
        39         1       -9.513567e-01
        40         1        1.219230e+00
        41         1       -5.219026e-01
        42         1        4.778243e-01
        43         1       -3.305522e-01
        44         1       -3.839248e-01
        45         1       -2.287511e+00
        46         1        8.469265e-01
        47         1        1.504419e+00
        48         1       -2.130083e-01
        49         1        2.189178e+00
        50         1       -7.612158e-01
        51         1       -5.997433e-02
        52         1        3.258875e-01
        53         1        4.023285e-01
        54         1        3.277622e-01
        55         1       -3.516037e-01
        56         1        4.337396e-01
        57         1        3.981039e-01
        58         1        7.974057e-02
        59         1       -6.084293e-01
        60         1       -7.895493e-01
        61         1       -6.947369e-01
        62         1       -2.258720e+00
        63         1       -6.804576e-01
        64         1        1.270866e+00
        65         1       -5.025674e-01
        66         1       -1.326376e-01
        67         1        1.031502e+00
        68         1       -7.784889e-01
        69         1        1.146446e-01
        70         1       -9.953024e-01
        71         1        1.043533e+00
        72         1       -6.917813e-01
        73         1        2.245551e+00
        74         1       -8.921217e-01
        75         1        1.706580e+00
        76         1       -8.701890e-01
        77         1        1.531209e+00
        78         1       -1.603222e+00
        79         1       -7.983249e-01
        80         1        7.831245e-01
        81         1        9.799261e-01
        82         1        7.449470e-01
        83         1        5.869949e-01
        84         1        1.787079e+00
        85         1        9.902052e-01
        86         1        4.808745e-01
        87         1       -5.430619e-01
        88         1       -1.422163e+00
        89         1       -7.683302e-02
        90         1        1.040314e+00
        91         1       -4.799743e-01
        92         1       -1.308470e+00
        93         1       -1.101163e+00
        94         1        5.387818e-01
        95         1        2.972887e-01
        96         1       -4.304846e-01
        97         1       -1.146891e-01
        98         1       -3.528436e-01
        99         1       -2.038380e+00
       100         1       -6.889465e-01
         1         2       -1.528383e+00
         2         2       -9.612780e-01
         3         2       -9.992364e-01
         4         2       -4.697341e-01
         5         2        1.948140e+00
         6         2        5.083947e-01
         7         2        4.609081e-01
         8         2       -7.627910e-01
         9         2        7.664181e-01
        10         2       -1.357929e+00
        11         2       -9.173301e-01
        12         2       -1.654165e+00
        13         2       -2.349232e+00
        14         2       -2.748103e+00
        15         2       -3.204763e-01
        16         2        8.554283e-01
        17         2       -4.491781e-01
        18         2        7.787773e-01
        19         2       -9.453993e-01
        20         2        6.402168e-01
        21         2        9.544788e-01
        22         2        1.605133e-01
        23         2        1.059116e+00
        24         2        1.355731e+00
        25         2        1.315568e+00
        26         2        7.661427e-02
        27         2        3.452659e-01
        28         2        2.127797e+00
        29         2        4.509506e-02
        30         2        8.694152e-01
        31         2       -7.523566e-02
        32         2        9.323967e-01
        33         2       -3.260532e-01
        34         2        2.159716e+00
        35         2        4.436373e-01
        36         2       -2.614883e-01
        37         2       -9.745579e-01
        38         2       -7.555513e-01
        39         2        1.024720e+00
        40         2        1.266829e+00
        41         2        1.246892e+00
        42         2       -3.716600e-01
        43         2       -5.140817e-01
        44         2        7.597242e-01
        45         2        4.788347e-01
        46         2       -5.372003e-01
        47         2       -1.832497e-01
        48         2        9.874797e-01
        49         2        5.110682e-01
        50         2        1.568535e-01
        51         2        2.461929e-01
        52         2       -1.769299e-01
        53         2       -5.610853e-02
        54         2        2.347014e+00
        55         2        1.057444e-01
        56         2       -5.579763e-01
        57         2       -4.428859e-01
        58         2        1.019044e+00
        59         2        4.342565e-01
        60         2        6.259770e-01
        61         2       -1.017807e-01
        62         2        1.492323e+00
        63         2        1.914130e-01
        64         2        5.156859e-02
        65         2        5.783113e-01
        66         2        8.664521e-01
        67         2       -5.303430e-01
        68         2       -2.518959e+00
        69         2        8.138130e-01
        70         2        1.002961e+00
        71         2       -6.332956e-01
        72         2        1.647775e+00
        73         2       -6.850920e-01
        74         2        3.211072e-01
        75         2        2.856169e-02
        76         2        3.774556e-01
        77         2        7.166543e-01
        78         2       -2.583764e-01
        79         2       -8.978488e-01
        80         2       -3.970244e-01
        81         2       -1.207822e+00
        82         2        6.907749e-01
        83         2        3.499936e-01
        84         2       -2.510417e-01
        85         2       -1.814191e+00
        86         2       -2.300572e+00
        87         2        2.178057e-01
        88         2        8.839925e-01
        89         2        1.468435e+00
        90         2        4.646604e-01
        91         2       -5.887033e-01
        92         2       -6.258800e-01
        93         2        6.463594e-01
        94         2       -1.250816e+00
        95         2        9.645013e-01
        96         2        2.121841e-01
        97         2        3.856395e-01
        98         2       -1.596919e-01
        99         2       -1.444006e+00
       100         2       -5.552915e-01
         1         3        1.009945e+00
         2         3       -9.830874e-02
         3         3        5.094069e-01
         4         3        9.509176e-01
         5         3       -1.837065e+00
         6         3       -2.484931e-01
         7         3       -3.078537e-01
         8         3        9.169612e-01
         9         3        9.108838e-02
        10         3        1.040479e+00
        11         3        9.478438e-01
        12         3        1.427468e+00
        13         3        5.988074e-01
        14         3        1.363931e-01
        15         3        8.008502e-01
        16         3       -3.080493e-01
        17         3       -1.429174e-01
        18         3       -3.924771e-01
        19         3       -9.599187e-01
        20         3        6.097501e-01
        21         3        1.663511e+00
        22         3       -1.541131e+00
        23         3       -4.539169e-01
        24         3        5.919808e-01
        25         3        1.118551e+00
        26         3        1.430547e+00
        27         3       -1.003534e-01
        28         3        1.054215e+00
        29         3        1.391527e-01
        30         3        4.263283e-01
        31         3       -3.479069e-01
        32         3        1.220006e+00
        33         3       -4.010645e-02
        34         3       -1.001826e+00
        35         3       -2.583536e-01
        36         3       -1.336820e+00
        37         3        7.884637e-01
        38         3        3.325263e-01
        39         3       -1.645799e+00
        40         3       -7.266891e-01
        41         3       -8.111138e-02
        42         3       -1.854261e+00
        43         3        1.118612e+00
        44         3       -2.851886e+00
        45         3       -1.217961e+00
        46         3       -2.118478e+00
        47         3        6.884021e-01
        48         3        3.199959e-01
        49         3       -1.144396e+00
        50         3       -1.451053e+00
        51         3       -6.290738e-01
        52         3        1.872076e+00
        53         3        1.837894e-01
        54         3        1.233297e-01
        55         3       -7.431644e-01
        56         3        1.909603e-01
        57         3        5.209231e-01
        58         3       -1.630991e+00
        59         3        1.168480e+00
        60         3       -9.430464e-01
        61         3        2.349731e-02
        62         3       -3.947123e-02
        63         3        1.436676e+00
        64         3        1.230504e+00
        65         3       -1.276736e+00
        66         3       -8.640042e-01
        67         3        7.798628e-01
        68         3       -3.436041e-03
        69         3        7.911276e-01
        70         3        1.274994e+00
        71         3       -9.456519e-01
        72         3        6.572575e-01
        73         3       -6.727403e-01
        74         3       -1.437888e+00
        75         3       -2.872335e-01
        76         3        7.799522e-02
        77         3        6.799246e-01
        78         3       -7.216652e-01
        79         3        1.074417e+00
        80         3        1.174957e+00
        81         3        8.892256e-01
        82         3        7.654661e-01
        83         3       -1.655272e+00
        84         3       -2.808864e+00
        85         3        7.793790e-01
        86         3       -1.390963e-02
        87         3        1.339591e+00
        88         3       -3.540649e-01
        89         3        1.677333e+00
        90         3       -1.253649e+00
        91         3        3.056382e-01
        92         3       -3.343225e-01
        93         3        2.027087e-01
        94         3        4.117401e-01
        95         3        2.309068e-01
        96         3       -1.050282e+00
        97         3        8.404476e-01
        98         3       -1.378867e-01
        99         3       -2.213617e+00
       100         3        6.949102e-01
         1         4       -8.480152e-01
         2         4        1.892972e+00
         3         4        2.462766e-01
         4         4       -1.748418e+00
         5         4        1.662554e-01
         6         4       -3.662323e-01
         7         4        7.190678e-01
         8         4       -4.069452e-01
         9         4       -1.167360e+00
        10         4        6.012042e-01
        11         4        2.739186e-01
        12         4        1.132026e+00
        13         4       -3.835089e-01
        14         4        5.976470e-01
        15         4       -1.982702e-03
        16         4        1.948381e+00
        17         4        2.549738e-01
        18         4        3.938558e-01
        19         4        1.606147e+00
        20         4       -2.513917e-01
        21         4       -1.445184e+00
        22         4       -2.309633e+00
        23         4        2.563971e-01
        24         4       -6.878556e-01
        25         4        5.978050e-01
        26         4       -1.860949e+00
        27         4        3.559040e-01
        28         4       -1.628059e-01
        29         4       -7.456098e-01
        30         4       -1.102390e+00
        31         4       -3.050610e-01
        32         4        7.656488e-01
        33         4       -1.208623e+00
        34         4        7.070141e-01
        35         4        8.180310e-01
        36         4        1.054464e-02
        37         4        2.161136e+00
        38         4       -2.641009e-01
        39         4        9.334219e-01
        40         4        2.257059e-01
        41         4        5.269374e-01
        42         4        2.335163e-01
        43         4       -1.389206e-01
        44         4        1.473861e+00
        45         4        1.040146e+00
        46         4       -1.455742e+00
        47         4        1.738544e-02
        48         4       -1.999962e-02
        49         4        8.487310e-02
        50         4        1.493920e+00
        51         4        5.639285e-01
        52         4       -5.927863e-01
        53         4       -3.627110e-01
        54         4        8.307017e-01
        55         4       -1.560224e+00
        56         4        7.198834e-01
        57         4       -2.520893e-01
        58         4       -1.489162e+00
        59         4        7.997625e-01
        60         4       -6.207291e-01
        61         4        6.179089e-01
        62         4       -6.602829e-01
        63         4       -1.043318e+00
        64         4       -1.482895e-01
        65         4        1.013439e+00
        66         4        2.477653e-02
        67         4        6.065762e-01
        68         4       -5.010863e-01
        69         4       -3.170741e-01
        70         4       -1.273509e+00
        71         4        1.260829e+00
        72         4        2.272798e-01
        73         4        7.651675e-01
        74         4       -3.865385e-01
        75         4       -1.250649e+00
        76         4       -1.165414e+00
        77         4        1.047532e+00
        78         4       -1.406413e+00
        79         4        2.383538e+00
        80         4        1.903890e+00
        81         4       -1.493230e+00
        82         4        2.999254e+00
        83         4        3.963015e-02
        84         4        1.000612e+00
        85         4        1.499177e+00
        86         4       -1.379859e+00
        87         4       -4.934475e-01
        88         4        9.409827e-01
        89         4        1.973867e-01
        90         4       -8.831360e-01
        91         4        1.212942e+00
        92         4       -1.523467e+00
        93         4        1.351835e+00
        94         4        1.346724e+00
        95         4        1.540406e-01
        96         4       -5.865744e-01
        97         4        2.381133e-02
        98         4        3.097636e-01
        99         4       -7.263252e-01
       100         4        5.200965e-02
         1         5       -7.445426e-01
         2         5       -4.469630e-01
         3         5        7.221522e-03
         4         5       -2.412859e+00
         5         5       -2.054287e-01
         6         5       -1.024545e+00
         7         5       -5.851960e-01
         8         5        6.537098e-01
         9         5        1.324897e+00
        10         5        6.301493e-01
        11         5       -5.582871e-01
        12         5       -1.387180e+00
        13         5       -8.709414e-01
        14         5        6.436886e-02
        15         5        1.394647e+00
        16         5       -9.089105e-01
        17         5        1.352857e+00
        18         5       -8.596878e-01
        19         5        3.048011e-01
        20         5       -6.485796e-01
        21         5        8.697831e-01
        22         5       -3.251466e-01
        23         5        3.387112e-01
        24         5       -1.605454e-01
        25         5       -2.000131e-02
        26         5       -2.412858e+00
        27         5       -1.042276e-01
        28         5        2.078061e+00
        29         5       -3.664902e-01
        30         5        7.255718e-01
        31         5       -4.452688e-01
        32         5        1.363865e+00
        33         5       -1.427530e+00
        34         5       -3.052749e-01
        35         5        5.744382e-01
        36         5        4.531605e-01
        37         5       -1.717231e+00
        38         5       -8.188061e-02
        39         5        8.842582e-01
        40         5        6.590270e-01
        41         5        8.251660e-01
        42         5       -1.327506e-01
        43         5        9.236515e-01
        44         5       -4.080635e-01
        45         5       -1.535733e+00
        46         5        6.083932e-01
        47         5        2.241115e-01
        48         5       -2.611820e-01
        49         5       -1.090910e-01
        50         5        1.836829e+00
        51         5        1.122307e+00
        52         5       -1.616925e+00
        53         5        1.835762e-01
        54         5       -1.299928e+00
        55         5        1.408641e+00
        56         5       -7.091389e-01
        57         5       -2.349814e-01
        58         5        8.645866e-01
        59         5        1.425644e+00
        60         5        1.358202e+00
        61         5       -3.046086e-02
        62         5       -7.759198e-01
        63         5       -7.501687e-01
        64         5       -4.725322e-01
        65         5       -1.102539e+00
        66         5        3.104591e+00
        67         5        5.605434e-01
        68         5       -1.136246e+00
        69         5        8.451871e-02
        70         5        5.467207e-01
        71         5       -4.596881e-01
        72         5        1.836736e-01
        73         5        8.430459e-02
        74         5       -2.192419e+00
        75         5       -1.234975e+00
        76         5       -3.958984e-01
        77         5       -4.897485e-01
        78         5        7.652427e-01
        79         5       -6.819487e-01
        80         5       -5.234584e-02
        81         5        1.004644e+00
        82         5        8.070804e-01
        83         5        4.345502e-01
        84         5       -6.016366e-01
        85         5       -1.651880e-01
        86         5       -4.188178e-01
        87         5       -7.712898e-01
        88         5       -2.450323e-03
        89         5        5.520208e-01
        90         5       -6.832209e-01
        91         5       -5.988639e-01
        92         5        2.409229e-01
        93         5       -1.518175e+00
        94         5       -1.534330e+00
        95         5       -2.337497e-01
        96         5        3.606696e-01
        97         5        1.003115e+00
        98         5       -1.499260e+00
        99         5       -7.171733e-01
       100         5       -9.293181e-02
;
param X_Original:=
    1       -2.972502e+00
    2        3.545106e+00
    3       -6.248465e-01
    4       -5.139798e+00
    5        2.259012e+00
    6        7.676021e-02
    7        1.074023e+00
    8       -1.141504e-01
    9       -7.107980e-01
   10       -7.642021e-01
   11       -8.353270e-01
   12       -4.400837e-01
   13        9.701442e-01
   14        7.233726e-02
   15        6.165450e-01
   16        3.367458e+00
   17        8.984053e-01
   18        9.494300e-01
   19        4.069192e+00
   20       -1.263150e+00
   21        8.238808e-03
   22        7.588869e-01
   23        1.618934e+00
   24       -9.252513e-01
   25       -3.569279e-01
   26        8.755260e-01
   27        6.320832e-01
   28        1.001521e+00
   29       -1.259355e+00
   30       -1.298152e+00
   31       -8.293346e-01
   32        1.736201e+00
   33       -3.370023e+00
   34        2.834530e+00
   35        6.041744e-01
   36        8.386110e-01
   37        2.180924e+00
   38       -6.594943e-01
   39        3.975461e+00
   40        1.405230e+00
   41        2.143148e+00
   42        1.265578e+00
   43        9.815720e-01
   44        4.818505e+00
   45        2.824545e+00
   46        1.458737e+00
   47       -8.251759e-01
   48        1.074690e-01
   49        4.088374e-01
   50        4.951999e+00
   51        2.153409e+00
   52       -3.314190e+00
   53       -8.438214e-01
   54       -5.254906e-01
   55       -1.551782e+00
   56        4.856094e-01
   57       -1.450854e-01
   58       -8.614884e-01
   59        1.827682e+00
   60        6.526440e-01
   61        1.282474e+00
   62       -2.246295e-01
   63       -3.060009e-01
   64       -1.670635e+00
   65       -4.745887e-01
   66        1.327840e-02
   67        3.765913e-01
   68       -2.355380e+00
   69       -7.452675e-01
   70       -2.190145e+00
   71        2.141459e+00
   72       -1.536028e-01
   73        9.404359e-01
   74       -5.066979e-01
   75       -3.268994e+00
   76        3.932445e-01
   77        1.108513e+00
   78       -1.325448e+00
   79        3.245156e+00
   80        7.821550e-01
   81       -3.648215e+00
   82        5.571057e+00
   83        3.858355e-01
   84       -4.224192e-01
   85        1.130430e+00
   86       -3.898800e+00
   87       -1.924708e+00
   88        2.780212e+00
   89        2.528980e-01
   90       -1.292683e+00
   91       -1.200481e+00
   92       -2.372589e+00
   93        2.212040e+00
   94        7.597785e-01
   95        6.470367e-01
   96       -8.286913e-03
   97        2.122388e-01
   98       -6.415055e-02
   99       -2.950071e-01
  100       -2.680379e-02
;
param outliervec_original :=
    1    0
    2    0
    3    0
    4    0
    5    0
    6    1
    7    0
    8    1
    9    1
   10    1
   11    0
   12    1
   13    1
   14    0
   15    1
   16    0
   17    0
   18    0
   19    0
   20    0
   21    1
   22    1
   23    0
   24    0
   25    1
   26    1
   27    0
   28    0
   29    0
   30    0
   31    0
   32    0
   33    0
   34    0
   35    1
   36    0
   37    0
   38    1
   39    0
   40    0
   41    0
   42    0
   43    1
   44    0
   45    0
   46    1
   47    0
   48    0
   49    0
   50    0
   51    0
   52    0
   53    0
   54    1
   55    0
   56    0
   57    1
   58    0
   59    0
   60    0
   61    0
   62    1
   63    1
   64    0
   65    1
   66    1
   67    0
   68    0
   69    0
   70    0
   71    0
   72    1
   73    0
   74    0
   75    0
   76    1
   77    0
   78    1
   79    0
   80    1
   81    0
   82    0
   83    1
   84    1
   85    0
   86    0
   87    0
   88    0
   89    1
   90    0
   91    1
   92    0
   93    0
   94    0
   95    1
   96    0
   97    0
   98    0
   99    0
  100    1
;
param d:= 90;
param r:=5;
param p:=0.300000;
param M:=1000;
param U:=
         1         1       -9.824624e-01
         2         1       -2.008627e+00
         3         1        1.108040e+00
         4         1       -5.485239e-01
         5         1       -1.121179e-01
         6         1       -2.153675e-01
         7         1        1.210960e+00
         8         1       -6.144376e-01
         9         1       -6.185465e-01
        10         1       -7.339975e-01
        11         1        1.816383e-01
        12         1        8.709598e-01
        13         1       -6.367795e-01
        14         1       -1.175330e+00
        15         1        1.201077e+00
        16         1        5.652322e-01
        17         1       -2.331467e-01
        18         1       -2.374090e+00
        19         1        1.149746e+00
        20         1       -2.437520e+00
        21         1       -7.462963e-01
        22         1       -8.076375e-01
        23         1       -1.116109e-01
        24         1        6.352753e-01
        25         1       -5.050009e-02
        26         1       -1.296036e+00
        27         1       -9.614447e-01
        28         1        7.619700e-01
        29         1       -1.816536e-02
        30         1        9.323923e-01
        31         1       -3.490507e-01
        32         1        1.266371e+00
        33         1        5.579443e-01
        34         1        1.188797e-01
        35         1        1.120350e+00
        36         1       -9.513567e-01
        37         1        1.219230e+00
        38         1       -5.219026e-01
        39         1        4.778243e-01
        40         1       -3.305522e-01
        41         1       -3.839248e-01
        42         1       -2.287511e+00
        43         1        1.504419e+00
        44         1       -2.130083e-01
        45         1        2.189178e+00
        46         1       -7.612158e-01
        47         1       -5.997433e-02
        48         1        3.258875e-01
        49         1        4.023285e-01
        50         1        3.277622e-01
        51         1       -3.516037e-01
        52         1        4.337396e-01
        53         1        3.981039e-01
        54         1        7.974057e-02
        55         1       -6.084293e-01
        56         1       -7.895493e-01
        57         1       -6.947369e-01
        58         1       -2.258720e+00
        59         1        1.270866e+00
        60         1        1.031502e+00
        61         1       -7.784889e-01
        62         1        1.146446e-01
        63         1       -9.953024e-01
        64         1        1.043533e+00
        65         1       -6.917813e-01
        66         1        2.245551e+00
        67         1       -8.921217e-01
        68         1        1.706580e+00
        69         1        1.531209e+00
        70         1       -1.603222e+00
        71         1       -7.983249e-01
        72         1        7.831245e-01
        73         1        9.799261e-01
        74         1        7.449470e-01
        75         1        5.869949e-01
        76         1        9.902052e-01
        77         1        4.808745e-01
        78         1       -5.430619e-01
        79         1       -1.422163e+00
        80         1       -7.683302e-02
        81         1        1.040314e+00
        82         1       -1.308470e+00
        83         1       -1.101163e+00
        84         1        5.387818e-01
        85         1        2.972887e-01
        86         1       -4.304846e-01
        87         1       -1.146891e-01
        88         1       -3.528436e-01
        89         1       -2.038380e+00
        90         1       -6.889465e-01
         1         2       -1.528383e+00
         2         2       -9.612780e-01
         3         2       -9.992364e-01
         4         2       -4.697341e-01
         5         2        1.948140e+00
         6         2        5.083947e-01
         7         2        4.609081e-01
         8         2       -7.627910e-01
         9         2        7.664181e-01
        10         2       -1.357929e+00
        11         2       -9.173301e-01
        12         2       -1.654165e+00
        13         2       -2.748103e+00
        14         2       -3.204763e-01
        15         2        8.554283e-01
        16         2       -4.491781e-01
        17         2        7.787773e-01
        18         2       -9.453993e-01
        19         2        6.402168e-01
        20         2        9.544788e-01
        21         2        1.059116e+00
        22         2        1.355731e+00
        23         2        1.315568e+00
        24         2        3.452659e-01
        25         2        2.127797e+00
        26         2        4.509506e-02
        27         2        8.694152e-01
        28         2       -7.523566e-02
        29         2        9.323967e-01
        30         2       -3.260532e-01
        31         2        2.159716e+00
        32         2        4.436373e-01
        33         2       -2.614883e-01
        34         2       -9.745579e-01
        35         2       -7.555513e-01
        36         2        1.024720e+00
        37         2        1.266829e+00
        38         2        1.246892e+00
        39         2       -3.716600e-01
        40         2       -5.140817e-01
        41         2        7.597242e-01
        42         2        4.788347e-01
        43         2       -1.832497e-01
        44         2        9.874797e-01
        45         2        5.110682e-01
        46         2        1.568535e-01
        47         2        2.461929e-01
        48         2       -1.769299e-01
        49         2       -5.610853e-02
        50         2        2.347014e+00
        51         2        1.057444e-01
        52         2       -5.579763e-01
        53         2       -4.428859e-01
        54         2        1.019044e+00
        55         2        4.342565e-01
        56         2        6.259770e-01
        57         2       -1.017807e-01
        58         2        1.492323e+00
        59         2        5.156859e-02
        60         2       -5.303430e-01
        61         2       -2.518959e+00
        62         2        8.138130e-01
        63         2        1.002961e+00
        64         2       -6.332956e-01
        65         2        1.647775e+00
        66         2       -6.850920e-01
        67         2        3.211072e-01
        68         2        2.856169e-02
        69         2        7.166543e-01
        70         2       -2.583764e-01
        71         2       -8.978488e-01
        72         2       -3.970244e-01
        73         2       -1.207822e+00
        74         2        6.907749e-01
        75         2        3.499936e-01
        76         2       -1.814191e+00
        77         2       -2.300572e+00
        78         2        2.178057e-01
        79         2        8.839925e-01
        80         2        1.468435e+00
        81         2        4.646604e-01
        82         2       -6.258800e-01
        83         2        6.463594e-01
        84         2       -1.250816e+00
        85         2        9.645013e-01
        86         2        2.121841e-01
        87         2        3.856395e-01
        88         2       -1.596919e-01
        89         2       -1.444006e+00
        90         2       -5.552915e-01
         1         3        1.009945e+00
         2         3       -9.830874e-02
         3         3        5.094069e-01
         4         3        9.509176e-01
         5         3       -1.837065e+00
         6         3       -2.484931e-01
         7         3       -3.078537e-01
         8         3        9.169612e-01
         9         3        9.108838e-02
        10         3        1.040479e+00
        11         3        9.478438e-01
        12         3        1.427468e+00
        13         3        1.363931e-01
        14         3        8.008502e-01
        15         3       -3.080493e-01
        16         3       -1.429174e-01
        17         3       -3.924771e-01
        18         3       -9.599187e-01
        19         3        6.097501e-01
        20         3        1.663511e+00
        21         3       -4.539169e-01
        22         3        5.919808e-01
        23         3        1.118551e+00
        24         3       -1.003534e-01
        25         3        1.054215e+00
        26         3        1.391527e-01
        27         3        4.263283e-01
        28         3       -3.479069e-01
        29         3        1.220006e+00
        30         3       -4.010645e-02
        31         3       -1.001826e+00
        32         3       -2.583536e-01
        33         3       -1.336820e+00
        34         3        7.884637e-01
        35         3        3.325263e-01
        36         3       -1.645799e+00
        37         3       -7.266891e-01
        38         3       -8.111138e-02
        39         3       -1.854261e+00
        40         3        1.118612e+00
        41         3       -2.851886e+00
        42         3       -1.217961e+00
        43         3        6.884021e-01
        44         3        3.199959e-01
        45         3       -1.144396e+00
        46         3       -1.451053e+00
        47         3       -6.290738e-01
        48         3        1.872076e+00
        49         3        1.837894e-01
        50         3        1.233297e-01
        51         3       -7.431644e-01
        52         3        1.909603e-01
        53         3        5.209231e-01
        54         3       -1.630991e+00
        55         3        1.168480e+00
        56         3       -9.430464e-01
        57         3        2.349731e-02
        58         3       -3.947123e-02
        59         3        1.230504e+00
        60         3        7.798628e-01
        61         3       -3.436041e-03
        62         3        7.911276e-01
        63         3        1.274994e+00
        64         3       -9.456519e-01
        65         3        6.572575e-01
        66         3       -6.727403e-01
        67         3       -1.437888e+00
        68         3       -2.872335e-01
        69         3        6.799246e-01
        70         3       -7.216652e-01
        71         3        1.074417e+00
        72         3        1.174957e+00
        73         3        8.892256e-01
        74         3        7.654661e-01
        75         3       -1.655272e+00
        76         3        7.793790e-01
        77         3       -1.390963e-02
        78         3        1.339591e+00
        79         3       -3.540649e-01
        80         3        1.677333e+00
        81         3       -1.253649e+00
        82         3       -3.343225e-01
        83         3        2.027087e-01
        84         3        4.117401e-01
        85         3        2.309068e-01
        86         3       -1.050282e+00
        87         3        8.404476e-01
        88         3       -1.378867e-01
        89         3       -2.213617e+00
        90         3        6.949102e-01
         1         4       -8.480152e-01
         2         4        1.892972e+00
         3         4        2.462766e-01
         4         4       -1.748418e+00
         5         4        1.662554e-01
         6         4       -3.662323e-01
         7         4        7.190678e-01
         8         4       -4.069452e-01
         9         4       -1.167360e+00
        10         4        6.012042e-01
        11         4        2.739186e-01
        12         4        1.132026e+00
        13         4        5.976470e-01
        14         4       -1.982702e-03
        15         4        1.948381e+00
        16         4        2.549738e-01
        17         4        3.938558e-01
        18         4        1.606147e+00
        19         4       -2.513917e-01
        20         4       -1.445184e+00
        21         4        2.563971e-01
        22         4       -6.878556e-01
        23         4        5.978050e-01
        24         4        3.559040e-01
        25         4       -1.628059e-01
        26         4       -7.456098e-01
        27         4       -1.102390e+00
        28         4       -3.050610e-01
        29         4        7.656488e-01
        30         4       -1.208623e+00
        31         4        7.070141e-01
        32         4        8.180310e-01
        33         4        1.054464e-02
        34         4        2.161136e+00
        35         4       -2.641009e-01
        36         4        9.334219e-01
        37         4        2.257059e-01
        38         4        5.269374e-01
        39         4        2.335163e-01
        40         4       -1.389206e-01
        41         4        1.473861e+00
        42         4        1.040146e+00
        43         4        1.738544e-02
        44         4       -1.999962e-02
        45         4        8.487310e-02
        46         4        1.493920e+00
        47         4        5.639285e-01
        48         4       -5.927863e-01
        49         4       -3.627110e-01
        50         4        8.307017e-01
        51         4       -1.560224e+00
        52         4        7.198834e-01
        53         4       -2.520893e-01
        54         4       -1.489162e+00
        55         4        7.997625e-01
        56         4       -6.207291e-01
        57         4        6.179089e-01
        58         4       -6.602829e-01
        59         4       -1.482895e-01
        60         4        6.065762e-01
        61         4       -5.010863e-01
        62         4       -3.170741e-01
        63         4       -1.273509e+00
        64         4        1.260829e+00
        65         4        2.272798e-01
        66         4        7.651675e-01
        67         4       -3.865385e-01
        68         4       -1.250649e+00
        69         4        1.047532e+00
        70         4       -1.406413e+00
        71         4        2.383538e+00
        72         4        1.903890e+00
        73         4       -1.493230e+00
        74         4        2.999254e+00
        75         4        3.963015e-02
        76         4        1.499177e+00
        77         4       -1.379859e+00
        78         4       -4.934475e-01
        79         4        9.409827e-01
        80         4        1.973867e-01
        81         4       -8.831360e-01
        82         4       -1.523467e+00
        83         4        1.351835e+00
        84         4        1.346724e+00
        85         4        1.540406e-01
        86         4       -5.865744e-01
        87         4        2.381133e-02
        88         4        3.097636e-01
        89         4       -7.263252e-01
        90         4        5.200965e-02
         1         5       -7.445426e-01
         2         5       -4.469630e-01
         3         5        7.221522e-03
         4         5       -2.412859e+00
         5         5       -2.054287e-01
         6         5       -1.024545e+00
         7         5       -5.851960e-01
         8         5        6.537098e-01
         9         5        1.324897e+00
        10         5        6.301493e-01
        11         5       -5.582871e-01
        12         5       -1.387180e+00
        13         5        6.436886e-02
        14         5        1.394647e+00
        15         5       -9.089105e-01
        16         5        1.352857e+00
        17         5       -8.596878e-01
        18         5        3.048011e-01
        19         5       -6.485796e-01
        20         5        8.697831e-01
        21         5        3.387112e-01
        22         5       -1.605454e-01
        23         5       -2.000131e-02
        24         5       -1.042276e-01
        25         5        2.078061e+00
        26         5       -3.664902e-01
        27         5        7.255718e-01
        28         5       -4.452688e-01
        29         5        1.363865e+00
        30         5       -1.427530e+00
        31         5       -3.052749e-01
        32         5        5.744382e-01
        33         5        4.531605e-01
        34         5       -1.717231e+00
        35         5       -8.188061e-02
        36         5        8.842582e-01
        37         5        6.590270e-01
        38         5        8.251660e-01
        39         5       -1.327506e-01
        40         5        9.236515e-01
        41         5       -4.080635e-01
        42         5       -1.535733e+00
        43         5        2.241115e-01
        44         5       -2.611820e-01
        45         5       -1.090910e-01
        46         5        1.836829e+00
        47         5        1.122307e+00
        48         5       -1.616925e+00
        49         5        1.835762e-01
        50         5       -1.299928e+00
        51         5        1.408641e+00
        52         5       -7.091389e-01
        53         5       -2.349814e-01
        54         5        8.645866e-01
        55         5        1.425644e+00
        56         5        1.358202e+00
        57         5       -3.046086e-02
        58         5       -7.759198e-01
        59         5       -4.725322e-01
        60         5        5.605434e-01
        61         5       -1.136246e+00
        62         5        8.451871e-02
        63         5        5.467207e-01
        64         5       -4.596881e-01
        65         5        1.836736e-01
        66         5        8.430459e-02
        67         5       -2.192419e+00
        68         5       -1.234975e+00
        69         5       -4.897485e-01
        70         5        7.652427e-01
        71         5       -6.819487e-01
        72         5       -5.234584e-02
        73         5        1.004644e+00
        74         5        8.070804e-01
        75         5        4.345502e-01
        76         5       -1.651880e-01
        77         5       -4.188178e-01
        78         5       -7.712898e-01
        79         5       -2.450323e-03
        80         5        5.520208e-01
        81         5       -6.832209e-01
        82         5        2.409229e-01
        83         5       -1.518175e+00
        84         5       -1.534330e+00
        85         5       -2.337497e-01
        86         5        3.606696e-01
        87         5        1.003115e+00
        88         5       -1.499260e+00
        89         5       -7.171733e-01
        90         5       -9.293181e-02
;

param theta:=
    1       -2.979786e-01
    2        4.272305e-01
    3       -6.472292e-01
    4        1.860673e+00
    5        5.113711e-01
;
param X_true:=
    1       -2.972502e+00
    2        3.545106e+00
    3       -6.248465e-01
    4       -5.139798e+00
    5        2.259012e+00
    6       -7.631525e-01
    7        1.074023e+00
    8       -1.159186e+00
    9       -1.041766e+00
   10        4.060230e-01
   11       -8.353270e-01
   12       -4.931701e-01
   13        7.233726e-02
   14        4.044653e-01
   15        3.367458e+00
   16        8.984053e-01
   17        9.494300e-01
   18        4.069192e+00
   19       -1.263150e+00
   20       -2.186795e+00
   21        1.618934e+00
   22       -9.252513e-01
   23        9.734412e-01
   24        6.320832e-01
   25        1.001521e+00
   26       -1.259355e+00
   27       -1.298152e+00
   28       -8.293346e-01
   29        1.736201e+00
   30       -3.370023e+00
   31        2.834530e+00
   32        1.795237e+00
   33        8.386110e-01
   34        2.180924e+00
   35       -1.405132e+00
   36        3.975461e+00
   37        1.405230e+00
   38        2.143148e+00
   39        1.265578e+00
   40       -6.312894e-01
   41        4.818505e+00
   42        2.824545e+00
   43       -8.251759e-01
   44        1.074690e-01
   45        4.088374e-01
   46        4.951999e+00
   47        2.153409e+00
   48       -3.314190e+00
   49       -8.438214e-01
   50        1.706146e+00
   51       -1.551782e+00
   52        4.856094e-01
   53       -1.234216e+00
   54       -8.614884e-01
   55        1.827682e+00
   56        6.526440e-01
   57        1.282474e+00
   58       -2.891902e-01
   59       -1.670635e+00
   60        3.765913e-01
   61       -2.355380e+00
   62       -7.452675e-01
   63       -2.190145e+00
   64        2.141459e+00
   65        1.001538e+00
   66        9.404359e-01
   67       -5.066979e-01
   68       -3.268994e+00
   69        1.108513e+00
   70       -1.391128e+00
   71        3.245156e+00
   72        2.352306e+00
   73       -3.648215e+00
   74        5.571057e+00
   75        1.341912e+00
   76        1.130430e+00
   77       -3.898800e+00
   78       -1.924708e+00
   79        2.780212e+00
   80        2.141955e-01
   81       -1.292683e+00
   82       -2.372589e+00
   83        2.212040e+00
   84        7.597785e-01
   85        3.411154e-01
   86       -8.286913e-03
   87        2.122388e-01
   88       -6.415055e-02
   89       -2.950071e-01
   90       -4.324621e-01
;
param X:=
    1       -2.972502e+00
    2        3.545106e+00
    3       -6.248465e-01
    4       -5.139798e+00
    5        2.259012e+00
    6        7.676021e-02
    7        1.074023e+00
    8       -1.141504e-01
    9       -7.107980e-01
   10       -7.642021e-01
   11       -8.353270e-01
   12       -4.400837e-01
   13        7.233726e-02
   14        6.165450e-01
   15        3.367458e+00
   16        8.984053e-01
   17        9.494300e-01
   18        4.069192e+00
   19       -1.263150e+00
   20        8.238808e-03
   21        1.618934e+00
   22       -9.252513e-01
   23       -3.569279e-01
   24        6.320832e-01
   25        1.001521e+00
   26       -1.259355e+00
   27       -1.298152e+00
   28       -8.293346e-01
   29        1.736201e+00
   30       -3.370023e+00
   31        2.834530e+00
   32        6.041744e-01
   33        8.386110e-01
   34        2.180924e+00
   35       -6.594943e-01
   36        3.975461e+00
   37        1.405230e+00
   38        2.143148e+00
   39        1.265578e+00
   40        9.815720e-01
   41        4.818505e+00
   42        2.824545e+00
   43       -8.251759e-01
   44        1.074690e-01
   45        4.088374e-01
   46        4.951999e+00
   47        2.153409e+00
   48       -3.314190e+00
   49       -8.438214e-01
   50       -5.254906e-01
   51       -1.551782e+00
   52        4.856094e-01
   53       -1.450854e-01
   54       -8.614884e-01
   55        1.827682e+00
   56        6.526440e-01
   57        1.282474e+00
   58       -2.246295e-01
   59       -1.670635e+00
   60        3.765913e-01
   61       -2.355380e+00
   62       -7.452675e-01
   63       -2.190145e+00
   64        2.141459e+00
   65       -1.536028e-01
   66        9.404359e-01
   67       -5.066979e-01
   68       -3.268994e+00
   69        1.108513e+00
   70       -1.325448e+00
   71        3.245156e+00
   72        7.821550e-01
   73       -3.648215e+00
   74        5.571057e+00
   75        3.858355e-01
   76        1.130430e+00
   77       -3.898800e+00
   78       -1.924708e+00
   79        2.780212e+00
   80        2.528980e-01
   81       -1.292683e+00
   82       -2.372589e+00
   83        2.212040e+00
   84        7.597785e-01
   85        6.470367e-01
   86       -8.286913e-03
   87        2.122388e-01
   88       -6.415055e-02
   89       -2.950071e-01
   90       -2.680379e-02
;
param outliervec:=
    1    0
    2    0
    3    0
    4    0
    5    0
    6    1
    7    0
    8    1
    9    1
   10    1
   11    0
   12    1
   13    0
   14    1
   15    0
   16    0
   17    0
   18    0
   19    0
   20    1
   21    0
   22    0
   23    1
   24    0
   25    0
   26    0
   27    0
   28    0
   29    0
   30    0
   31    0
   32    1
   33    0
   34    0
   35    1
   36    0
   37    0
   38    0
   39    0
   40    1
   41    0
   42    0
   43    0
   44    0
   45    0
   46    0
   47    0
   48    0
   49    0
   50    1
   51    0
   52    0
   53    1
   54    0
   55    0
   56    0
   57    0
   58    1
   59    0
   60    0
   61    0
   62    0
   63    0
   64    0
   65    1
   66    0
   67    0
   68    0
   69    0
   70    1
   71    0
   72    1
   73    0
   74    0
   75    1
   76    0
   77    0
   78    0
   79    0
   80    1
   81    0
   82    0
   83    0
   84    0
   85    1
   86    0
   87    0
   88    0
   89    0
   90    1
;