data;


param D:= 100;
param U_Original:=
         1         1       -3.564226e-01
         2         1       -3.820469e-01
         3         1        1.723217e+00
         4         1        1.560944e+00
         5         1       -2.315568e-01
         6         1        1.589692e+00
         7         1       -1.850183e+00
         8         1        8.856592e-01
         9         1        4.365615e-01
        10         1       -8.255457e-01
        11         1       -3.175695e-01
        12         1        4.633196e-01
        13         1        4.485181e-01
        14         1       -1.822204e-01
        15         1       -1.254089e+00
        16         1       -1.203222e-01
        17         1        9.144447e-02
        18         1       -3.247822e-02
        19         1       -1.947135e-01
        20         1        8.538018e-01
        21         1        2.813662e+00
        22         1        9.552280e-01
        23         1       -3.848981e-01
        24         1       -6.754308e-01
        25         1       -3.725770e-01
        26         1        6.351876e-01
        27         1        3.977402e-01
        28         1        1.438324e-01
        29         1       -2.255236e-01
        30         1        3.980752e-01
        31         1        4.146980e-01
        32         1        6.257600e-01
        33         1        4.125546e-01
        34         1        4.019578e-01
        35         1        6.031959e-02
        36         1        4.928067e-01
        37         1       -3.563582e-01
        38         1       -2.082699e-01
        39         1        8.391952e-01
        40         1       -6.803665e-01
        41         1        1.804967e-01
        42         1       -6.164179e-01
        43         1       -7.802319e-01
        44         1       -2.543364e-01
        45         1        1.656390e+00
        46         1        5.861534e-01
        47         1       -3.346158e-02
        48         1       -1.194372e+00
        49         1       -8.831205e-01
        50         1        6.449390e-01
        51         1        1.582933e+00
        52         1        1.089473e+00
        53         1        1.968422e+00
        54         1       -3.064202e+00
        55         1       -7.697924e-01
        56         1        1.294646e+00
        57         1        2.142079e+00
        58         1        2.103076e+00
        59         1       -2.673592e-01
        60         1       -1.666757e-01
        61         1        6.656861e-01
        62         1       -2.072768e-01
        63         1       -1.593848e+00
        64         1       -1.326589e-01
        65         1       -9.025585e-01
        66         1       -7.814117e-01
        67         1        6.056315e-01
        68         1        2.454259e-01
        69         1        2.268183e-01
        70         1        1.004335e+00
        71         1       -1.418219e+00
        72         1       -9.003519e-01
        73         1       -2.748549e+00
        74         1        2.004268e+00
        75         1        5.214098e-01
        76         1       -5.593205e-02
        77         1       -2.292058e+00
        78         1        1.060757e+00
        79         1       -1.486359e+00
        80         1       -1.483336e+00
        81         1       -1.723479e+00
        82         1        8.184926e-02
        83         1       -7.117312e-01
        84         1        1.288174e-01
        85         1       -1.121507e+00
        86         1        8.715857e-01
        87         1        1.292675e-01
        88         1       -2.516712e+00
        89         1       -2.544237e+00
        90         1       -3.645877e-01
        91         1        9.125840e-01
        92         1        4.023886e-01
        93         1        9.986054e-01
        94         1       -3.355041e-02
        95         1       -1.131437e-01
        96         1        2.710546e-01
        97         1        1.807315e+00
        98         1        9.542178e-01
        99         1        9.443694e-01
       100         1        1.032506e-01
         1         2       -1.079013e+00
         2         2        2.208909e-01
         3         2        8.478658e-01
         4         2        7.426145e-01
         5         2        1.352653e+00
         6         2       -8.993980e-01
         7         2       -7.123914e-01
         8         2       -1.190981e+00
         9         2        3.261824e-01
        10         2       -4.927540e-01
        11         2       -1.352411e+00
        12         2        1.108094e+00
        13         2       -6.345441e-01
        14         2       -5.292584e-01
        15         2       -3.247769e-01
        16         2        1.880811e+00
        17         2       -1.055040e+00
        18         2        4.445279e-01
        19         2       -7.718737e-02
        20         2        2.649581e+00
        21         2       -2.102256e-01
        22         2       -2.685634e-01
        23         2        9.693831e-01
        24         2        2.067859e+00
        25         2       -2.936673e+00
        26         2        1.802882e+00
        27         2       -3.484970e-01
        28         2        2.060648e+00
        29         2       -1.939352e+00
        30         2        3.105600e-01
        31         2       -2.111712e+00
        32         2       -1.375951e+00
        33         2        1.065387e+00
        34         2       -2.057728e+00
        35         2        8.198173e-01
        36         2        9.998800e-01
        37         2       -2.305470e+00
        38         2        1.257612e+00
        39         2        6.318792e-02
        40         2        1.386682e+00
        41         2       -5.010026e-02
        42         2       -1.952844e-02
        43         2       -1.607318e+00
        44         2        1.554507e+00
        45         2        2.259108e+00
        46         2        1.355247e+00
        47         2       -4.746294e-01
        48         2        6.274895e-01
        49         2       -5.153871e-01
        50         2        1.421398e+00
        51         2       -1.796742e+00
        52         2        8.030763e-01
        53         2       -9.923058e-01
        54         2       -1.994099e+00
        55         2        1.889495e+00
        56         2       -1.137234e-01
        57         2       -9.902753e-01
        58         2        2.727357e-01
        59         2       -1.101960e+00
        60         2        3.870256e-02
        61         2       -1.750072e+00
        62         2        6.037225e-01
        63         2        5.206475e-01
        64         2        9.826048e-01
        65         2       -1.016867e+00
        66         2        1.172618e-01
        67         2        1.273742e+00
        68         2       -4.060929e-01
        69         2        1.626242e-01
        70         2       -5.864775e-01
        71         2       -1.754700e-01
        72         2       -7.852729e-01
        73         2        1.038278e+00
        74         2        1.727375e+00
        75         2        1.295633e+00
        76         2       -1.547984e+00
        77         2       -1.136522e+00
        78         2       -4.739313e-01
        79         2       -1.283654e+00
        80         2       -3.815454e-01
        81         2        7.699295e-02
        82         2       -2.570209e+00
        83         2       -1.729543e+00
        84         2       -2.439167e-01
        85         2        2.284966e+00
        86         2        2.666070e-01
        87         2        5.681867e-01
        88         2        3.145893e+00
        89         2       -1.177890e+00
        90         2       -1.165093e+00
        91         2        8.297851e-01
        92         2       -3.575996e-01
        93         2       -7.340562e-02
        94         2        6.827066e-01
        95         2       -1.602334e+00
        96         2       -2.842334e-01
        97         2        4.735179e-01
        98         2        1.895618e+00
        99         2       -3.042050e-01
       100         2       -1.983213e-02
         1         3        9.737930e-02
         2         3       -3.467611e-01
         3         3       -1.207443e+00
         4         3        2.361477e+00
         5         3        1.895461e+00
         6         3       -8.430684e-01
         7         3       -1.417273e+00
         8         3       -9.436617e-01
         9         3        1.397462e-01
        10         3       -3.073240e-01
        11         3        9.905345e-01
        12         3        1.590525e-01
        13         3        1.987207e+00
        14         3        3.793528e-01
        15         3       -1.448038e+00
        16         3        1.563695e+00
        17         3       -2.252196e+00
        18         3        1.271104e-01
        19         3       -1.458875e+00
        20         3       -1.289337e+00
        21         3       -1.681982e+00
        22         3        1.728375e+00
        23         3        1.136806e-01
        24         3        9.083184e-01
        25         3       -2.199281e-01
        26         3        1.271180e+00
        27         3       -3.534964e-01
        28         3        9.064016e-01
        29         3       -1.244354e+00
        30         3        3.626521e-01
        31         3        1.620010e+00
        32         3       -4.008136e-01
        33         3        3.669666e-01
        34         3        3.999765e-01
        35         3       -7.280226e-01
        36         3        5.110442e-01
        37         3       -6.064236e-01
        38         3       -1.516225e+00
        39         3        1.515673e-01
        40         3        4.841337e-01
        41         3       -3.702161e-01
        42         3        1.081508e+00
        43         3       -9.875823e-01
        44         3       -1.672119e+00
        45         3        2.914066e-01
        46         3        2.166109e-01
        47         3        4.984393e-01
        48         3        7.682554e-01
        49         3        3.923259e-01
        50         3        9.655350e-01
        51         3       -1.585133e+00
        52         3        4.629251e-01
        53         3        1.140944e+00
        54         3       -1.893783e+00
        55         3       -1.243416e+00
        56         3       -3.813752e-01
        57         3       -2.852149e-01
        58         3        3.130995e-01
        59         3        1.735977e+00
        60         3       -4.146309e-01
        61         3        2.082333e-01
        62         3        1.744577e+00
        63         3        5.817740e-01
        64         3        1.913056e-01
        65         3        5.490144e-01
        66         3        2.041057e+00
        67         3        1.813438e-01
        68         3        1.841680e+00
        69         3       -4.458929e-01
        70         3       -1.748785e+00
        71         3       -1.500936e+00
        72         3        2.987991e-01
        73         3       -3.565946e-01
        74         3        2.121014e-01
        75         3       -2.601755e-01
        76         3       -3.536215e+00
        77         3       -2.223619e-01
        78         3        9.590268e-01
        79         3        1.244445e+00
        80         3       -2.069160e-01
        81         3        1.364993e+00
        82         3        1.043648e+00
        83         3        1.827429e+00
        84         3       -2.428994e-01
        85         3       -9.349008e-01
        86         3        1.672605e+00
        87         3       -1.307223e+00
        88         3        3.436826e-01
        89         3        9.533250e-01
        90         3        1.643359e-01
        91         3        4.311622e-01
        92         3        3.039762e-02
        93         3       -2.491592e-01
        94         3        4.118835e-01
        95         3       -1.419502e-01
        96         3       -1.073982e+00
        97         3       -1.177078e+00
        98         3        6.583268e-01
        99         3       -5.821857e-01
       100         3        7.789016e-02
         1         4        1.378248e+00
         2         4        5.778160e-01
         3         4       -3.195166e-01
         4         4        1.962443e-01
         5         4       -3.196692e-01
         6         4        1.341832e+00
         7         4        2.897446e-01
         8         4       -3.531900e-01
         9         4       -1.069652e-01
        10         4        1.303772e+00
        11         4        3.239564e-01
        12         4       -9.667396e-01
        13         4        1.157057e-01
        14         4       -1.078004e+00
        15         4       -4.107750e-01
        16         4       -6.260378e-01
        17         4        9.550019e-01
        18         4       -1.006392e+00
        19         4        9.602516e-01
        20         4        3.484026e-01
        21         4        2.357613e+00
        22         4        7.525306e-01
        23         4       -1.854950e+00
        24         4       -4.519093e-01
        25         4       -2.186748e+00
        26         4       -2.914610e-01
        27         4        2.257987e+00
        28         4       -5.117771e-01
        29         4        1.538751e+00
        30         4        3.265335e-01
        31         4        9.438701e-01
        32         4       -1.419556e+00
        33         4       -2.465215e+00
        34         4        4.472433e-01
        35         4        1.387081e+00
        36         4        5.823882e-01
        37         4        2.384288e+00
        38         4        7.876235e-02
        39         4       -1.151343e+00
        40         4        1.245147e+00
        41         4       -9.609757e-01
        42         4       -2.669892e-01
        43         4        1.480394e+00
        44         4       -9.160163e-01
        45         4        5.838504e-01
        46         4       -2.055780e+00
        47         4       -3.885108e-01
        48         4       -2.157683e+00
        49         4       -1.147811e+00
        50         4       -2.367131e-03
        51         4        3.942306e-02
        52         4        8.920776e-02
        53         4        1.581833e+00
        54         4        3.319210e-01
        55         4        6.700282e-01
        56         4       -3.461666e-01
        57         4        2.893241e-01
        58         4        5.287584e-02
        59         4        1.256626e+00
        60         4       -1.902923e+00
        61         4        2.311796e-01
        62         4       -8.155728e-01
        63         4       -7.824001e-01
        64         4        3.116231e-03
        65         4       -1.294056e-01
        66         4        7.838472e-02
        67         4       -7.762141e-01
        68         4       -2.041350e-01
        69         4        7.647236e-01
        70         4        6.323473e-02
        71         4        1.240004e+00
        72         4       -1.906710e+00
        73         4        4.180925e-01
        74         4        2.045666e+00
        75         4       -7.951182e-01
        76         4        6.679789e-01
        77         4        1.122575e-01
        78         4       -2.210650e-01
        79         4       -1.064805e+00
        80         4       -1.794546e+00
        81         4       -3.848256e-01
        82         4        4.395275e-01
        83         4       -1.624586e-01
        84         4       -1.861895e-01
        85         4        6.454877e-01
        86         4        2.034180e-01
        87         4        6.232926e-01
        88         4       -8.739716e-01
        89         4        6.406684e-01
        90         4        5.061265e-01
        91         4       -4.654888e-01
        92         4        4.737286e-01
        93         4        3.422268e-01
        94         4       -1.084099e+00
        95         4       -1.362391e+00
        96         4        1.154342e+00
        97         4       -1.810228e+00
        98         4        1.969160e+00
        99         4        1.060427e-01
       100         4       -9.835318e-02
         1         5        5.786854e-01
         2         5        3.860882e-01
         3         5       -4.809489e-01
         4         5       -1.199308e-01
         5         5       -2.696270e-01
         6         5       -6.394165e-02
         7         5       -6.851330e-02
         8         5       -7.615439e-01
         9         5        8.774257e-01
        10         5        7.037414e-01
        11         5       -4.535240e-01
        12         5        2.662439e+00
        13         5       -2.536599e-01
        14         5        1.013140e-01
        15         5        9.086340e-01
        16         5       -9.324684e-02
        17         5       -1.198441e+00
        18         5       -5.780731e-01
        19         5        5.729426e-02
        20         5       -1.379371e+00
        21         5       -2.198682e+00
        22         5       -2.466212e-01
        23         5       -1.182487e+00
        24         5        1.056214e+00
        25         5       -2.650624e-01
        26         5       -4.802027e-01
        27         5       -3.684969e-01
        28         5       -1.273676e+00
        29         5        1.440430e+00
        30         5        5.050028e-01
        31         5        5.095954e-01
        32         5       -2.069853e-01
        33         5       -4.848767e-02
        34         5        1.493087e+00
        35         5        4.227162e-01
        36         5       -6.990917e-01
        37         5        1.263610e+00
        38         5       -1.127802e+00
        39         5        1.666307e+00
        40         5        7.599685e-01
        41         5        1.384143e+00
        42         5        1.369344e-01
        43         5       -7.550724e-01
        44         5       -7.906643e-01
        45         5       -1.696812e-01
        46         5       -2.072384e-01
        47         5        7.626715e-01
        48         5        3.017964e-01
        49         5        6.117751e-01
        50         5        2.509610e-01
        51         5        1.518763e+00
        52         5        7.799349e-01
        53         5        1.583859e-01
        54         5        9.378330e-01
        55         5        1.285028e+00
        56         5       -1.958639e-01
        57         5       -1.286247e-01
        58         5       -1.303564e+00
        59         5       -1.295386e+00
        60         5        1.358874e-01
        61         5        2.254880e+00
        62         5       -2.583473e-01
        63         5        4.633554e-01
        64         5        1.444587e-01
        65         5        1.929712e+00
        66         5       -3.460133e-01
        67         5        1.676449e-01
        68         5        1.122257e-01
        69         5       -3.562843e-02
        70         5       -4.606366e-01
        71         5       -7.837490e-01
        72         5       -1.463982e+00
        73         5       -1.447628e+00
        74         5       -4.896722e-01
        75         5       -6.688357e-01
        76         5       -4.967364e-01
        77         5       -7.188634e-01
        78         5       -8.603878e-01
        79         5        5.764623e-01
        80         5        9.271397e-01
        81         5        1.064086e+00
        82         5       -5.759955e-01
        83         5        1.935430e+00
        84         5       -3.374016e-01
        85         5        2.413180e-01
        86         5       -3.844666e-01
        87         5       -9.143541e-01
        88         5        4.738705e-01
        89         5        1.870902e+00
        90         5       -6.985348e-01
        91         5       -2.138696e-01
        92         5        1.482372e-01
        93         5       -8.609943e-01
        94         5       -1.460323e+00
        95         5        3.339474e-01
        96         5        6.507287e-02
        97         5       -8.496883e-01
        98         5       -7.992505e-01
        99         5       -6.924697e-01
       100         5        1.155324e+00
;
param X_Original:=
    1        9.849815e-01
    2        1.032636e+00
    3       -4.489171e-01
    4        2.800865e-01
    5       -7.665713e-01
    6        2.139454e+00
    7       -1.234234e+00
    8        1.128623e+00
    9        3.267455e-01
   10       -2.409107e-01
   11        1.968321e+00
   12        9.327005e-01
   13        3.396117e-02
   14       -6.439615e-01
   15       -1.103359e+00
   16        1.534740e+00
   17       -7.371854e-01
   18       -1.640664e+00
   19        1.226459e+00
   20       -3.113729e-02
   21        1.044243e-01
   22       -6.530294e-01
   23       -1.953530e+00
   24        1.112113e+00
   25       -1.589103e+00
   26       -7.468274e-01
   27       -8.939837e-01
   28        8.788897e-01
   29       -7.936525e-01
   30       -3.614157e-01
   31       -9.596978e-01
   32        6.996765e-01
   33       -9.750377e-01
   34       -7.317832e-01
   35        8.742986e-01
   36       -4.684203e-01
   37       -2.265210e-01
   38        1.477532e+00
   39        1.380426e-01
   40        1.483797e+00
   41       -4.059080e-01
   42       -1.132309e+00
   43       -1.203364e+00
   44       -4.312679e-01
   45        1.040750e+00
   46        1.639613e+00
   47       -6.506727e-01
   48       -1.525298e+00
   49        2.840594e-03
   50        1.623235e+00
   51        1.659536e+00
   52       -1.125265e+00
   53       -3.604440e-01
   54        1.414174e+00
   55        4.010150e+00
   56        1.227361e+00
   57        1.768009e+00
   58       -1.133313e+00
   59        7.621142e-01
   60        1.072345e+00
   61        5.179917e+00
   62       -5.958240e-01
   63       -9.898805e-01
   64        3.552777e-01
   65       -1.541198e+00
   66       -2.897398e+00
   67        1.466844e+00
   68       -4.218438e-01
   69        3.086148e-01
   70        1.284065e+00
   71       -1.871214e+00
   72       -1.812593e+00
   73        1.061514e+00
   74        2.103995e+00
   75       -7.381844e-01
   76        3.462766e-01
   77       -3.099181e-01
   78       -1.840135e+00
   79       -8.228467e-01
   80        3.385333e-01
   81       -8.642166e-01
   82       -1.378446e+00
   83        3.431937e-01
   84       -2.007119e+00
   85        8.123211e-01
   86       -2.070155e-01
   87       -1.642240e+00
   88        1.267252e+00
   89       -1.345094e-01
   90       -2.372812e+00
   91        5.504111e-01
   92        1.230392e+00
   93        1.406601e+00
   94        1.515609e+00
   95       -3.275254e-01
   96        1.440554e+00
   97        7.956004e-01
   98       -3.297513e-01
   99        1.003929e+00
  100       -8.482135e-01
;
param outliervec_original :=
    1    0
    2    0
    3    1
    4    1
    5    1
    6    0
    7    0
    8    1
    9    1
   10    1
   11    1
   12    1
   13    1
   14    1
   15    1
   16    1
   17    1
   18    0
   19    0
   20    1
   21    1
   22    1
   23    1
   24    1
   25    1
   26    0
   27    1
   28    1
   29    1
   30    1
   31    1
   32    1
   33    1
   34    1
   35    1
   36    1
   37    1
   38    1
   39    1
   40    1
   41    1
   42    0
   43    1
   44    1
   45    1
   46    1
   47    1
   48    0
   49    1
   50    1
   51    1
   52    1
   53    1
   54    1
   55    0
   56    1
   57    0
   58    1
   59    1
   60    1
   61    0
   62    1
   63    0
   64    1
   65    1
   66    0
   67    1
   68    1
   69    1
   70    1
   71    0
   72    1
   73    1
   74    0
   75    1
   76    1
   77    1
   78    0
   79    1
   80    1
   81    1
   82    1
   83    1
   84    1
   85    1
   86    1
   87    1
   88    1
   89    1
   90    0
   91    1
   92    1
   93    1
   94    1
   95    0
   96    0
   97    1
   98    1
   99    1
  100    1
;
param d:= 76;
param r:=5;
param p:=0.800000;
param M:=1000;
param U:=
         1         1       -3.564226e-01
         2         1       -3.820469e-01
         3         1        1.560944e+00
         4         1       -2.315568e-01
         5         1        1.589692e+00
         6         1       -1.850183e+00
         7         1        8.856592e-01
         8         1        4.365615e-01
         9         1       -8.255457e-01
        10         1        4.485181e-01
        11         1       -1.822204e-01
        12         1        9.144447e-02
        13         1       -3.247822e-02
        14         1       -1.947135e-01
        15         1        8.538018e-01
        16         1        2.813662e+00
        17         1        9.552280e-01
        18         1       -3.848981e-01
        19         1       -6.754308e-01
        20         1       -3.725770e-01
        21         1        6.351876e-01
        22         1        3.977402e-01
        23         1        3.980752e-01
        24         1        4.146980e-01
        25         1        6.257600e-01
        26         1        4.125546e-01
        27         1        6.031959e-02
        28         1        4.928067e-01
        29         1       -6.803665e-01
        30         1       -6.164179e-01
        31         1       -7.802319e-01
        32         1       -2.543364e-01
        33         1        1.656390e+00
        34         1        5.861534e-01
        35         1       -3.346158e-02
        36         1       -1.194372e+00
        37         1       -8.831205e-01
        38         1        6.449390e-01
        39         1        1.968422e+00
        40         1       -7.697924e-01
        41         1        1.294646e+00
        42         1        2.142079e+00
        43         1        2.103076e+00
        44         1       -1.666757e-01
        45         1        6.656861e-01
        46         1       -2.072768e-01
        47         1       -1.593848e+00
        48         1       -1.326589e-01
        49         1       -7.814117e-01
        50         1        6.056315e-01
        51         1        2.454259e-01
        52         1        2.268183e-01
        53         1        1.004335e+00
        54         1       -1.418219e+00
        55         1        2.004268e+00
        56         1        5.214098e-01
        57         1       -5.593205e-02
        58         1        1.060757e+00
        59         1       -1.486359e+00
        60         1       -1.483336e+00
        61         1       -1.723479e+00
        62         1        8.184926e-02
        63         1       -7.117312e-01
        64         1        1.288174e-01
        65         1       -1.121507e+00
        66         1        8.715857e-01
        67         1        1.292675e-01
        68         1       -2.544237e+00
        69         1       -3.645877e-01
        70         1        9.125840e-01
        71         1        4.023886e-01
        72         1       -1.131437e-01
        73         1        2.710546e-01
        74         1        1.807315e+00
        75         1        9.542178e-01
        76         1        9.443694e-01
         1         2       -1.079013e+00
         2         2        2.208909e-01
         3         2        7.426145e-01
         4         2        1.352653e+00
         5         2       -8.993980e-01
         6         2       -7.123914e-01
         7         2       -1.190981e+00
         8         2        3.261824e-01
         9         2       -4.927540e-01
        10         2       -6.345441e-01
        11         2       -5.292584e-01
        12         2       -1.055040e+00
        13         2        4.445279e-01
        14         2       -7.718737e-02
        15         2        2.649581e+00
        16         2       -2.102256e-01
        17         2       -2.685634e-01
        18         2        9.693831e-01
        19         2        2.067859e+00
        20         2       -2.936673e+00
        21         2        1.802882e+00
        22         2       -3.484970e-01
        23         2        3.105600e-01
        24         2       -2.111712e+00
        25         2       -1.375951e+00
        26         2        1.065387e+00
        27         2        8.198173e-01
        28         2        9.998800e-01
        29         2        1.386682e+00
        30         2       -1.952844e-02
        31         2       -1.607318e+00
        32         2        1.554507e+00
        33         2        2.259108e+00
        34         2        1.355247e+00
        35         2       -4.746294e-01
        36         2        6.274895e-01
        37         2       -5.153871e-01
        38         2        1.421398e+00
        39         2       -9.923058e-01
        40         2        1.889495e+00
        41         2       -1.137234e-01
        42         2       -9.902753e-01
        43         2        2.727357e-01
        44         2        3.870256e-02
        45         2       -1.750072e+00
        46         2        6.037225e-01
        47         2        5.206475e-01
        48         2        9.826048e-01
        49         2        1.172618e-01
        50         2        1.273742e+00
        51         2       -4.060929e-01
        52         2        1.626242e-01
        53         2       -5.864775e-01
        54         2       -1.754700e-01
        55         2        1.727375e+00
        56         2        1.295633e+00
        57         2       -1.547984e+00
        58         2       -4.739313e-01
        59         2       -1.283654e+00
        60         2       -3.815454e-01
        61         2        7.699295e-02
        62         2       -2.570209e+00
        63         2       -1.729543e+00
        64         2       -2.439167e-01
        65         2        2.284966e+00
        66         2        2.666070e-01
        67         2        5.681867e-01
        68         2       -1.177890e+00
        69         2       -1.165093e+00
        70         2        8.297851e-01
        71         2       -3.575996e-01
        72         2       -1.602334e+00
        73         2       -2.842334e-01
        74         2        4.735179e-01
        75         2        1.895618e+00
        76         2       -3.042050e-01
         1         3        9.737930e-02
         2         3       -3.467611e-01
         3         3        2.361477e+00
         4         3        1.895461e+00
         5         3       -8.430684e-01
         6         3       -1.417273e+00
         7         3       -9.436617e-01
         8         3        1.397462e-01
         9         3       -3.073240e-01
        10         3        1.987207e+00
        11         3        3.793528e-01
        12         3       -2.252196e+00
        13         3        1.271104e-01
        14         3       -1.458875e+00
        15         3       -1.289337e+00
        16         3       -1.681982e+00
        17         3        1.728375e+00
        18         3        1.136806e-01
        19         3        9.083184e-01
        20         3       -2.199281e-01
        21         3        1.271180e+00
        22         3       -3.534964e-01
        23         3        3.626521e-01
        24         3        1.620010e+00
        25         3       -4.008136e-01
        26         3        3.669666e-01
        27         3       -7.280226e-01
        28         3        5.110442e-01
        29         3        4.841337e-01
        30         3        1.081508e+00
        31         3       -9.875823e-01
        32         3       -1.672119e+00
        33         3        2.914066e-01
        34         3        2.166109e-01
        35         3        4.984393e-01
        36         3        7.682554e-01
        37         3        3.923259e-01
        38         3        9.655350e-01
        39         3        1.140944e+00
        40         3       -1.243416e+00
        41         3       -3.813752e-01
        42         3       -2.852149e-01
        43         3        3.130995e-01
        44         3       -4.146309e-01
        45         3        2.082333e-01
        46         3        1.744577e+00
        47         3        5.817740e-01
        48         3        1.913056e-01
        49         3        2.041057e+00
        50         3        1.813438e-01
        51         3        1.841680e+00
        52         3       -4.458929e-01
        53         3       -1.748785e+00
        54         3       -1.500936e+00
        55         3        2.121014e-01
        56         3       -2.601755e-01
        57         3       -3.536215e+00
        58         3        9.590268e-01
        59         3        1.244445e+00
        60         3       -2.069160e-01
        61         3        1.364993e+00
        62         3        1.043648e+00
        63         3        1.827429e+00
        64         3       -2.428994e-01
        65         3       -9.349008e-01
        66         3        1.672605e+00
        67         3       -1.307223e+00
        68         3        9.533250e-01
        69         3        1.643359e-01
        70         3        4.311622e-01
        71         3        3.039762e-02
        72         3       -1.419502e-01
        73         3       -1.073982e+00
        74         3       -1.177078e+00
        75         3        6.583268e-01
        76         3       -5.821857e-01
         1         4        1.378248e+00
         2         4        5.778160e-01
         3         4        1.962443e-01
         4         4       -3.196692e-01
         5         4        1.341832e+00
         6         4        2.897446e-01
         7         4       -3.531900e-01
         8         4       -1.069652e-01
         9         4        1.303772e+00
        10         4        1.157057e-01
        11         4       -1.078004e+00
        12         4        9.550019e-01
        13         4       -1.006392e+00
        14         4        9.602516e-01
        15         4        3.484026e-01
        16         4        2.357613e+00
        17         4        7.525306e-01
        18         4       -1.854950e+00
        19         4       -4.519093e-01
        20         4       -2.186748e+00
        21         4       -2.914610e-01
        22         4        2.257987e+00
        23         4        3.265335e-01
        24         4        9.438701e-01
        25         4       -1.419556e+00
        26         4       -2.465215e+00
        27         4        1.387081e+00
        28         4        5.823882e-01
        29         4        1.245147e+00
        30         4       -2.669892e-01
        31         4        1.480394e+00
        32         4       -9.160163e-01
        33         4        5.838504e-01
        34         4       -2.055780e+00
        35         4       -3.885108e-01
        36         4       -2.157683e+00
        37         4       -1.147811e+00
        38         4       -2.367131e-03
        39         4        1.581833e+00
        40         4        6.700282e-01
        41         4       -3.461666e-01
        42         4        2.893241e-01
        43         4        5.287584e-02
        44         4       -1.902923e+00
        45         4        2.311796e-01
        46         4       -8.155728e-01
        47         4       -7.824001e-01
        48         4        3.116231e-03
        49         4        7.838472e-02
        50         4       -7.762141e-01
        51         4       -2.041350e-01
        52         4        7.647236e-01
        53         4        6.323473e-02
        54         4        1.240004e+00
        55         4        2.045666e+00
        56         4       -7.951182e-01
        57         4        6.679789e-01
        58         4       -2.210650e-01
        59         4       -1.064805e+00
        60         4       -1.794546e+00
        61         4       -3.848256e-01
        62         4        4.395275e-01
        63         4       -1.624586e-01
        64         4       -1.861895e-01
        65         4        6.454877e-01
        66         4        2.034180e-01
        67         4        6.232926e-01
        68         4        6.406684e-01
        69         4        5.061265e-01
        70         4       -4.654888e-01
        71         4        4.737286e-01
        72         4       -1.362391e+00
        73         4        1.154342e+00
        74         4       -1.810228e+00
        75         4        1.969160e+00
        76         4        1.060427e-01
         1         5        5.786854e-01
         2         5        3.860882e-01
         3         5       -1.199308e-01
         4         5       -2.696270e-01
         5         5       -6.394165e-02
         6         5       -6.851330e-02
         7         5       -7.615439e-01
         8         5        8.774257e-01
         9         5        7.037414e-01
        10         5       -2.536599e-01
        11         5        1.013140e-01
        12         5       -1.198441e+00
        13         5       -5.780731e-01
        14         5        5.729426e-02
        15         5       -1.379371e+00
        16         5       -2.198682e+00
        17         5       -2.466212e-01
        18         5       -1.182487e+00
        19         5        1.056214e+00
        20         5       -2.650624e-01
        21         5       -4.802027e-01
        22         5       -3.684969e-01
        23         5        5.050028e-01
        24         5        5.095954e-01
        25         5       -2.069853e-01
        26         5       -4.848767e-02
        27         5        4.227162e-01
        28         5       -6.990917e-01
        29         5        7.599685e-01
        30         5        1.369344e-01
        31         5       -7.550724e-01
        32         5       -7.906643e-01
        33         5       -1.696812e-01
        34         5       -2.072384e-01
        35         5        7.626715e-01
        36         5        3.017964e-01
        37         5        6.117751e-01
        38         5        2.509610e-01
        39         5        1.583859e-01
        40         5        1.285028e+00
        41         5       -1.958639e-01
        42         5       -1.286247e-01
        43         5       -1.303564e+00
        44         5        1.358874e-01
        45         5        2.254880e+00
        46         5       -2.583473e-01
        47         5        4.633554e-01
        48         5        1.444587e-01
        49         5       -3.460133e-01
        50         5        1.676449e-01
        51         5        1.122257e-01
        52         5       -3.562843e-02
        53         5       -4.606366e-01
        54         5       -7.837490e-01
        55         5       -4.896722e-01
        56         5       -6.688357e-01
        57         5       -4.967364e-01
        58         5       -8.603878e-01
        59         5        5.764623e-01
        60         5        9.271397e-01
        61         5        1.064086e+00
        62         5       -5.759955e-01
        63         5        1.935430e+00
        64         5       -3.374016e-01
        65         5        2.413180e-01
        66         5       -3.844666e-01
        67         5       -9.143541e-01
        68         5        1.870902e+00
        69         5       -6.985348e-01
        70         5       -2.138696e-01
        71         5        1.482372e-01
        72         5        3.339474e-01
        73         5        6.507287e-02
        74         5       -8.496883e-01
        75         5       -7.992505e-01
        76         5       -6.924697e-01
;

param theta:=
    1        1.005385e+00
    2        3.832897e-01
    3       -6.758611e-01
    4        3.463806e-01
    5        2.324776e+00
;
param X_true:=
    1        9.849815e-01
    2        1.032636e+00
    3        4.711848e-02
    4       -1.732964e+00
    5        2.139454e+00
    6       -1.234234e+00
    7       -8.210359e-01
    8        2.472254e+00
    9        1.276492e+00
   10       -1.684981e+00
   11       -7.803181e-01
   12       -1.245590e+00
   13       -1.640664e+00
   14        1.226459e+00
   15       -3.406810e-01
   16       -4.097913e-01
   17       -6.233847e-01
   18       -3.483784e+00
   19        1.798552e+00
   20       -2.725197e+00
   21       -7.468274e-01
   22        4.306711e-01
   23        1.561274e+00
   24        2.426542e-02
   25       -6.002653e-01
   26       -3.915161e-01
   27        2.330093e+00
   28       -8.901948e-01
   29        1.718315e+00
   30       -1.132309e+00
   31       -1.975628e+00
   32       -6.851674e-01
   33        2.142015e+00
   34       -2.315023e-01
   35        1.086030e+00
   36       -1.525298e+00
   37       -3.259152e-01
   38        1.123260e+00
   39        1.743689e+00
   40        4.010150e+00
   41        9.405399e-01
   42        1.768009e+00
   43       -1.004855e+00
   44       -2.157337e-01
   45        5.179917e+00
   46       -2.039183e+00
   47       -9.898805e-01
   48        4.508667e-01
   49       -2.897398e+00
   50        1.095413e+00
   51       -9.634327e-01
   52        7.737908e-01
   53        9.179144e-01
   54       -1.871214e+00
   55        2.103995e+00
   56       -6.336441e-01
   57        8.170042e-01
   58       -1.840135e+00
   59       -1.856128e+00
   60        3.607708e-02
   61       -2.853283e-01
   62       -2.795022e+00
   63        1.829601e+00
   64       -6.486892e-01
   65        1.164715e+00
   66       -9.753209e-01
   67       -6.785275e-01
   68        9.176180e-01
   69       -2.372812e+00
   70        2.857050e-01
   71        7.556552e-01
   72       -3.275254e-01
   73        1.440554e+00
   74        1.917190e-01
   75        6.498936e-02
   76       -3.467735e-01
;
param X:=
    1        9.849815e-01
    2        1.032636e+00
    3        2.800865e-01
    4       -7.665713e-01
    5        2.139454e+00
    6       -1.234234e+00
    7        1.128623e+00
    8        3.267455e-01
    9       -2.409107e-01
   10        3.396117e-02
   11       -6.439615e-01
   12       -7.371854e-01
   13       -1.640664e+00
   14        1.226459e+00
   15       -3.113729e-02
   16        1.044243e-01
   17       -6.530294e-01
   18       -1.953530e+00
   19        1.112113e+00
   20       -1.589103e+00
   21       -7.468274e-01
   22       -8.939837e-01
   23       -3.614157e-01
   24       -9.596978e-01
   25        6.996765e-01
   26       -9.750377e-01
   27        8.742986e-01
   28       -4.684203e-01
   29        1.483797e+00
   30       -1.132309e+00
   31       -1.203364e+00
   32       -4.312679e-01
   33        1.040750e+00
   34        1.639613e+00
   35       -6.506727e-01
   36       -1.525298e+00
   37        2.840594e-03
   38        1.623235e+00
   39       -3.604440e-01
   40        4.010150e+00
   41        1.227361e+00
   42        1.768009e+00
   43       -1.133313e+00
   44        1.072345e+00
   45        5.179917e+00
   46       -5.958240e-01
   47       -9.898805e-01
   48        3.552777e-01
   49       -2.897398e+00
   50        1.466844e+00
   51       -4.218438e-01
   52        3.086148e-01
   53        1.284065e+00
   54       -1.871214e+00
   55        2.103995e+00
   56       -7.381844e-01
   57        3.462766e-01
   58       -1.840135e+00
   59       -8.228467e-01
   60        3.385333e-01
   61       -8.642166e-01
   62       -1.378446e+00
   63        3.431937e-01
   64       -2.007119e+00
   65        8.123211e-01
   66       -2.070155e-01
   67       -1.642240e+00
   68       -1.345094e-01
   69       -2.372812e+00
   70        5.504111e-01
   71        1.230392e+00
   72       -3.275254e-01
   73        1.440554e+00
   74        7.956004e-01
   75       -3.297513e-01
   76        1.003929e+00
;
param outliervec:=
    1    0
    2    0
    3    1
    4    1
    5    0
    6    0
    7    1
    8    1
    9    1
   10    1
   11    1
   12    1
   13    0
   14    0
   15    1
   16    1
   17    1
   18    1
   19    1
   20    1
   21    0
   22    1
   23    1
   24    1
   25    1
   26    1
   27    1
   28    1
   29    1
   30    0
   31    1
   32    1
   33    1
   34    1
   35    1
   36    0
   37    1
   38    1
   39    1
   40    0
   41    1
   42    0
   43    1
   44    1
   45    0
   46    1
   47    0
   48    1
   49    0
   50    1
   51    1
   52    1
   53    1
   54    0
   55    0
   56    1
   57    1
   58    0
   59    1
   60    1
   61    1
   62    1
   63    1
   64    1
   65    1
   66    1
   67    1
   68    1
   69    0
   70    1
   71    1
   72    0
   73    0
   74    1
   75    1
   76    1
;