data;


param D:= 100;
param U_Original:=
         1         1       -1.735925e-01
         2         1       -5.577821e-01
         3         1        1.303600e+00
         4         1        7.189417e-01
         5         1       -2.505848e-01
         6         1       -2.133503e-02
         7         1        4.137925e-01
         8         1        1.728247e+00
         9         1        4.769119e-01
        10         1        7.851393e-01
        11         1        1.942288e+00
        12         1        1.091586e+00
        13         1        1.427902e-01
        14         1        1.587677e+00
        15         1        3.452344e-01
        16         1       -7.439033e-02
        17         1        1.580070e+00
        18         1       -1.695947e-01
        19         1        9.654803e-01
        20         1       -1.597648e+00
        21         1       -7.969556e-01
        22         1       -1.343801e+00
        23         1       -4.316100e-02
        24         1        7.106690e-02
        25         1        7.158319e-01
        26         1       -1.670803e-01
        27         1        1.634805e+00
        28         1       -2.506563e+00
        29         1        1.524135e+00
        30         1        2.131815e+00
        31         1       -6.870994e-01
        32         1        1.097437e+00
        33         1       -7.171801e-01
        34         1        9.711692e-01
        35         1       -6.675837e-01
        36         1        9.879711e-02
        37         1        2.955221e-01
        38         1       -7.740636e-01
        39         1       -2.892741e-01
        40         1        2.072131e-01
        41         1       -8.190761e-02
        42         1       -1.412232e+00
        43         1       -1.543958e+00
        44         1       -2.610416e-02
        45         1       -9.021370e-01
        46         1        6.444382e-02
        47         1        3.112979e-01
        48         1        6.565756e-01
        49         1        1.242647e+00
        50         1        4.112512e-01
        51         1       -6.392305e-01
        52         1       -2.573856e-01
        53         1       -5.544249e-02
        54         1        1.389928e-01
        55         1       -2.552158e+00
        56         1        9.692749e-02
        57         1        1.723727e+00
        58         1        1.539788e+00
        59         1        6.318021e-01
        60         1        4.828094e-01
        61         1       -5.127434e-01
        62         1       -7.719741e-02
        63         1       -6.166464e-01
        64         1       -2.920183e-01
        65         1       -3.968708e-01
        66         1        7.805764e-01
        67         1       -1.279559e+00
        68         1        4.647853e-01
        69         1       -9.958698e-01
        70         1       -7.541969e-01
        71         1       -8.285242e-01
        72         1       -5.173848e-01
        73         1        2.781338e+00
        74         1       -8.115284e-01
        75         1        6.609568e-01
        76         1       -6.488640e-01
        77         1       -7.009402e-01
        78         1        8.356463e-01
        79         1        7.937491e-01
        80         1       -9.806899e-01
        81         1       -8.107265e-01
        82         1        2.306640e-01
        83         1       -4.764418e-02
        84         1        1.261046e+00
        85         1       -3.326694e-01
        86         1       -8.555276e-01
        87         1        9.360579e-01
        88         1       -7.821123e-01
        89         1        2.614114e+00
        90         1       -1.387120e+00
        91         1       -4.048098e-02
        92         1        2.674596e-01
        93         1       -1.437239e+00
        94         1       -9.003206e-01
        95         1       -7.351641e-01
        96         1        7.129207e-01
        97         1       -2.266883e+00
        98         1       -3.888000e-01
        99         1       -4.924363e-01
       100         1       -1.651994e+00
         1         2        6.134456e-01
         2         2        9.278634e-01
         3         2       -7.922269e-01
         4         2        1.121718e+00
         5         2        7.899463e-01
         6         2        1.940837e+00
         7         2       -6.286058e-01
         8         2       -6.707834e-02
         9         2       -1.682580e+00
        10         2       -9.354460e-01
        11         2        5.252758e-01
        12         2       -1.385783e+00
        13         2        8.620886e-01
        14         2       -9.786701e-01
        15         2       -7.946745e-01
        16         2       -9.881266e-01
        17         2       -1.386865e+00
        18         2       -1.701047e+00
        19         2       -3.542299e-02
        20         2        4.587861e-02
        21         2       -9.458368e-01
        22         2        4.552768e-01
        23         2       -1.347900e+00
        24         2       -4.388169e-01
        25         2       -1.914750e+00
        26         2        7.006477e-01
        27         2       -1.018606e+00
        28         2       -1.884660e-01
        29         2       -8.239895e-02
        30         2       -8.232337e-01
        31         2       -1.031264e+00
        32         2        1.315768e+00
        33         2        5.898004e-01
        34         2       -3.289053e-01
        35         2        1.041972e-01
        36         2        2.320189e+00
        37         2        3.361365e-02
        38         2       -8.630292e-02
        39         2       -4.997728e-01
        40         2        4.771946e-02
        41         2       -1.532245e-01
        42         2       -1.408286e+00
        43         2        1.138817e+00
        44         2        2.061303e-02
        45         2       -3.924108e-01
        46         2        6.758091e-01
        47         2        5.010876e-01
        48         2        1.039853e+00
        49         2       -1.210942e+00
        50         2       -2.548523e+00
        51         2        3.563882e-02
        52         2        9.967448e-01
        53         2       -1.799438e+00
        54         2        1.608056e+00
        55         2       -3.670666e-01
        56         2        3.357880e-01
        57         2       -1.232287e+00
        58         2       -5.775509e-01
        59         2        1.309871e+00
        60         2        2.387330e-01
        61         2        9.552512e-01
        62         2        1.166316e-01
        63         2       -8.195288e-01
        64         2       -3.389941e-01
        65         2        4.190946e-01
        66         2       -1.727359e+00
        67         2        1.483746e+00
        68         2       -1.478026e+00
        69         2       -3.123662e-01
        70         2        1.826055e-01
        71         2        1.214725e+00
        72         2        1.568832e+00
        73         2       -8.023897e-01
        74         2       -2.426472e-01
        75         2        6.651009e-01
        76         2       -1.035804e+00
        77         2       -1.453212e+00
        78         2       -2.382314e-01
        79         2        2.127750e+00
        80         2        9.992356e-01
        81         2       -1.106034e+00
        82         2       -4.131735e-03
        83         2        8.363137e-01
        84         2       -1.017037e-01
        85         2        1.372214e+00
        86         2        8.202303e-01
        87         2        6.811525e-01
        88         2        1.299616e-01
        89         2       -1.176068e+00
        90         2        6.902632e-01
        91         2        1.156489e+00
        92         2       -2.338667e+00
        93         2       -1.705005e-01
        94         2        1.523332e-01
        95         2        1.036435e+00
        96         2        2.801005e-01
        97         2        6.738259e-01
        98         2       -8.711644e-01
        99         2       -4.700184e-01
       100         2        5.329979e-01
         1         3       -8.194971e-01
         2         3        5.184736e-01
         3         3       -8.354289e-01
         4         3       -8.245052e-01
         5         3       -7.645489e-02
         6         3       -2.073501e-01
         7         3       -1.725377e+00
         8         3        7.417551e-01
         9         3        2.323161e-01
        10         3       -7.136514e-01
        11         3        1.404997e+00
        12         3       -1.781181e+00
        13         3       -6.624158e-01
        14         3       -1.742695e-01
        15         3        4.626984e-01
        16         3       -2.021567e-01
        17         3       -7.691203e-01
        18         3        1.771531e-01
        19         3        3.052522e-01
        20         3        2.615896e-02
        21         3       -1.155185e-01
        22         3       -2.251477e-01
        23         3        2.875120e-01
        24         3        1.405284e+00
        25         3       -1.253465e+00
        26         3       -3.684889e-01
        27         3        3.172272e-01
        28         3        8.307741e-01
        29         3       -1.728832e+00
        30         3       -1.097666e+00
        31         3        8.825337e-02
        32         3        2.450016e-01
        33         3       -2.499197e-02
        34         3       -1.255406e+00
        35         3        3.633411e-01
        36         3       -4.895002e-01
        37         3       -8.633180e-01
        38         3       -9.890675e-01
        39         3       -1.764374e-01
        40         3       -1.879724e-01
        41         3       -7.554627e-01
        42         3       -2.458920e-01
        43         3       -3.482118e-01
        44         3        5.695852e-01
        45         3       -1.081274e+00
        46         3       -1.424817e+00
        47         3        1.086091e+00
        48         3        3.807148e-01
        49         3       -8.129221e-01
        50         3       -2.574636e-01
        51         3       -4.927766e-01
        52         3        1.185407e+00
        53         3        1.124982e+00
        54         3        8.696168e-01
        55         3        7.853656e-01
        56         3       -6.952939e-01
        57         3        1.946156e-01
        58         3        8.002972e-01
        59         3        1.029074e+00
        60         3       -5.903825e-02
        61         3       -5.865193e-01
        62         3        1.573064e-01
        63         3        5.864666e-01
        64         3        5.927243e-01
        65         3        8.563733e-01
        66         3        5.339612e-01
        67         3        6.746146e-01
        68         3        1.674198e-01
        69         3        4.108780e-01
        70         3       -1.064172e-01
        71         3        6.620177e-01
        72         3        8.744656e-02
        73         3       -1.264489e+00
        74         3       -1.876893e-01
        75         3       -1.120691e-01
        76         3        3.720285e-01
        77         3       -1.100017e+00
        78         3       -5.550266e-02
        79         3        8.523496e-01
        80         3       -5.134081e-01
        81         3        6.146812e-01
        82         3        2.736761e-01
        83         3        1.241475e+00
        84         3       -2.251037e+00
        85         3        2.850644e+00
        86         3        9.427910e-01
        87         3        1.757164e+00
        88         3       -3.544088e-01
        89         3        5.872063e-01
        90         3        1.517364e+00
        91         3        8.158119e-01
        92         3       -4.535169e-01
        93         3        4.515561e-01
        94         3       -7.612361e-01
        95         3       -8.711180e-01
        96         3        7.426424e-01
        97         3       -1.097502e-01
        98         3        4.170197e-01
        99         3        6.122810e-01
       100         3        1.064679e+00
         1         4       -1.072184e+00
         2         4       -1.806952e+00
         3         4       -6.261749e-01
         4         4        1.047160e-01
         5         4        8.584377e-01
         6         4       -1.167458e+00
         7         4       -1.578405e-02
         8         4        1.529391e+00
         9         4       -7.775036e-01
        10         4       -8.949857e-01
        11         4        6.706367e-01
        12         4        1.369424e+00
        13         4        7.660326e-01
        14         4        1.427234e+00
        15         4       -1.065105e+00
        16         4       -5.894292e-01
        17         4       -1.114062e+00
        18         4       -9.885655e-01
        19         4        9.948194e-01
        20         4       -4.257165e-01
        21         4        3.252220e-01
        22         4        1.849917e-01
        23         4       -1.510640e+00
        24         4        6.407763e-01
        25         4       -5.493086e-01
        26         4       -2.370844e-01
        27         4       -9.365578e-01
        28         4        6.243329e-01
        29         4       -3.886243e-01
        30         4        2.040861e+00
        31         4       -1.367894e+00
        32         4        4.621024e-02
        33         4       -1.304365e+00
        34         4        3.853993e-01
        35         4        7.030391e-01
        36         4        5.103359e-01
        37         4       -1.127577e+00
        38         4       -1.092727e+00
        39         4       -2.113643e+00
        40         4        1.853909e-01
        41         4       -1.001178e+00
        42         4        8.985096e-01
        43         4        9.814866e-01
        44         4        3.135498e-01
        45         4        1.609852e+00
        46         4       -5.727225e-01
        47         4       -8.626981e-01
        48         4        8.916291e-01
        49         4        9.877934e-02
        50         4        7.369643e-01
        51         4        6.372511e-01
        52         4        9.289985e-01
        53         4       -8.841008e-01
        54         4        1.421983e-01
        55         4       -2.131305e+00
        56         4       -5.070692e-01
        57         4       -7.140505e-01
        58         4        6.251842e-03
        59         4        1.017903e+00
        60         4        2.865497e-01
        61         4        1.155282e-01
        62         4       -9.638719e-01
        63         4       -1.661378e-01
        64         4        4.058368e-01
        65         4        6.628185e-01
        66         4       -3.345759e-01
        67         4        5.421433e-01
        68         4        6.558611e-01
        69         4        9.827950e-01
        70         4       -9.309157e-01
        71         4       -5.606260e-01
        72         4        1.098998e-01
        73         4        7.798917e-01
        74         4       -1.511068e+00
        75         4       -4.313110e-01
        76         4       -1.614746e-01
        77         4       -3.696946e-01
        78         4       -5.972581e-01
        79         4        6.690618e-01
        80         4        9.620303e-01
        81         4        1.499754e-01
        82         4        1.361288e-02
        83         4        6.719713e-01
        84         4        2.237075e+00
        85         4       -7.494470e-01
        86         4       -1.121893e+00
        87         4       -6.817176e-01
        88         4       -4.702476e-01
        89         4        6.774395e-01
        90         4        7.324576e-01
        91         4       -5.483243e-02
        92         4       -1.067523e+00
        93         4        3.802000e-01
        94         4        2.695961e-01
        95         4       -4.031986e-01
        96         4        7.528711e-02
        97         4       -1.008553e-01
        98         4       -3.321399e-03
        99         4       -1.260021e-01
       100         4       -1.313477e+00
         1         5        1.015922e+00
         2         5        1.907451e-01
         3         5       -1.547512e-01
         4         5        1.555016e+00
         5         5       -7.964560e-01
         6         5        4.276928e-01
         7         5        1.447170e+00
         8         5        1.841992e+00
         9         5       -9.894005e-01
        10         5        3.453468e-01
        11         5        3.748212e-01
        12         5       -1.154650e+00
        13         5        3.819902e-01
        14         5       -1.951302e-01
        15         5       -7.255629e-01
        16         5        3.173574e-01
        17         5        1.797521e+00
        18         5        1.009749e+00
        19         5        2.119715e-02
        20         5        1.921040e+00
        21         5       -4.838656e-01
        22         5        4.767645e-01
        23         5       -1.301860e+00
        24         5       -1.850671e+00
        25         5        6.938655e-01
        26         5       -5.568354e-01
        27         5       -6.218729e-02
        28         5       -2.321373e+00
        29         5       -5.004798e-01
        30         5       -4.507053e-01
        31         5        4.909881e-01
        32         5       -1.490490e+00
        33         5        2.250530e-01
        34         5        1.206015e+00
        35         5        6.155144e-01
        36         5        9.411184e-01
        37         5        1.098946e+00
        38         5        1.027317e+00
        39         5       -1.081821e+00
        40         5       -9.005273e-01
        41         5       -3.824858e-01
        42         5       -5.812491e-02
        43         5        2.552180e+00
        44         5       -7.913723e-01
        45         5        4.256776e-01
        46         5        8.308490e-01
        47         5        4.071540e-01
        48         5       -1.255082e+00
        49         5        7.916921e-01
        50         5        2.744449e+00
        51         5        2.590810e-01
        52         5        6.618929e-01
        53         5        1.899272e-02
        54         5        1.312944e+00
        55         5        5.554976e-01
        56         5        9.635580e-01
        57         5        5.928319e-01
        58         5       -3.183885e-01
        59         5       -1.273328e+00
        60         5        7.469829e-01
        61         5       -4.613277e-03
        62         5       -4.274604e-01
        63         5       -1.040420e+00
        64         5       -1.368128e+00
        65         5        1.326784e+00
        66         5       -3.654534e-01
        67         5        8.066993e-01
        68         5       -1.989494e-01
        69         5       -5.089044e-02
        70         5        1.499288e+00
        71         5       -2.924350e-01
        72         5        2.260662e+00
        73         5       -1.244601e+00
        74         5       -1.971278e-01
        75         5        7.394424e-01
        76         5        9.930145e-01
        77         5        1.866558e-01
        78         5       -2.889915e-01
        79         5       -1.241204e+00
        80         5       -6.652067e-01
        81         5       -4.961817e-01
        82         5       -2.900252e-01
        83         5       -4.586212e-01
        84         5       -1.373331e+00
        85         5       -1.323969e+00
        86         5       -3.293484e-01
        87         5        1.274745e+00
        88         5       -1.120876e+00
        89         5       -4.721586e-01
        90         5        5.296884e-01
        91         5       -1.124925e-01
        92         5        1.054625e-01
        93         5        3.447635e-01
        94         5       -2.628131e-02
        95         5        7.744392e-02
        96         5       -4.531542e-01
        97         5       -4.967585e-02
        98         5        1.930294e-01
        99         5       -1.703768e+00
       100         5        2.747325e-01
;
param X_Original:=
    1       -4.498249e-01
    2        6.550535e-01
    3        1.846545e+00
    4        2.749145e-01
    5       -5.075311e-01
    6        1.535188e-01
    7       -1.679857e+00
    8       -6.662601e+00
    9       -1.224033e+00
   10       -3.630838e-02
   11       -6.870544e-02
   12        5.803769e-01
   13       -2.760821e+00
   14        7.139729e-01
   15        1.065712e+00
   16        5.912229e-01
   17        9.821735e-01
   18        8.234868e-01
   19       -6.060146e-01
   20       -1.633616e+00
   21        5.199570e-01
   22       -1.716178e+00
   23        8.453602e-01
   24       -1.319770e+00
   25       -9.022706e-01
   26       -2.248953e-01
   27       -2.491842e-01
   28        3.987954e+00
   29        5.371632e-01
   30        2.048009e+00
   31        5.202481e-01
   32       -5.488594e-01
   33        5.572565e-01
   34       -3.952041e+00
   35        1.118390e+00
   36        7.398569e-01
   37        2.572020e-01
   38       -8.203259e-01
   39        3.786284e-01
   40        1.939889e-01
   41        2.463819e+00
   42       -1.213610e+00
   43       -6.805621e+00
   44       -1.502888e+00
   45       -4.625050e+00
   46       -1.009693e+00
   47       -3.346091e-01
   48       -4.520027e-01
   49        1.115165e+00
   50       -6.886022e+00
   51       -1.398437e+00
   52        8.714686e-02
   53        2.512648e+00
   54       -2.373697e+00
   55        4.429670e+00
   56        7.710033e-01
   57        7.048855e-01
   58       -4.658468e-01
   59       -5.119868e-01
   60        2.987456e-01
   61       -7.804955e-01
   62        9.081378e-02
   63        5.303598e-01
   64        6.114855e-01
   65        1.878802e-01
   66        1.580462e+00
   67        7.655700e-01
   68       -9.833640e-01
   69        8.630185e-01
   70        7.919053e-01
   71       -1.378600e+00
   72       -4.382262e+00
   73       -5.301984e-01
   74       -7.705120e-01
   75       -3.799026e-01
   76       -6.409274e-02
   77        1.849521e-02
   78       -5.807677e-01
   79       -5.055452e-01
   80        5.357376e-01
   81       -9.721370e-01
   82        6.193864e-01
   83        9.015374e-02
   84       -6.356831e-01
   85        5.653255e+00
   86        3.663072e+00
   87       -5.284434e-01
   88        2.239909e-02
   89       -1.087557e+00
   90       -1.481355e+00
   91        7.327423e-01
   92        1.841244e+00
   93        1.384370e+00
   94       -3.287366e-01
   95        3.599727e-01
   96       -4.111596e-01
   97        1.681519e+00
   98       -3.135956e-02
   99        3.913925e+00
  100       -1.165925e+00
;
param outliervec_original :=
    1    1
    2    1
    3    1
    4    1
    5    1
    6    1
    7    1
    8    0
    9    1
   10    1
   11    1
   12    1
   13    0
   14    1
   15    1
   16    0
   17    1
   18    1
   19    1
   20    1
   21    1
   22    1
   23    1
   24    1
   25    0
   26    1
   27    1
   28    0
   29    0
   30    1
   31    1
   32    1
   33    1
   34    0
   35    1
   36    1
   37    1
   38    1
   39    1
   40    1
   41    0
   42    1
   43    0
   44    1
   45    0
   46    1
   47    1
   48    1
   49    1
   50    0
   51    1
   52    1
   53    0
   54    0
   55    0
   56    1
   57    1
   58    1
   59    1
   60    1
   61    1
   62    1
   63    1
   64    1
   65    1
   66    0
   67    1
   68    0
   69    1
   70    1
   71    1
   72    0
   73    0
   74    1
   75    1
   76    1
   77    0
   78    1
   79    1
   80    1
   81    1
   82    0
   83    0
   84    1
   85    0
   86    0
   87    1
   88    1
   89    1
   90    0
   91    1
   92    0
   93    1
   94    1
   95    0
   96    1
   97    1
   98    0
   99    0
  100    1
;
param d:= 78;
param r:=5;
param p:=0.720000;
param M:=1000;
param U:=
         1         1       -1.735925e-01
         2         1       -5.577821e-01
         3         1        1.303600e+00
         4         1       -2.505848e-01
         5         1       -2.133503e-02
         6         1        4.137925e-01
         7         1        1.728247e+00
         8         1        7.851393e-01
         9         1        1.942288e+00
        10         1        1.091586e+00
        11         1        1.427902e-01
        12         1        3.452344e-01
        13         1       -7.439033e-02
        14         1       -1.695947e-01
        15         1        9.654803e-01
        16         1       -1.597648e+00
        17         1       -7.969556e-01
        18         1       -1.343801e+00
        19         1        7.158319e-01
        20         1       -1.670803e-01
        21         1        1.634805e+00
        22         1       -2.506563e+00
        23         1        1.524135e+00
        24         1       -6.870994e-01
        25         1       -7.171801e-01
        26         1        9.711692e-01
        27         1        2.955221e-01
        28         1       -7.740636e-01
        29         1        2.072131e-01
        30         1       -8.190761e-02
        31         1       -1.412232e+00
        32         1       -1.543958e+00
        33         1       -9.021370e-01
        34         1        6.444382e-02
        35         1        3.112979e-01
        36         1        6.565756e-01
        37         1        4.112512e-01
        38         1       -6.392305e-01
        39         1       -5.544249e-02
        40         1        1.389928e-01
        41         1       -2.552158e+00
        42         1        9.692749e-02
        43         1        1.723727e+00
        44         1        1.539788e+00
        45         1        6.318021e-01
        46         1       -5.127434e-01
        47         1       -7.719741e-02
        48         1       -6.166464e-01
        49         1       -2.920183e-01
        50         1        7.805764e-01
        51         1        4.647853e-01
        52         1       -9.958698e-01
        53         1       -7.541969e-01
        54         1       -5.173848e-01
        55         1        2.781338e+00
        56         1        6.609568e-01
        57         1       -6.488640e-01
        58         1       -7.009402e-01
        59         1        8.356463e-01
        60         1        7.937491e-01
        61         1       -9.806899e-01
        62         1        2.306640e-01
        63         1       -4.764418e-02
        64         1        1.261046e+00
        65         1       -3.326694e-01
        66         1       -8.555276e-01
        67         1        9.360579e-01
        68         1        2.614114e+00
        69         1       -1.387120e+00
        70         1       -4.048098e-02
        71         1        2.674596e-01
        72         1       -1.437239e+00
        73         1       -9.003206e-01
        74         1       -7.351641e-01
        75         1        7.129207e-01
        76         1       -2.266883e+00
        77         1       -3.888000e-01
        78         1       -4.924363e-01
         1         2        6.134456e-01
         2         2        9.278634e-01
         3         2       -7.922269e-01
         4         2        7.899463e-01
         5         2        1.940837e+00
         6         2       -6.286058e-01
         7         2       -6.707834e-02
         8         2       -9.354460e-01
         9         2        5.252758e-01
        10         2       -1.385783e+00
        11         2        8.620886e-01
        12         2       -7.946745e-01
        13         2       -9.881266e-01
        14         2       -1.701047e+00
        15         2       -3.542299e-02
        16         2        4.587861e-02
        17         2       -9.458368e-01
        18         2        4.552768e-01
        19         2       -1.914750e+00
        20         2        7.006477e-01
        21         2       -1.018606e+00
        22         2       -1.884660e-01
        23         2       -8.239895e-02
        24         2       -1.031264e+00
        25         2        5.898004e-01
        26         2       -3.289053e-01
        27         2        3.361365e-02
        28         2       -8.630292e-02
        29         2        4.771946e-02
        30         2       -1.532245e-01
        31         2       -1.408286e+00
        32         2        1.138817e+00
        33         2       -3.924108e-01
        34         2        6.758091e-01
        35         2        5.010876e-01
        36         2        1.039853e+00
        37         2       -2.548523e+00
        38         2        3.563882e-02
        39         2       -1.799438e+00
        40         2        1.608056e+00
        41         2       -3.670666e-01
        42         2        3.357880e-01
        43         2       -1.232287e+00
        44         2       -5.775509e-01
        45         2        1.309871e+00
        46         2        9.552512e-01
        47         2        1.166316e-01
        48         2       -8.195288e-01
        49         2       -3.389941e-01
        50         2       -1.727359e+00
        51         2       -1.478026e+00
        52         2       -3.123662e-01
        53         2        1.826055e-01
        54         2        1.568832e+00
        55         2       -8.023897e-01
        56         2        6.651009e-01
        57         2       -1.035804e+00
        58         2       -1.453212e+00
        59         2       -2.382314e-01
        60         2        2.127750e+00
        61         2        9.992356e-01
        62         2       -4.131735e-03
        63         2        8.363137e-01
        64         2       -1.017037e-01
        65         2        1.372214e+00
        66         2        8.202303e-01
        67         2        6.811525e-01
        68         2       -1.176068e+00
        69         2        6.902632e-01
        70         2        1.156489e+00
        71         2       -2.338667e+00
        72         2       -1.705005e-01
        73         2        1.523332e-01
        74         2        1.036435e+00
        75         2        2.801005e-01
        76         2        6.738259e-01
        77         2       -8.711644e-01
        78         2       -4.700184e-01
         1         3       -8.194971e-01
         2         3        5.184736e-01
         3         3       -8.354289e-01
         4         3       -7.645489e-02
         5         3       -2.073501e-01
         6         3       -1.725377e+00
         7         3        7.417551e-01
         8         3       -7.136514e-01
         9         3        1.404997e+00
        10         3       -1.781181e+00
        11         3       -6.624158e-01
        12         3        4.626984e-01
        13         3       -2.021567e-01
        14         3        1.771531e-01
        15         3        3.052522e-01
        16         3        2.615896e-02
        17         3       -1.155185e-01
        18         3       -2.251477e-01
        19         3       -1.253465e+00
        20         3       -3.684889e-01
        21         3        3.172272e-01
        22         3        8.307741e-01
        23         3       -1.728832e+00
        24         3        8.825337e-02
        25         3       -2.499197e-02
        26         3       -1.255406e+00
        27         3       -8.633180e-01
        28         3       -9.890675e-01
        29         3       -1.879724e-01
        30         3       -7.554627e-01
        31         3       -2.458920e-01
        32         3       -3.482118e-01
        33         3       -1.081274e+00
        34         3       -1.424817e+00
        35         3        1.086091e+00
        36         3        3.807148e-01
        37         3       -2.574636e-01
        38         3       -4.927766e-01
        39         3        1.124982e+00
        40         3        8.696168e-01
        41         3        7.853656e-01
        42         3       -6.952939e-01
        43         3        1.946156e-01
        44         3        8.002972e-01
        45         3        1.029074e+00
        46         3       -5.865193e-01
        47         3        1.573064e-01
        48         3        5.864666e-01
        49         3        5.927243e-01
        50         3        5.339612e-01
        51         3        1.674198e-01
        52         3        4.108780e-01
        53         3       -1.064172e-01
        54         3        8.744656e-02
        55         3       -1.264489e+00
        56         3       -1.120691e-01
        57         3        3.720285e-01
        58         3       -1.100017e+00
        59         3       -5.550266e-02
        60         3        8.523496e-01
        61         3       -5.134081e-01
        62         3        2.736761e-01
        63         3        1.241475e+00
        64         3       -2.251037e+00
        65         3        2.850644e+00
        66         3        9.427910e-01
        67         3        1.757164e+00
        68         3        5.872063e-01
        69         3        1.517364e+00
        70         3        8.158119e-01
        71         3       -4.535169e-01
        72         3        4.515561e-01
        73         3       -7.612361e-01
        74         3       -8.711180e-01
        75         3        7.426424e-01
        76         3       -1.097502e-01
        77         3        4.170197e-01
        78         3        6.122810e-01
         1         4       -1.072184e+00
         2         4       -1.806952e+00
         3         4       -6.261749e-01
         4         4        8.584377e-01
         5         4       -1.167458e+00
         6         4       -1.578405e-02
         7         4        1.529391e+00
         8         4       -8.949857e-01
         9         4        6.706367e-01
        10         4        1.369424e+00
        11         4        7.660326e-01
        12         4       -1.065105e+00
        13         4       -5.894292e-01
        14         4       -9.885655e-01
        15         4        9.948194e-01
        16         4       -4.257165e-01
        17         4        3.252220e-01
        18         4        1.849917e-01
        19         4       -5.493086e-01
        20         4       -2.370844e-01
        21         4       -9.365578e-01
        22         4        6.243329e-01
        23         4       -3.886243e-01
        24         4       -1.367894e+00
        25         4       -1.304365e+00
        26         4        3.853993e-01
        27         4       -1.127577e+00
        28         4       -1.092727e+00
        29         4        1.853909e-01
        30         4       -1.001178e+00
        31         4        8.985096e-01
        32         4        9.814866e-01
        33         4        1.609852e+00
        34         4       -5.727225e-01
        35         4       -8.626981e-01
        36         4        8.916291e-01
        37         4        7.369643e-01
        38         4        6.372511e-01
        39         4       -8.841008e-01
        40         4        1.421983e-01
        41         4       -2.131305e+00
        42         4       -5.070692e-01
        43         4       -7.140505e-01
        44         4        6.251842e-03
        45         4        1.017903e+00
        46         4        1.155282e-01
        47         4       -9.638719e-01
        48         4       -1.661378e-01
        49         4        4.058368e-01
        50         4       -3.345759e-01
        51         4        6.558611e-01
        52         4        9.827950e-01
        53         4       -9.309157e-01
        54         4        1.098998e-01
        55         4        7.798917e-01
        56         4       -4.313110e-01
        57         4       -1.614746e-01
        58         4       -3.696946e-01
        59         4       -5.972581e-01
        60         4        6.690618e-01
        61         4        9.620303e-01
        62         4        1.361288e-02
        63         4        6.719713e-01
        64         4        2.237075e+00
        65         4       -7.494470e-01
        66         4       -1.121893e+00
        67         4       -6.817176e-01
        68         4        6.774395e-01
        69         4        7.324576e-01
        70         4       -5.483243e-02
        71         4       -1.067523e+00
        72         4        3.802000e-01
        73         4        2.695961e-01
        74         4       -4.031986e-01
        75         4        7.528711e-02
        76         4       -1.008553e-01
        77         4       -3.321399e-03
        78         4       -1.260021e-01
         1         5        1.015922e+00
         2         5        1.907451e-01
         3         5       -1.547512e-01
         4         5       -7.964560e-01
         5         5        4.276928e-01
         6         5        1.447170e+00
         7         5        1.841992e+00
         8         5        3.453468e-01
         9         5        3.748212e-01
        10         5       -1.154650e+00
        11         5        3.819902e-01
        12         5       -7.255629e-01
        13         5        3.173574e-01
        14         5        1.009749e+00
        15         5        2.119715e-02
        16         5        1.921040e+00
        17         5       -4.838656e-01
        18         5        4.767645e-01
        19         5        6.938655e-01
        20         5       -5.568354e-01
        21         5       -6.218729e-02
        22         5       -2.321373e+00
        23         5       -5.004798e-01
        24         5        4.909881e-01
        25         5        2.250530e-01
        26         5        1.206015e+00
        27         5        1.098946e+00
        28         5        1.027317e+00
        29         5       -9.005273e-01
        30         5       -3.824858e-01
        31         5       -5.812491e-02
        32         5        2.552180e+00
        33         5        4.256776e-01
        34         5        8.308490e-01
        35         5        4.071540e-01
        36         5       -1.255082e+00
        37         5        2.744449e+00
        38         5        2.590810e-01
        39         5        1.899272e-02
        40         5        1.312944e+00
        41         5        5.554976e-01
        42         5        9.635580e-01
        43         5        5.928319e-01
        44         5       -3.183885e-01
        45         5       -1.273328e+00
        46         5       -4.613277e-03
        47         5       -4.274604e-01
        48         5       -1.040420e+00
        49         5       -1.368128e+00
        50         5       -3.654534e-01
        51         5       -1.989494e-01
        52         5       -5.089044e-02
        53         5        1.499288e+00
        54         5        2.260662e+00
        55         5       -1.244601e+00
        56         5        7.394424e-01
        57         5        9.930145e-01
        58         5        1.866558e-01
        59         5       -2.889915e-01
        60         5       -1.241204e+00
        61         5       -6.652067e-01
        62         5       -2.900252e-01
        63         5       -4.586212e-01
        64         5       -1.373331e+00
        65         5       -1.323969e+00
        66         5       -3.293484e-01
        67         5        1.274745e+00
        68         5       -4.721586e-01
        69         5        5.296884e-01
        70         5       -1.124925e-01
        71         5        1.054625e-01
        72         5        3.447635e-01
        73         5       -2.628131e-02
        74         5        7.744392e-02
        75         5       -4.531542e-01
        76         5       -4.967585e-02
        77         5        1.930294e-01
        78         5       -1.703768e+00
;

param theta:=
    1       -1.977194e-01
    2       -2.707974e-02
    3        5.401999e-01
    4       -2.129293e+00
    5       -1.881725e+00
;
param X_true:=
    1       -5.464229e-02
    2        3.853434e+00
    3        9.378693e-01
    4       -3.422299e-01
    5        1.520547e+00
    6       -3.685205e+00
    7       -6.662601e+00
    8        7.401596e-01
    9       -1.774627e+00
   10       -1.883634e+00
   11       -2.760821e+00
   12        3.836075e+00
   13        5.912229e-01
   14        3.813014e-01
   15       -2.182564e+00
   16       -2.379255e+00
   17        3.382258e-01
   18       -1.160752e+00
   19       -9.022706e-01
   20        1.367784e+00
   21        1.985975e+00
   22        3.987954e+00
   23        5.371632e-01
   24        2.201382e+00
   25        2.468128e+00
   26       -3.952041e+00
   27       -1.926973e-01
   28        1.498056e-02
   29        1.155050e+00
   30        2.463819e+00
   31       -1.619441e+00
   32       -6.805621e+00
   33       -4.625050e+00
   34       -1.145360e+00
   35        1.581686e+00
   36        5.093718e-01
   37       -6.886022e+00
   38       -1.985972e+00
   39        2.512648e+00
   40       -2.373697e+00
   41        4.429670e+00
   42       -1.137758e+00
   43        2.027219e-01
   44        7.279530e-01
   45        6.249039e-01
   46       -4.789191e-01
   47        2.952518e+00
   48        2.774378e+00
   49        2.097196e+00
   50        1.580462e+00
   51       -9.833640e-01
   52       -1.568351e+00
   53       -7.526239e-01
   54       -4.382262e+00
   55       -5.301984e-01
   56       -6.827323e-01
   57       -1.166911e+00
   58        1.849521e-02
   59        1.628119e+00
   60        1.157686e+00
   61       -9.071967e-01
   62        6.193864e-01
   63        9.015374e-02
   64       -3.642849e+00
   65        5.653255e+00
   66        3.663072e+00
   67       -2.006716e-01
   68       -7.221207e-01
   69       -1.481355e+00
   70        7.455742e-01
   71        1.841244e+00
   72       -9.264649e-01
   73       -7.620689e-01
   74        3.599727e-01
   75        9.452177e-01
   76        6.793073e-01
   77       -3.135956e-02
   78        3.913925e+00
;
param X:=
    1       -4.498249e-01
    2        6.550535e-01
    3        1.846545e+00
    4       -5.075311e-01
    5        1.535188e-01
    6       -1.679857e+00
    7       -6.662601e+00
    8       -3.630838e-02
    9       -6.870544e-02
   10        5.803769e-01
   11       -2.760821e+00
   12        1.065712e+00
   13        5.912229e-01
   14        8.234868e-01
   15       -6.060146e-01
   16       -1.633616e+00
   17        5.199570e-01
   18       -1.716178e+00
   19       -9.022706e-01
   20       -2.248953e-01
   21       -2.491842e-01
   22        3.987954e+00
   23        5.371632e-01
   24        5.202481e-01
   25        5.572565e-01
   26       -3.952041e+00
   27        2.572020e-01
   28       -8.203259e-01
   29        1.939889e-01
   30        2.463819e+00
   31       -1.213610e+00
   32       -6.805621e+00
   33       -4.625050e+00
   34       -1.009693e+00
   35       -3.346091e-01
   36       -4.520027e-01
   37       -6.886022e+00
   38       -1.398437e+00
   39        2.512648e+00
   40       -2.373697e+00
   41        4.429670e+00
   42        7.710033e-01
   43        7.048855e-01
   44       -4.658468e-01
   45       -5.119868e-01
   46       -7.804955e-01
   47        9.081378e-02
   48        5.303598e-01
   49        6.114855e-01
   50        1.580462e+00
   51       -9.833640e-01
   52        8.630185e-01
   53        7.919053e-01
   54       -4.382262e+00
   55       -5.301984e-01
   56       -3.799026e-01
   57       -6.409274e-02
   58        1.849521e-02
   59       -5.807677e-01
   60       -5.055452e-01
   61        5.357376e-01
   62        6.193864e-01
   63        9.015374e-02
   64       -6.356831e-01
   65        5.653255e+00
   66        3.663072e+00
   67       -5.284434e-01
   68       -1.087557e+00
   69       -1.481355e+00
   70        7.327423e-01
   71        1.841244e+00
   72        1.384370e+00
   73       -3.287366e-01
   74        3.599727e-01
   75       -4.111596e-01
   76        1.681519e+00
   77       -3.135956e-02
   78        3.913925e+00
;
param outliervec:=
    1    1
    2    1
    3    1
    4    1
    5    1
    6    1
    7    0
    8    1
    9    1
   10    1
   11    0
   12    1
   13    0
   14    1
   15    1
   16    1
   17    1
   18    1
   19    0
   20    1
   21    1
   22    0
   23    0
   24    1
   25    1
   26    0
   27    1
   28    1
   29    1
   30    0
   31    1
   32    0
   33    0
   34    1
   35    1
   36    1
   37    0
   38    1
   39    0
   40    0
   41    0
   42    1
   43    1
   44    1
   45    1
   46    1
   47    1
   48    1
   49    1
   50    0
   51    0
   52    1
   53    1
   54    0
   55    0
   56    1
   57    1
   58    0
   59    1
   60    1
   61    1
   62    0
   63    0
   64    1
   65    0
   66    0
   67    1
   68    1
   69    0
   70    1
   71    0
   72    1
   73    1
   74    0
   75    1
   76    1
   77    0
   78    0
;